0
1
2
3
4
5
6
7
19
20
21
22
23
24
25
26
27
62
63
64
74
123
124
125
126
127
128
129
130
131
132
133
134
135
136
280
281
840
841
842
843
932
950
955
956
957
958
1107
1295
1302
1303
1304
1305
1310
1311
1402
1403
1404
1405
1453
1454
1664
1665
1680
1681
1684
1685
1837
1838
1839
1840
1850
1852
1930
1978
1980
1981
2022
2023
2276
2277
2391
2414
2415
2416
2417
2418
2464
2709
2710
2733
2734
2757
2758
2779
2780
2853
2854
2877
2878
2901
2902
2923
2924
2992
2993
2994
3062
3063
3064
3192
3193
3194
3195
3263
3264
3287
3288
3311
3312
3333
3334
3412
3413
3414
3559
3560
3561
3562
3574
3575
3710
3711
3712
3713
3714
3715
3878
3879
4136
4137
4677
4678
4702
4703
4726
4727
4734
4735
4808
4809
4832
4833
4856
4857
4864
4865
4936
4937
4944
4945
4952
4953
4954
4962
4963
4972
4973
4974
4982
4983
4990
4991
4992
5053
5054
5077
5078
5101
5102
5109
5110
5315
5433
5569
5571
5578
5579
5839
5840
5863
5864
5879
5880
5899
5900
5921
5922
5959
5960
5987
5988
6087
6088
6111
6112
6127
6128
6147
6148
6169
6170
6205
6206
6442
6443
6487
6488
6524
6525
6526
6550
6551
6586
6587
7762
7773
7774
7775
8058
8059
8082
8083
8106
8107
8129
8130
8238
8239
8262
8263
8286
8287
8308
8309
8677
8722
8802
8846
8848
8850
8852
8854
8856
8858
8859
8860
8861
8862
8863
8888
8889
8890
8891
8892
8893
8894
8895
8896
8897
8898
8899
9046
9047
9048
9049
9050
9051
9052
9053
9054
9055
9056
9057
9060
9061
9062
9063
9064
9065
9066
9067
9068
9069
9070
9071
9096
9097
9098
9099
9100
9101
9102
9103
9104
9105
9106
9107
9112
9113
9114
9115
9116
9117
9118
9119
9120
9121
9122
9123
9167
9168
9169
9170
9171
9172
9173
9174
9175
9176
9177
9178
9236
9243
9244
9245
9275
9292
9293
9294
9297
9303
9304
9305
10596
10597
10620
10621
10644
10645
10666
10667
11061
11062
11063
11064
11069
11076
11077
11078
11080
11082
11088
11089
11090
11165
11166
11167
11170
11177
11178
11179
11180
11186
11187
11188
11189
11209
11210
11211
11212
11229
11232
11235
11238
11240
11243
11258
11260
11262
11264
11295
11305
11362
11393
11452
11453
11564
11613
11635
11636
11807
11808
11809
11810
11811
11812
11813
11814
11815
11816
11817
11818
11819
11820
11840
11841
12010
12011
12012
12013
12014
12015
12108
12109
12110
12119
12120
12121
12123
12129
12130
12131
12181
12182
12183
12184
12185
12190
12197
12198
12199
12216
12219
12222
12224
12237
12248
12251
12284
12369
12371
12430
12436
12437
12438
12439
12517
12518
12522
12565
12566
12567
12721
13171
13457
14168
14169
14214
14215
14220
14221
14236
14237
14244
14245
14252
14253
14260
14261
14268
14269
14276
14277
14284
14285
14292
14293
14371
14372
14395
14396
14419
14420
14441
14442
14560
14774
14775
14798
14799
14822
14823
14844
14845
14890
14913
14914
14937
14938
14961
14962
14983
14984
15134
15135
15138
15145
15147
15151
15153
15162
15163
15164
15165
15167
15177
15178
15182
15186
15188
15191
15194
15196
15201
15202
15203
15208
15212
15213
15214
15215
15223
15225
15227
15229
15231
15234
15236
15240
15244
15247
15248
15249
15250
15260
15262
15264
15266
15269
15270
15271
15272
15273
15276
15277
15278
15279
15290
15301
15305
15393
15394
15395
15396
15407
15409
15411
15413
15414
15430
15431
15473
15474
15515
15516
15542
15543
15593
15594
15774
15775
15937
15938
16081
16082
16182
16183
16268
16269
16318
16319
16489
16490
16633
16634
16768
16769
16910
16911
17068
17069
17225
17226
17314
17315
17492
17493
17641
17642
17795
17796
17955
17956
17982
17983
18000
18001
18021
18022
18056
18057
18080
18081
18129
18130
18159
18160
18193
18194
18229
18230
18258
18259
18280
18281
18295
18296
18310
18311
18325
18326
18344
18345
18374
18375
18413
18414
18453
18454
18546
18547
18611
18612
18650
18651
18737
18743
18744
18745
18746
18756
18758
18780
18781
18786
18787
18788
18793
18794
18795
18796
18801
18808
18810
18812
18816
18817
18818
18819
18820
18825
18833
18835
18880
18883
18895
18899
18901
18904
18932
18933
18934
18936
18949
18957
18958
18959
18969
18970
18971
18973
18974
18993
19002
19003
19008
19009
19010
19011
19019
19112
19164
19167
19179
19184
19185
19187
19191
19192
19193
19209
19210
19216
19217
19224
19225
19226
19227
19228
19229
19231
19232
19234
19235
19236
19237
19238
19240
19241
19256
19257
19266
19277
19280
19281
19282
19290
19298
19325
19346
19347
19348
19349
19358
19359
19360
19361
19365
19440
19456
19475
19527
19530
19533
19538
19552
19579
19580
19581
19600
19604
19606
19607
19622
19627
19638
19639
19640
19653
19662
19696
19697
19698
19704
19710
19711
19712
19719
19720
19721
19722
19724
19725
19726
19730
19731
19732
19733
19735
19737
19738
19739
19741
19745
19750
19751
19752
19758
19763
19764
19765
19768
19769
19770
19771
19772
19774
19775
19776
19780
19782
19790
19792
19795
19810
19811
19816
19817
19823
19826
19827
19828
19829
19830
19832
19842
19843
19844
19845
19876
19877
19878
19879
19880
19881
19884
19892
19895
19897
19898
19899
19902
19903
19904
19905
19906
19909
19910
19913
19914
19928
19938
19942
19943
19946
19975
19976
19979
19980
19985
19986
19991
19996
19998
20002
20003
20005
20029
20030
20031
20032
20064
20105
20106
20159
20164
20231
20232
20233
20234
20239
20246
20247
20248
20249
20252
20257
20265
20269
20270
20272
20274
20279
20280
20282
20286
20288
20291
20292
20295
20341
20349
20355
20356
20358
20361
20365
20368
20442
20443
20444
20445
20450
20457
20459
20461
20464
20476
20492
20500
20513
20514
20515
20516
20517
20525
20529
20541
20542
20543
20544
20547
20548
20549
20551
20552
20568
20626
20634
20635
20655
20727
20735
20736
20737
20764
20781
20794
20805
20806
20808
20880
21043
21044
21046
21047
21048
21219
21220
21221
21372
21373
21374
21479
21480
21481
21560
21561
21590
21748
21904
21927
22080
22081
22202
22214
22215
22237
22370
22373
22511
22578
22728
22737
22744
22917
22920
23076
23239
23255
23272
23277
23288
23289
23290
23298
23316
23321
23328
23329
23333
23336
23338
23354
23356
23373
23374
23375
23378
23411
23434
23435
23436
23457
23472
23473
23486
23488
23495
23496
23497
23504
23514
23516
23517
23518
23520
23527
23536
23547
23561
23646
23701
23708
23742
23773
23774
23775
23836
23849
23850
23857
23859
23860
23861
23863
23867
23868
23869
23870
23882
24012
24013
24014
24015
24325
24327
24330
24331
24769
24770
24793
24794
24817
24818
24825
24826
24899
24900
24923
24924
24947
24948
24955
24956
25027
25028
25035
25036
25043
25044
25045
25046
25055
25056
25057
25058
25067
25068
25069
25070
25079
25080
25081
25082
25091
25092
25093
25094
25157
25158
25181
25182
25205
25206
25213
25214
25284
25298
25349
25350
25388
25389
25390
25391
25400
25411
25413
25415
25417
25418
25419
25440
25441
25447
25454
25471
25472
25473
25475
25478
25479
25480
25481
25484
25485
25486
25488
25490
25493
25500
25502
25506
25517
25518
25519
25520
25522
25528
25537
25539
25542
25552
25554
25579
25582
25620
25622
25630
25633
25885
25887
25970
25978
25986
25989
26003
26004
26072
26076
26123
26136
26138
26140
26199
26262
26278
26279
26280
26310
26317
26331
26332
26334
26335
26336
26337
26341
26346
26353
26401
26409
26410
26411
26417
26418
26419
26704
26712
26713
26714
26721
26734
26735
26736
26737
26739
26771
26780
26783
26793
26794
26807
26811
26813
26817
26818
26823
26824
26835
26836
26837
26854
26855
26856
26861
26880
26881
26882
27061
27198
27940
28123
28964
28965
28966
28967
28968
28971
29217
29218
29219
29220
29223
29224
29227
29228
29532
29533
29673
29674
29675
29676
29699
29700
29701
29702
29729
29734
29836
29841
29846
29897
29915
29916
29917
29918
29946
29947
29987
29989
29991
29994
29997
29999
30000
30012
30203
30205
30217
30219
30221
30621
30632
30636
30637
30641
30642
30643
30644
30657
30658
30664
30669
30671
30698
30701
30702
30703
30706
30765
30766
31027
31028
31035
31036
31037
31039
31041
31042
31044
31046
31121
31151
31152
31153
31154
31155
31156
31194
31201
31205
31212
31213
31214
31216
31217
31226
31227
31228
31229
31231
31256
31257
31260
31267
31274
31299
31300
31303
31306
31311
31312
31315
31321
31322
31332
31352
31353
31356
31357
31361
31362
31376
31377
31378
31380
31382
31385
31386
31401
31402
31403
31416
31417
31420
31421
31428
31443
31444
31445
31448
31457
31461
31463
31464
31466
31469
31474
31481
31483
31484
31486
31491
31492
31519
31520
31531
31533
31534
31537
31544
31589
31591
31592
31595
31596
31603
31607
31608
31609
31614
31615
31617
31618
31623
31626
31628
31630
31631
31632
31633
31634
31635
31636
31638
31661
31666
31673
31674
31675
31676
31677
31679
31682
31683
31684
31686
31688
31690
31691
31692
31694
31696
31699
31700
31701
31702
31704
31707
31708
31709
31710
31712
31715
31716
31717
31718
31720
31722
31733
31735
31737
31738
31740
31745
31746
31761
31768
31769
31770
31771
31772
31773
31774
31775
31776
31777
31778
31779
31780
31781
31782
31823
31825
31828
31829
31832
31834
31837
31839
31841
31843
31846
31848
31849
31850
31851
31852
31853
31854
31855
31856
31857
31858
31860
31861
31862
31863
31864
31865
31866
31867
31868
31869
31870
31871
31879
31890
31892
31893
31894
31899
31903
31912
31917
31925
31926
31927
31930
31935
31937
31940
31942
31943
31944
31945
31994
32002
32017
32020
32021
32022
32034
32035
32036
32037
32039
32040
32043
32044
32045
32052
32054
32059
32061
32063
32068
32070
32073
32074
32075
32076
32077
32079
32080
32081
32091
32093
32095
32096
32098
32102
32103
32106
32108
32110
32111
32113
32114
32115
32116
32117
32119
32121
32122
32123
32124
32125
32126
32127
32128
32129
32130
32131
32132
32133
32134
32135
32136
32137
32142
32249
32278
32282
32333
32337
32348
32349
32350
32351
32352
32356
32364
32372
32373
32374
32375
32377
32398
32401
32408
32409
32410
32411
32414
32421
32425
32469
32482
32483
32484
32486
32498
34189
34196
34197
34198
34200
34203
34205
34207
34208
34209
34212
34215
34228
34229
34230
34238
34284
34303
34304
34331
34334
34335
34338
34421
34425
34426
34452
34454
34489
34490
34492
34511
34518
34520
34521
34522
34523
34528
34533
34536
34538
34539
34544
34548
34549
34550
34551
34552
34555
34561
34562
34565
34568
34576
34577
34578
34579
34582
34584
34586
34588
34591
34597
34598
34599
34600
34602
34604
34607
34608
34610
34666
34667
34674
34712
34713
34755
34756
34761
34762
34777
34778
34785
34786
34793
34794
34801
34802
34809
34810
34817
34818
34825
34826
34833
34834
34862
34870
34871
34872
34935
34972
34973
34974
34977
34978
34979
34980
34987
34998
35009
35010
35011
35020
35023
35026
35029
35032
35036
35038
35039
35040
35041
35042
35043
35045
35046
35048
35049
35051
35052
35054
35055
35056
35057
35059
35060
35062
35063
35064
35065
35066
35067
35068
35069
35070
35071
35072
35079
35080
35081
35082
35094
35095
35121
35129
35131
35135
35136
35137
35138
35139
35140
35141
35142
35143
35144
35145
35146
35147
35148
35207
35208
35209
35222
35223
35224
35245
35246
35247
35255
35256
35257
35260
35261
35262
35265
35266
35269
35270
35272
35273
35275
35278
35279
35280
35284
35337
35455
35467
35468
35469
35474
35475
35476
35493
35527
35557
35569
35570
35571
35576
35577
35579
35580
35583
35584
35585
35588
35590
35595
35596
35599
35600
35601
35604
35672
35676
35679
35680
35681
35685
35698
35699
35703
35706
35707
35708
35710
35714
35721
35725
35726
35729
35735
35737
35740
35742
35743
35744
35745
35746
35754
35755
35758
35759
35760
35780
35782
35784
35786
35791
35792
35793
35801
35802
35807
35814
35815
35816
35818
35820
35823
35824
35826
35986
36025
36065
36147
36148
36282
36283
36289
36290
36291
36292
36293
36294
36313
36419
36426
36427
36428
36432
36437
36451
36452
36461
36462
36491
36582
36583
36588
36589
36606
36607
36624
36625
36680
36681
36732
36733
36746
36747
36759
36760
36764
36765
36966
36967
36990
36991
37014
37015
37036
37037
37100
37101
37151
37152
37244
37245
37268
37269
37292
37293
37314
37315
37400
37401
37402
37407
37430
37432
37442
37443
37446
37461
37462
37466
37471
37472
37478
37479
37480
37481
37482
37492
37493
37494
37524
37525
37526
37744
37787
37788
37796
37797
37798
37809
37810
37825
37829
37830
37831
37834
37841
37843
37844
37974
37975
38003
38004
38005
38006
38007
38054
38058
38119
38174
38175
38178
38183
38184
38187
38192
38193
38253
38258
38261
38262
38263
38265
38286
38288
38498
38499
38522
38523
38546
38547
38568
38569
38634
38637
38648
38651
38719
38720
38727
38777
38778
38835
38836
38883
38885
38898
38899
38907
38916
38917
38948
38949
38950
38951
38952
38984
38985
38988
39012
39019
39021
39023
39024
39033
39036
39037
39038
39046
39047
39048
39054
39057
39058
39059
39087
39092
39094
39106
39107
39109
39115
39125
39127
39128
39131
39148
39155
39156
39157
39159
39161
39165
39166
39169
39191
39192
39204
39205
39226
39227
39276
39278
39280
39283
39286
39290
39292
39294
39296
39300
39309
39310
39312
39313
39318
39319
39330
39331
39352
39353
39359
39360
39376
39377
39378
39379
39380
39407
39408
39413
39414
39447
39448
39457
39458
39527
39528
39535
39536
39543
39544
39551
39552
39571
39572
39597
39598
39630
39631
39669
39670
39672
39673
39680
39681
39691
39692
39752
39754
39756
39758
39760
39762
39765
39768
39784
39785
39824
39926
39927
39928
39934
39953
39954
39955
39956
39960
39971
39972
39973
39981
39989
39990
40035
40046
40047
40050
40054
40072
40073
40075
40096
40097
40125
40126
40127
40137
40138
40158
40159
40163
40164
40168
40171
40173
40176
40177
40178
40180
40181
40182
40183
40184
40185
40186
40187
40188
40189
40262
40265
40299
40349
40350
40373
40374
40397
40398
40419
40420
40461
40465
40488
40495
40496
40497
40498
40503
40504
40505
40506
40507
40512
40513
40514
40515
40516
40518
40519
40520
40534
40535
40536
40539
40564
40566
40567
40572
40586
40593
40596
40601
40602
40603
40604
40611
40618
40619
40620
40621
40622
40623
40627
40628
40630
40632
40635
40638
40639
40642
40643
40645
40646
40649
40651
40658
40659
40660
40661
40663
40666
40668
40686
40689
40690
40692
40693
40696
40697
40700
40701
40702
40703
40704
40705
40708
40709
40711
40747
40749
40751
40755
40758
40776
40777
40778
40783
40784
40791
40798
40800
40801
40802
40803
40806
40814
40815
40816
40819
40821
40822
40823
40824
40826
40827
40829
40831
40834
40836
40837
40838
40844
40845
40846
40849
40851
40853
40854
40864
40871
40891
40892
40893
40894
40896
40897
40899
40901
40902
40925
40928
40944
40945
40947
40948
40952
40953
40962
40964
40971
40973
40976
40978
40984
40986
40993
41000
41002
41009
41010
41018
41019
41027
41028
41030
41032
41036
41037
41044
41046
41053
41055
41063
41065
41069
41071
41077
41079
41080
41091
41093
41103
41104
41113
41114
41122
41123
41129
41130
41132
41140
41171
41190
41235
41264
41293
41294
41303
41304
41305
41320
41336
41337
41338
41341
41360
41361
41362
41374
41383
41384
41385
41386
41391
41392
41393
41394
41397
41398
41400
41401
41402
41403
41405
41406
41414
41417
41422
41423
41447
41448
41449
41455
41462
41463
41464
41466
41467
41470
41471
41474
41475
41478
41479
41482
41483
41484
41485
41486
41487
41490
41491
41497
41502
41505
41512
41519
41522
41523
41541
41542
41543
41544
41554
41555
41556
41558
41560
41565
41566
41567
41644
41646
41647
41650
41651
41654
41670
41671
41673
41681
41682
41683
41684
41691
41692
41695
41711
41714
41716
41724
41728
41736
41749
41773
41828
41835
41838
41852
41856
41935
41936
42426
42668
42670
42768
42770
42771
42774
42776
42778
42823
42824
42934
42975
42978
42997
43008
43013
43016
43020
43026
43027
43028
43029
43032
43035
43143
43144
43145
43148
43153
43154
43170
43202
43203
43204
43205
43217
43223
43233
43235
43237
43250
43251
43252
43253
43290
43291
43314
43315
43338
43339
43360
43361
43400
43401
43410
43411
43412
43428
43429
43430
43433
43437
43443
43444
43445
43446
43447
43450
43451
43452
43455
43457
43463
43464
43465
43467
43468
43472
43473
43474
43477
43497
43498
43500
43501
43503
43506
43508
43589
43595
43604
43605
43606
43615
43619
43620
43621
43624
43670
43797
43806
43815
43816
43821
43822
43823
43854
43857
43867
43868
43869
43878
43879
43880
43886
43891
43892
43893
43894
43899
43904
43905
43906
43912
43918
43919
43920
43931
43932
43933
43938
43939
43940
43941
43942
43944
43951
43961
43962
43966
43967
43972
43975
43978
43979
43980
43982
43983
43984
43986
43997
44002
44003
44004
44013
44051
44052
44053
44055
44063
44066
44071
44072
44075
44076
44080
44087
44097
44098
44099
44108
44109
44110
44118
44119
44120
44128
44131
44134
44142
44143
44144
44147
44150
44154
44166
44167
44168
44174
44177
44178
44179
44180
44181
44182
44184
44187
44188
44189
44192
44195
44196
44198
44199
44202
44204
44235
44236
44240
44247
44260
44261
44262
44280
44281
44282
44289
44290
44293
44306
44310
44311
44320
44321
44324
44329
44332
44353
44354
44355
44356
44362
44363
44367
44376
44378
44379
44385
44401
44404
44405
44407
44462
44494
44523
44525
44557
44573
44574
44575
44638
44639
44640
44641
44643
44644
44646
44649
44650
44654
44657
44658
44659
44660
44662
44722
44723
44724
44725
44726
44750
44751
44769
44770
44772
44819
44828
44829
44832
44833
44834
44835
44836
44837
44838
44839
44840
44844
44860
44866
44867
44870
44871
44881
44884
44890
44911
44920
44929
44967
45016
45161
45238
45265
45402
45430
45444
45514
45536
45603
45639
45679
45693
45756
45849
45855
45997
46322
46451
46492
46537
46622
46623
46645
46646
46647
46648
46734
46838
46839
46867
46868
46886
46887
46914
46941
47010
47113
47163
47166
47169
47178
47179
47180
47186
47189
47199
47200
47201
47209
47210
47211
47212
47213
47214
47216
47217
47221
47222
47223
47225
47227
47228
47229
47231
47234
47235
47236
47261
47262
47303
47306
47307
47308
47309
47322
47323
47324
47325
47328
47329
47335
47336
47339
47345
47346
47349
47352
47366
47376
47384
47397
47406
47407
47408
47430
47456
47457
47460
47473
47474
47476
47509
47511
47516
47517
47518
47519
47520
47521
47522
47523
47524
47526
47528
47530
47531
47533
47536
47537
47538
47540
47542
47544
47546
47547
47550
47551
47553
47554
47555
47556
47557
47559
47560
47566
47568
47575
47576
47577
47578
47579
47604
47606
47607
47608
47609
47610
47611
47612
47613
47616
47617
47618
47619
47620
47626
47641
47642
47647
47648
47649
47650
47676
47679
47680
47681
47682
47683
47684
47703
47704
47705
47708
47710
47712
47713
47714
47715
47717
47718
47719
47720
47721
47723
47725
47726
47727
47729
47730
47734
47735
47740
47742
47749
47759
47764
47765
47770
47772
47778
47782
47814
47838
47841
47844
47847
47854
47855
47856
47870
47875
47876
47879
47884
47885
47886
47891
47894
47896
47898
47902
47904
47907
47908
47909
47910
47919
47920
47921
47925
47926
47928
47929
47930
47931
47934
47935
47936
47937
47938
47939
47941
47942
47954
47962
47971
47984
47987
47988
47989
47990
47991
47993
47994
48006
48007
48008
48030
48031
48032
48033
48034
48037
48039
48040
48041
48042
48043
48044
48045
48047
48049
48052
48055
48056
48057
48058
48064
48065
48076
48099
48100
48101
48102
48103
48104
48119
48120
48124
48126
48129
48143
48144
48145
48154
48156
48160
48161
48164
48174
48178
48179
48180
48183
48204
48205
48206
48207
48208
48210
48211
48212
48213
48214
48215
48248
48256
48257
48290
48291
48292
48293
48294
48299
48300
48344
48348
48350
48351
48352
48353
48354
48503
48504
48505
48506
48507
48508
48509
48677
48682
48683
48684
48855
48856
48983
49178
49347
49376
49393
49565
49586
49587
49588
49589
49590
49591
49592
49593
49594
49598
49652
49671
49778
49790
49793
49800
49802
49804
49806
49808
49809
49810
49814
49816
49819
49824
49825
49826
49829
49831
49834
49835
49852
49892
49893
49895
49944
50002
50009
50022
50023
50024
50025
50026
50028
50034
50037
50042
50043
50046
50047
50051
50239
50262
50263
50264
50266
50267
50268
50269
50282
50286
50287
50288
50289
50290
50303
50317
50319
50351
50352
50353
50354
50356
50362
50363
50364
50365
50423
50424
50426
50453
50493
50513
50548
50550
50551
50552
50557
50558
50567
50638
50639
50641
50646
50721
50733
50825
50826
50835
50836
50837
50851
50852
50902
50903
50904
50910
50914
50955
50958
50961
50999
51000
51015
51017
51021
51024
51025
51026
51027
51029
51115
51145
51153
51158
51159
51160
51161
51210
51378
51382
51387
51388
51389
51390
51393
51395
51397
51399
51401
51402
51447
51506
51508
51509
51511
51542
51566
51568
51589
51594
51595
51596
51597
51598
51599
51604
51629
51630
51653
51654
51660
51661
51662
51663
51665
51673
51674
51675
51676
51677
51687
51690
51693
51698
51699
51704
51705
51712
51718
51725
51771
51774
51798
51799
51803
51819
51846
51851
51852
51864
51865
51867
51868
51888
51890
51892
51894
51895
51903
51904
51905
51906
51907
51932
51961
51986
52011
52047
52048
52071
52080
52087
52097
52114
52115
52124
52126
52128
52129
52131
52132
52148
52160
52161
52165
52168
52169
52170
52175
52189
52196
52197
52198
52199
52203
52215
52216
52217
52218
52221
52225
52244
52255
52267
52292
52313
52337
52366
52386
52413
52421
52430
52467
52468
52471
52472
52491
52504
52506
52517
52520
52548
52549
52550
52552
52554
52555
52593
52613
52619
52625
52734
52736
52737
52744
52745
52746
52747
52748
52750
52751
52753
52754
52756
52757
52758
52759
52761
52762
52763
52764
52765
52767
52768
52769
52770
52873
52874
52875
52877
52895
52904
52905
52906
52909
52912
52913
52915
52926
52927
52928
52932
52949
52950
52951
52965
52966
52971
52975
52987
53005
53008
53010
53012
53016
53032
53048
53061
53065
53066
53067
53070
53072
53073
53097
53104
53105
53106
53110
53123
53128
53129
53132
53137
53143
53144
53145
53147
53151
53153
53155
53161
53163
53164
53165
53168
53169
53171
53172
53176
53179
53181
53182
53183
53184
53188
53191
53192
53199
53202
53205
53207
53225
53250
53253
53256
53259
53260
53261
53262
53263
53264
53265
53268
53269
53270
53275
53280
53283
53298
53307
53317
53318
53322
53323
53324
53327
53334
53335
53337
53341
53342
53349
53352
53366
53369
53388
53395
53403
53406
53407
53408
53411
53413
53414
53417
53433
53441
53449
53452
53453
53454
53455
53457
53458
53459
53460
53461
53466
53467
53468
53475
53476
53477
53480
53481
53483
53486
53487
53489
53492
53493
53494
53500
53513
53526
53533
53536
53537
53538
53540
53542
53543
53544
53545
53557
53558
53581
53582
53605
53606
53617
53630
53631
53665
53668
53695
53696
53697
53698
53701
53703
53709
53713
53718
53721
53722
53726
53728
53729
53731
53736
53737
53746
53747
53748
53750
53758
53768
53770
53791
53792
53793
53804
53805
53815
53816
53818
53819
53820
53821
53832
53835
53836
53847
53848
53849
53850
53851
53852
53865
53871
53875
53876
53877
53878
53884
53887
53891
53898
53899
53912
53914
53916
53917
53918
53919
53920
53921
53922
53927
53928
53929
53930
53931
53936
53939
53961
53962
53963
53964
53968
53971
53972
53973
53974
53990
53993
53994
53995
53996
53997
54002
54014
54028
54029
54030
54032
54037
54051
54052
54065
54066
54082
54090
54091
54092
54097
54103
54121
54124
54125
54126
54127
54128
54134
54147
54149
54150
54151
54152
54154
54156
54160
54173
54191
54193
54207
54210
54214
54215
54220
54222
54223
54224
54225
54227
54228
54229
54230
54234
54235
54236
54237
54239
54240
54245
54246
54248
54259
54261
54265
54266
54267
54269
54275
54277
54278
54280
54281
54282
54283
54284
54288
54289
54290
54291
54292
54305
54318
54319
54320
54325
54336
54340
54341
54342
54343
54344
54345
54349
54361
54362
54365
54367
54368
54369
54377
54378
54381
54382
54384
54385
54391
54392
54396
54397
54398
54399
54404
54405
54406
54407
54439
54443
54444
54445
54446
54451
54456
54460
54502
54503
54507
54521
54530
54539
54578
54579
54582
54600
54601
54602
54603
54604
54605
54616
54617
54618
54620
54626
54629
54640
54654
54680
54701
54713
54716
54719
54720
54721
54723
54731
54732
54733
54734
54735
54736
54737
54760
54772
54773
54790
54791
54792
54795
54801
54802
54824
54825
54827
54828
54829
54830
54832
54833
54834
54836
54868
54881
54884
54887
54888
54889
54895
54896
54897
54902
54904
54907
54909
54911
54912
54913
54914
54922
54963
54966
54990
54992
55115
55117
55118
55119
55122
55124
55127
55150
55153
55160
55163
55164
55165
55166
55196
55197
55198
55201
55203
55205
55206
55210
55213
55215
55217
55232
55235
55239
55242
55261
55264
55266
55275
55278
55288
55289
55290
55302
55314
55315
55319
55322
55331
55332
55335
55336
55342
55346
55347
55354
55355
55361
55364
55365
55366
55367
55370
55374
55380
55386
55387
55389
55390
55394
55395
55405
55411
55414
55415
55418
55421
55424
55432
55433
55434
55436
55440
55442
55443
55445
55446
55447
55448
55450
55451
55452
55455
55470
55471
55472
55486
55489
55492
55503
55505
55545
55546
55547
55557
55565
55566
55571
55573
55574
55575
55598
55599
55600
55601
55602
55603
55604
55605
55606
55607
55608
55609
55611
55625
55626
55637
55638
55639
55645
55646
55647
55648
55649
55650
55654
55655
55656
55679
55680
55681
55682
55683
55684
55688
55689
55690
55695
55704
55716
55748
55767
55768
55770
55786
55787
55789
55790
55791
55792
55793
55794
55802
55803
55805
55807
55809
55810
55812
55813
55817
55818
55819
55820
55821
55822
55824
55825
55827
55831
55844
55845
55846
55847
55848
55853
55856
55861
55867
55868
55869
55870
55871
55872
55874
55875
55879
55880
55881
55882
55890
55891
55892
55893
55895
55896
55897
55899
55901
55909
55911
55912
55914
55916
55917
55919
55923
55924
55931
55932
55934
55945
55946
55947
55949
55950
55953
55956
55960
55964
55965
55970
55971
55976
55980
55985
55986
55989
55994
55995
55996
55999
56000
56001
56002
56003
56004
56006
56007
56008
56010
56011
56012
56013
56015
56016
56018
56020
56021
56022
56023
56027
56030
56038
56040
56042
56051
56056
56058
56062
56077
56083
56084
56085
56109
56112
56139
56140
56144
56217
56260
56267
56305
56317
56320
56327
56328
56329
56330
56331
56332
56334
56339
56340
56341
56342
56347
56348
56352
56353
56354
56355
56356
56358
56359
56361
56362
56363
56364
56365
56369
56370
56371
56372
56373
56377
56382
56383
56384
56385
56389
56392
56399
56401
56402
56405
56411
56412
56413
56414
56415
56416
56417
56423
56425
56435
56439
56440
56443
56455
56468
56479
56485
56488
56493
56494
56495
56496
56497
56499
56500
56501
56503
56505
56507
56508
56516
56517
56536
56537
56539
56541
56544
56545
56546
56547
56548
56551
56552
56554
56555
56556
56560
56561
56572
56575
56578
56583
56584
56589
56594
56596
56597
56598
56600
56618
56663
56666
56669
56670
56679
56687
56728
56745
56748
56751
56752
56753
56754
56757
56760
56766
56778
56782
56783
56784
56787
56793
56798
56812
56832
56833
56834
56838
56839
56840
56842
56848
56872
56873
56876
56878
56885
56904
56906
56907
56908
56909
56910
56911
56912
56914
56918
56919
56920
56921
56923
56924
56925
56927
56928
56934
56935
56937
56943
56964
56965
56979
56981
56983
56984
56985
56986
56987
56988
56989
57000
57001
57002
57003
57005
57006
57007
57009
57012
57013
57015
57018
57019
57020
57021
57022
57025
57031
57032
57033
57034
57036
57038
57043
57044
57046
57048
57055
57056
57057
57062
57065
57066
57073
57076
57083
57096
57102
57103
57107
57108
57111
57112
57113
57114
57116
57122
57123
57124
57125
57128
57129
57130
57131
57150
57162
57164
57166
57173
57175
57176
57177
57178
57182
57188
57189
57190
57192
57195
57204
57205
57206
57207
57208
57209
57211
57213
57214
57215
57222
57223
57226
57227
57232
57235
57236
57239
57241
57242
57243
57246
57248
57250
57251
57252
57255
57257
57258
57261
57262
57264
57265
57266
57267
57268
57271
57272
57277
57278
57282
57314
57316
57317
57318
57319
57321
57332
57333
57334
57337
57338
57339
57340
57347
57348
57349
57353
57354
57355
57356
57357
57358
57360
57361
57365
57366
57369
57372
57373
57375
57376
57377
57378
57379
57380
57382
57387
57388
57392
57395
57401
57402
57403
57404
57406
57407
57408
57409
57412
57417
57418
57419
57420
57421
57422
57423
57424
57425
57426
57432
57433
57434
57441
57442
57444
57458
57459
57460
57468
57469
57470
57481
57482
57483
57484
57485
57499
57500
57501
57502
57503
57515
57517
57523
57525
57528
57529
57530
57539
57540
57541
57542
57543
57558
57564
57570
57571
57572
57578
57583
57584
57588
57597
57608
57625
57626
57627
57646
57651
57654
57659
57660
57669
57670
57674
57679
57682
57684
57688
57692
57702
57703
57707
57718
57740
57752
57756
57773
57774
57775
57776
57780
57781
57786
57790
57791
57800
57803
57804
57818
57823
57826
57829
57832
57835
57852
57878
57879
57887
57895
57898
57899
57906
57909
57932
57933
57945
57946
57947
57953
57954
57956
57957
57958
57960
57964
57966
57967
57968
57971
57972
57973
57974
57975
57978
57980
57981
57982
57983
57987
57988
57989
57992
57994
58008
58009
58010
58011
58012
58014
58017
58018
58019
58020
58022
58023
58026
58030
58031
58033
58036
58037
58039
58040
58041
58044
58046
58048
58056
58058
58063
58066
58067
58068
58071
58074
58079
58082
58083
58086
58087
58101
58113
58114
58115
58125
58138
58139
58140
58155
58156
58157
58158
58159
58161
58162
58163
58165
58168
58171
58172
58175
58176
58177
58178
58179
58184
58186
58197
58198
58204
58205
58208
58215
58216
58219
58223
58231
58232
58233
58236
58238
58240
58241
58243
58247
58250
58254
58263
58264
58265
58266
58268
58269
58276
58286
58287
58295
58298
58300
58303
58314
58327
58328
58329
58331
58332
58333
58336
58338
58340
58343
58345
58347
58350
58355
58364
58373
58377
58383
58384
58387
58388
58389
58390
58391
58393
58395
58396
58398
58399
58407
58410
58411
58412
58413
58415
58416
58419
58420
58424
58426
58427
58433
58437
58438
58439
58443
58448
58532
58536
58563
58564
58568
58572
58575
58581
58605
58608
58612
58613
58614
58615
58618
58619
58621
58623
58627
58629
58633
58634
58639
58642
58643
58644
58645
58648
58649
58659
58660
58665
58669
58670
58671
58679
58680
58693
58715
58724
58725
58728
58729
58730
58751
58754
58755
58779
58780
58781
58793
58796
58797
58806
58807
58808
58825
58826
58827
58843
58844
58845
58867
58869
58895
58896
58897
58912
58914
58916
58917
58918
58919
58922
58923
58924
58925
58928
58954
58955
58958
58969
58970
58971
58973
58975
58981
58982
58987
58990
58992
59003
59007
59009
59012
59023
59025
59056
59067
59070
59071
59072
59138
59143
59146
59151
59153
59155
59156
59157
59158
59161
59162
59163
59164
59171
59172
59174
59177
59178
59182
59185
59192
59196
59198
59202
59207
59208
59209
59210
59257
59260
59265
59271
59279
59281
59284
59285
59286
59287
59305
59306
59309
59312
59316
59319
59321
59323
59325
59328
59329
59337
59339
59354
59355
59360
59377
59380
59383
59387
59388
59396
59400
59402
59404
59407
59408
59413
59420
59425
59427
59516
59517
59518
59521
59529
59532
59534
59536
59537
59542
59552
59600
59601
59607
59610
59614
59615
59618
59619
59621
59622
59661
59662
59688
59689
59739
59740
59816
59910
59932
59933
60081
60087
60088
60094
60231
60232
60243
60349
60350
60356
60438
60439
60519
60520
60695
60696
60711
60712
60715
60718
60721
60874
60875
60994
60995
61136
61137
61278
61279
61421
61422
61500
61501
61664
61665
61787
61788
61911
61912
61919
61922
61925
62032
62033
62035
62062
62063
62075
62078
62096
62097
62103
62104
62105
62108
62111
62112
62115
62117
62133
62134
62154
62162
62163
62181
62182
62188
62189
62190
62191
62192
62195
62196
62199
62200
62204
62209
62212
62213
62218
62221
62222
62223
62225
62241
62242
62277
62306
62307
62308
62309
62310
62311
62316
62317
62320
62321
62328
62329
62331
62334
62339
62340
62347
62348
62349
62350
62351
62354
62355
62356
62359
62361
62379
62380
62381
62382
62385
62386
62388
62394
62395
62400
62401
62425
62426
62460
62461
62493
62494
62516
62517
62539
62540
62554
62555
62570
62571
62587
62588
62596
62598
62599
62600
62601
62627
62643
62644
62683
62684
62690
62696
62713
62717
62726
62727
62736
62757
62763
62766
62773
62775
62780
62781
62795
62796
62805
62806
62807
62809
62810
62811
62813
62814
62817
62818
62820
62821
62822
62823
62827
62839
62840
62862
62863
62864
62865
62866
62867
62868
62876
62877
62878
62879
62881
62884
62885
62886
62890
62891
62897
62898
62899
62900
62901
62902
62911
62912
62913
62919
62922
62928
62933
62940
62941
62948
62963
62980
63002
63015
63017
63020
63021
63022
63024
63034
63038
63039
63040
63052
63089
63096
63103
63109
63117
63156
63158
63179
63194
63200
63204
63206
63208
63215
63225
63226
63228
63229
63231
63247
63263
63264
63265
63271
63272
63295
63318
63324
63325
63326
63327
63331
63350
63351
63352
63355
63356
63357
63360
63362
63363
63367
63369
63371
63377
63424
63425
63427
63430
63435
63436
63437
63438
63439
63440
63441
63449
63450
63460
63462
63463
63473
63499
63513
63520
63524
63562
63563
63566
63585
63613
63636
63637
63640
63672
63688
63689
63733
63751
63753
63761
63762
63770
63771
63772
63776
63778
63828
63832
63844
63846
63855
63856
63859
63864
63867
63868
63903
63904
63907
63908
63909
63910
63911
63912
63914
63916
63974
63980
64005
64006
64007
64013
64202
64209
64224
64225
64226
64314
64317
64331
64389
64424
64428
64429
64430
64431
64445
64468
64517
64519
64529
64591
64593
64721
64777
64784
64830
64888
64890
64894
64968
64973
65089
65095
65098
65152
65217
65220
65227
65228
65295
65299
65300
65301
65458
65533
65541
65546
65578
65580
65764
66076
66077
66079
66199
66203
66205
66208
66212
66213
66223
66227
66228
66229
66230
66261
66264
66329
66338
66345
66349
66354
66355
66356
66359
66363
66365
66367
66369
66373
66374
66378
66381
66390
66391
66392
66393
66394
66396
66397
66399
66411
66416
66465
66466
66469
66470
66471
66472
66473
66474
66475
66480
66481
66488
66489
66490
66495
66496
66504
66520
66525
66594
66596
66597
66598
66599
66600
66602
66605
66607
66609
66610
66667
66668
66671
66673
66733
66761
66772
66773
66777
66778
66780
66783
66784
66785
66786
66788
66789
66791
66792
66799
66800
66803
66842
66845
66865
66866
66867
66869
66871
66872
66876
66878
66879
66880
66886
66890
66897
66906
66907
66908
66909
66910
66911
66916
66917
66918
66919
66924
66940
66946
66962
66977
66978
66979
66980
66984
66990
66991
66995
66996
66997
66999
67000
67001
67002
67004
67006
67009
67012
67014
67032
67033
67034
67074
67075
67076
67100
67103
67104
67105
67112
67113
67127
67128
67129
67130
67185
67195
67196
67197
67198
67202
67203
67237
67245
67246
67279
67286
67287
67290
67292
67298
67303
67309
67345
67346
67354
67377
67378
67379
67380
67381
67383
67400
67423
67426
67429
67433
67434
67436
67440
67441
67442
67443
67444
67445
67458
67459
67460
67461
67462
67465
67466
67474
67480
67481
67482
67484
67485
67487
67492
67493
67494
67496
67498
67501
67503
67504
67505
67511
67512
67513
67515
67516
67518
67519
67520
67521
67522
67525
67526
67529
67535
67536
67538
67540
67548
67549
67550
67551
67553
67555
67556
67559
67566
67574
67575
67584
67585
67586
67593
67594
67611
67612
67614
67623
67624
67633
67644
67664
67665
67670
67678
67682
67683
67694
67695
67698
67699
67700
67701
67702
67706
67707
67716
67752
67753
67754
67755
67756
67757
67760
67761
67762
67763
67768
67769
67775
67776
67777
67778
67781
67793
67794
67795
67796
67799
67801
67804
67806
67809
67810
67811
67812
67816
67817
67818
67820
67821
67831
67835
67836
67852
67857
67858
67863
67871
67874
67875
67886
67887
67888
67890
67897
67901
67904
67911
67916
67919
67925
67930
67931
67936
67952
67957
67959
67963
67965
67968
67971
67972
67973
67974
67980
67982
67987
68029
68036
68048
68049
68060
68062
68067
68070
68071
68078
68080
68081
68083
68091
68096
68098
68118
68119
68120
68129
68130
68137
68138
68142
68143
68144
68145
68146
68147
68149
68150
68151
68153
68154
68176
68183
68193
68198
68202
68209
68212
68213
68214
68215
68230
68231
68232
68233
68234
68235
68236
68239
68240
68242
68244
68245
68247
68249
68250
68252
68254
68259
68263
68265
68267
68271
68300
68303
68304
68307
68308
68309
68311
68312
68318
68328
68331
68332
68334
68340
68341
68342
68346
68347
68351
68352
68353
68354
68355
68356
68357
68362
68370
68374
68375
68384
68385
68393
68396
68398
68400
68404
68407
68410
68411
68417
68419
68420
68422
68423
68424
68425
68426
68429
68430
68431
68440
68443
68444
68445
68447
68448
68449
68452
68453
68454
68455
68459
68461
68464
68479
68481
68496
68497
68502
68507
68508
68514
68517
68519
68525
68531
68539
68540
68541
68552
68553
68556
68562
68567
68568
68570
68571
68572
68575
68576
68577
68585
68586
68588
68591
68592
68603
68605
68606
68608
68613
68615
68624
68626
68628
68630
68635
68636
68638
68640
68641
68644
68646
68647
68648
68649
68655
68670
68671
68672
68673
68674
68676
68687
68688
68689
68694
68699
68700
68704
68705
68709
68715
68716
68729
68731
68738
68741
68742
68744
68745
68746
68755
68756
68763
68771
68773
68774
68777
68782
68783
68784
68785
68813
68815
68823
68824
68825
68840
68841
68842
68847
68848
68854
68855
68857
68858
68859
68861
68862
68863
68865
68866
68879
68882
68885
68888
68890
68892
68893
68894
68898
68900
68901
68952
68953
68954
68955
68962
68974
68997
69024
69026
69027
69028
69029
69030
69032
69033
69037
69041
69042
69051
69052
69053
69054
69055
69058
69059
69061
69064
69065
69066
69067
69072
69081
69082
69083
69084
69108
69123
69124
69125
69126
69127
69132
69135
69138
69141
69149
69152
69155
69156
69175
69176
69177
69182
69185
69186
69194
69197
69198
69199
69200
69203
69207
69208
69209
69210
69213
69214
69224
69225
69228
69229
69236
69252
69254
69257
69258
69260
69270
69271
69273
69277
69283
69285
69289
69291
69294
69310
69316
69317
69318
69322
69323
69324
69325
69332
69334
69336
69340
69342
69360
69362
69370
69384
69388
69391
69392
69393
69394
69395
69396
69409
69410
69412
69414
69416
69419
69421
69422
69426
69427
69428
69432
69434
69437
69439
69451
69453
69456
69459
69462
69468
69470
69472
69482
69484
69485
69486
69487
69488
69493
69505
69517
69519
69520
69522
69526
69530
69531
69543
69547
69548
69552
69553
69558
69560
69568
69570
69573
69575
69579
69581
69584
69596
69599
69605
69606
69631
69633
69642
69646
69647
69648
69649
69662
69671
69672
69673
69674
69688
69699
69702
69715
69724
69741
69749
69752
69753
69761
69762
69763
69764
69768
69769
69778
69783
69784
69785
69787
69808
69852
69870
69873
69912
69928
69929
69930
69933
69934
69935
69936
69937
69942
69947
69948
69949
69950
69952
69954
69963
69965
69968
69970
69975
69977
69985
69986
69989
69991
69995
70002
70017
70023
70034
70041
70050
70057
70065
70066
70067
70068
70083
70090
70092
70094
70096
70098
70105
70183
70198
70203
70204
70207
70214
70215
70216
70217
70247
70248
70249
70251
70255
70257
70266
70267
70268
70270
70271
70273
70275
70277
70278
70280
70282
70283
70285
70287
70289
70290
70293
70295
70297
70298
70300
70302
70303
70307
70308
70309
70310
70311
70312
70319
70335
70345
70353
70355
70438
70439
70440
70441
70446
70447
70448
70449
70455
70456
70457
70458
70461
70462
70466
70467
70470
70471
70472
70473
70503
70504
70505
70506
70509
70510
70512
70513
70518
70519
70520
70521
70523
70532
70561
70562
70563
70564
70565
70567
70568
70569
70573
70574
70576
70581
70582
70583
70584
70586
70599
70600
70601
70604
70606
70608
70614
70620
70621
70622
70623
70629
70630
70631
70632
70633
70635
70637
70650
70651
70652
70653
70655
70659
70663
70672
70673
70674
70675
70676
70685
70686
70687
70688
70689
70690
70691
70692
70706
70707
70708
70709
70714
70718
70721
70729
70730
70732
70738
70739
70740
70741
70756
70757
70759
70761
70763
70767
70769
70771
70776
70777
70782
70783
70804
70806
70812
70814
70816
70822
70828
70829
70833
70835
70838
70839
70841
70843
70845
70846
70852
70898
70899
70900
70901
70905
70913
70966
70969
70973
70976
70980
70981
70983
70984
70992
70993
70994
71005
71008
71013
71014
71016
71017
71019
71021
71023
71027
71029
71030
71054
71055
71057
71058
71059
71060
71062
71063
71064
71066
71067
71068
71070
71071
71073
71074
71076
71078
71083
71095
71096
71097
71099
71101
71103
71105
71107
71108
71109
71110
71113
71119
71126
71132
71133
71134
71137
71139
71141
71147
71159
71164
71166
71167
71169
71172
71173
71174
71176
71181
71183
71185
71197
71214
71223
71224
71225
71226
71237
71238
71239
71240
71244
71248
71254
71264
71282
71283
71291
71292
71293
71296
71298
71302
71306
71308
71312
71315
71318
71321
71324
71327
71328
71330
71332
71334
71336
71338
71340
71341
71344
71347
71350
71354
71363
71364
71365
71389
71391
71392
71393
71394
71416
71417
71418
71420
71422
71424
71429
71430
71440
71451
71462
71463
71464
71465
71466
71469
71475
71480
71481
71484
71485
71486
71493
71494
71495
71501
71502
71506
71507
71512
71514
71515
71517
71519
71521
71527
71531
71532
71549
71550
71551
71553
71554
71555
71557
71558
71561
71566
71567
71570
71571
71573
71577
71579
71581
71583
71588
71591
71592
71593
71594
71595
71596
71597
71600
71603
71606
71609
71611
71612
71618
71619
71625
71627
71629
71632
71651
71652
71655
71670
71671
71672
71674
71675
71676
71697
71698
71700
71701
71702
71706
71707
71708
71709
71710
71726
71727
71729
71732
71741
71743
71744
71750
71752
71754
71757
71758
71772
71781
71782
71783
71787
71795
71796
71797
71814
71820
71821
71871
71876
71881
71908
71931
71932
71933
71940
71973
71979
71980
71983
71999
72023
72034
72039
72040
72041
72042
72050
72063
72065
72066
72068
72071
72078
72080
72083
72156
72222
72238
72239
72240
72241
72244
72261
72262
72265
72278
72279
72280
72281
72285
72290
72292
72294
72302
72303
72304
72305
72309
72322
72325
72328
72334
72335
72336
72337
72351
72353
72355
72357
72389
72390
72391
72392
72397
72402
72419
72425
72428
72433
72436
72438
72442
72444
72450
72451
72454
72457
72458
72461
72464
72465
72472
72474
72476
72481
72485
72494
72497
72498
72500
72505
72510
72514
72516
72518
72520
72521
72524
72526
72527
72533
72584
72585
72586
72587
72590
72591
72592
72593
72606
72607
72611
72613
72614
72617
72618
72629
72631
72641
72650
72654
72659
72661
72665
72690
72703
72708
72808
72811
72816
72817
72824
72826
72828
72830
72832
72834
72837
72838
72840
72842
72845
72848
72850
72853
72855
72856
72857
72864
72867
72874
72920
72921
72923
72927
72928
72936
72937
72938
72939
72942
72943
72944
72945
72965
72974
72980
72983
72984
72987
72989
72993
72998
73000
73008
73010
73013
73016
73017
73018
73019
73029
73031
73033
73038
73040
73044
73049
73051
73053
73055
73056
73058
73060
73061
73064
73069
73071
73073
73075
73077
73084
73087
73089
73094
73099
73104
73110
73150
73162
73164
73166
73171
73196
73201
73214
73220
73238
73252
73254
73258
73338
73339
73340
73341
73350
73351
73357
73427
73431
73451
73453
73457
73459
73462
73463
73466
73471
73473
73482
73483
73491
73495
73497
73501
73502
73505
73507
73509
73511
73519
73520
73523
73526
73539
73543
73544
73553
73556
73578
73579
73598
73600
73601
73611
73614
73621
73623
73630
73638
73639
73641
73645
73646
73648
73650
73651
73652
73655
73657
73658
73660
73663
73664
73665
73672
73674
73684
73686
73689
73693
73694
73701
73702
73704
73708
73711
73716
73718
73722
73724
73730
73731
73732
73749
73814
73815
73816
73817
73820
73821
73822
73832
73833
73834
73835
73845
73849
73851
73890
73900
73901
73911
73912
73922
73924
73928
73930
73934
73935
73938
73940
73942
73945
73947
73950
73952
73954
73955
73956
73958
73962
73963
73964
73969
73970
73971
73972
73998
74008
74020
74021
74026
74029
74035
74044
74048
74054
74056
74081
74083
74087
74089
74091
74097
74131
74133
74136
74138
74141
74143
74199
74228
74230
74238
74239
74240
74241
74244
74245
74246
74247
74250
74251
74282
74295
74296
74297
74298
74299
74300
74305
74307
74308
74309
74310
74311
74312
74314
74317
74319
74320
74325
74328
74330
74332
74336
74338
74341
74345
74346
74349
74351
74353
74356
74358
74360
74385
74386
74391
74396
74397
74539
74541
74542
74544
74545
74547
74552
74556
74561
74563
74571
74572
74574
74581
74590
74592
74593
74607
74610
74635
74636
74764
74815
74821
74822
74823
74829
74830
74831
74832
74834
74853
74856
74858
74859
74860
74870
74871
74882
74889
74903
74914
74918
74920
74921
74938
74939
74940
74941
74942
74943
74953
74954
74955
74956
74958
75024
75031
75052
75092
75096
75100
75103
75104
75107
75108
75114
75117
75121
75124
75135
75165
75169
75304
75305
75349
75350
75355
75356
75371
75372
75379
75380
75387
75388
75395
75396
75403
75404
75411
75412
75419
75420
75427
75428
75469
75470
75486
75517
75523
75524
75525
75530
75545
75549
75554
75556
75558
75561
75566
75570
75572
75574
75575
75580
75583
75586
75587
75599
75603
75610
75621
75622
75629
75643
75651
75652
75668
75670
75671
75672
75679
75707
75708
75715
75767
75775
75781
75782
75797
75810
75812
75815
75816
75817
75819
75824
75826
75830
75831
75833
75834
75836
75840
75846
75847
75955
75956
75957
75964
75968
75978
75986
75992
75993
75994
75998
75999
76000
76002
76003
76004
76009
76010
76019
76020
76021
76022
76023
76024
76027
76045
76046
76047
76050
76051
76052
76055
76061
76062
76063
76064
76065
76076
76081
76082
76083
76084
76088
76091
76092
76098
76101
76102
76104
76121
76168
76174
76185
76186
76194
76195
76196
76202
76206
76231
76269
76270
76271
76273
76284
76285
76302
76303
76304
76348
76360
76369
76370
76387
76414
76415
76416
76420
76427
76428
76429
76435
76438
76442
76451
76452
76453
76464
76465
76466
76468
76469
76471
76525
76557
76576
76582
76600
76601
76602
76608
76610
76618
76642
76662
76665
76668
76669
76676
76739
76763
76765
76767
76789
76799
76814
76820
76824
76828
76838
76839
76854
76864
76873
76885
76886
76893
76894
76895
76900
76901
76961
76972
77007
77008
77009
77010
77018
77035
77039
77055
77083
77089
77128
77129
77131
77135
77160
77163
77170
77171
77201
77202
77209
77246
77247
77268
77284
77285
77291
77314
77327
77328
77331
77346
77351
77353
77366
77370
77374
77384
77385
77399
77403
77406
77414
77425
77430
77434
77435
77436
77437
77440
77446
77452
77472
77473
77474
77475
77476
77485
77490
77492
77493
77495
77500
77502
77504
77507
77510
77516
77517
77518
77520
77522
77524
77526
77528
77530
77531
77532
77533
77534
77535
77536
77538
77545
77554
77557
77560
77567
77569
77572
77584
77586
77588
77590
77594
77604
77605
77608
77621
77648
77663
77674
77677
77678
77683
77687
77701
77702
77737
77751
77752
77767
77769
77772
77779
77780
77800
77809
77810
77811
77814
77823
77826
77832
77833
77834
77835
77837
77838
77840
77841
77849
77852
77857
77858
77859
77860
77885
77923
77925
77932
77933
77934
77935
77949
77954
77956
77958
77959
77961
77986
78006
78007
78008
78012
78013
78014
78017
78019
78026
78116
78121
78122
78125
78128
78131
78167
78168
78170
78177
78180
78185
78188
78193
78196
78215
78220
78221
78237
78241
78245
78246
78255
78256
78263
78310
78311
78331
78342
78343
78349
78352
78360
78361
78370
78372
78385
78398
78402
78416
78419
78423
78429
78430
78436
78453
78454
78464
78482
78497
78498
78499
78501
78502
78503
78516
78517
78518
78527
78529
78530
78531
78537
78538
78539
78555
78566
78580
78581
78589
78606
78628
78630
78632
78633
78644
78645
78646
78666
78667
78668
78669
78690
78714
78719
78733
78738
78740
78741
78759
78760
78761
78765
78815
78816
78827
78831
78835
78854
78871
78911
78940
78941
78957
78973
78974
78978
79008
79010
79018
79019
79024
79033
79039
79041
79050
79051
79065
79075
79076
79083
79092
79098
79102
79104
79117
79118
79126
79127
79128
79140
79163
79164
79190
79191
79201
79283
79284
79292
79308
79309
79312
79330
79371
79372
79374
79399
79405
79406
79408
79415
79459
79465
79467
79470
79471
79472
79473
79478
79500
79501
79515
79516
79547
79551
79552
79553
79554
79623
79624
79625
79718
79722
79723
79724
79725
79726
79727
79728
79729
79730
79731
79732
79733
79734
79735
79768
79769
79884
79885
79886
79887
79923
79976
79977
79978
79979
80070
80071
80189
80206
80212
80213
80214
80215
80219
80221
80226
80227
80321
80342
80354
80355
80358
80359
80363
80364
80365
80402
80432
80433
80452
80626
80627
80662
80681
80690
80691
80705
80754
80755
80774
80798
80818
80819
80820
80821
80837
80838
81137
81156
81157
81158
81161
81170
81176
81183
81184
81185
81223
81233
81235
81236
81244
81378
81385
81388
81404
81405
81407
81408
81411
81414
81415
81416
81430
81436
81438
81445
81455
81457
81466
81467
81471
81487
81495
81496
81503
81504
81505
81548
81553
81556
81557
81580
81706
81721
81724
81725
81729
81743
81745
81750
81770
81771
81772
81773
81774
81778
81779
81780
81782
81789
81794
81795
81796
81797
81803
81816
81817
81820
81832
81834
81837
81840
81842
81846
81851
81852
81853
81857
81860
81861
81865
81867
81868
81869
81870
81871
81872
81873
81874
81875
81885
81997
81998
82015
82021
82042
82043
82044
82045
82046
82048
82050
82053
82054
82055
82056
82057
82058
82059
82061
82063
82067
82068
82069
82070
82071
82072
82073
82075
82078
82080
82081
82082
82085
82086
82088
82090
82092
82095
82096
82097
82104
82105
82106
82107
82109
82111
82117
82118
82119
82121
82122
82123
82124
82126
82129
82138
82158
82159
82160
82161
82162
82163
82164
82165
82166
82167
82168
82169
82170
82171
82172
82173
82174
82175
82176
82177
82178
82179
82180
82181
82182
82183
82185
82186
82188
82193
82194
82196
82199
82201
82203
82229
82231
82233
82235
82237
82240
82242
82244
82245
82246
82247
82248
82249
82250
82251
82252
82253
82254
82255
82256
82257
82258
82259
82260
82261
82262
82263
82264
82265
82303
82304
82316
82321
82339
82340
82341
82343
82344
82346
82348
82350
82352
82353
82355
82463
82464
82465
82466
82467
82477
82478
82481
82483
82484
82496
82497
82498
82499
82550
82551
82564
82700
82723
82727
82733
82749
82757
82758
82762
82776
82782
82783
82794
82795
82796
82824
82859
82861
82862
82906
82916
82917
82918
82919
82920
82921
82922
83047
83083
83121
83122
83123
83124
83125
83143
83163
83164
83168
83169
83170
83171
83173
83174
83175
83178
83179
83180
83182
83184
83185
83220
83222
83224
83225
83226
83227
83230
83231
83232
83233
83236
83237
83239
83240
83242
83289
83311
83312
83313
83316
83318
83320
83322
83325
83326
83354
83356
83383
83485
83602
83613
83614
83615
83623
83630
83631
83632
83636
83646
83648
83650
83652
83669
83677
83687
83691
83693
83694
83697
83698
83702
83707
83709
83711
83712
83713
83727
83728
83729
83731
83732
83770
83772
83774
83775
83776
83792
83794
83796
83819
83821
83837
83846
83855
83856
83857
83858
83859
83861
83862
83874
83898
83905
83907
83908
83910
83911
83913
83915
83917
83929
83936
83937
83938
83941
83942
83944
83946
83986
83987
83988
83989
84016
84017
84018
84041
84096
84105
84106
84107
84117
84122
84126
84192
84194
84196
84197
84213
84216
84217
84236
84237
84265
84275
84292
84306
84316
84321
84333
84398
84407
84408
84409
84410
84411
84412
84503
84519
84525
84555
84565
84575
84576
84577
84580
84581
84582
84583
84584
84585
84586
84590
84593
84612
84613
84614
84632
84634
84639
84644
84649
84661
84662
84666
84667
84668
84669
84670
84671
84672
84675
84676
84677
84680
84681
84682
84683
84684
84685
84686
84688
84690
84693
84695
84696
84697
84700
84702
84703
84705
84706
84709
84746
84751
84762
84763
84764
84767
84768
84769
84770
84776
84788
84789
84790
84793
84797
84798
84856
84860
84866
84869
84870
84895
84896
84897
84915
84916
84917
84918
84919
84920
84944
84945
84946
84947
84948
84949
84950
84951
84952
84954
84956
84958
84959
84960
84962
84965
84966
84968
84970
84971
84974
84975
84977
84989
84990
84993
84994
85001
85002
85004
85007
85012
85014
85016
85020
85021
85022
85039
85040
85068
85071
85115
85118
85120
85121
85125
85126
85129
85225
85236
85267
85280
85346
85595
85596
85614
85623
85624
85625
85631
85632
85633
85637
85642
85645
85648
85657
85658
85659
85660
85671
85672
85673
85689
85697
85698
85709
85710
85711
85712
85713
85714
85719
85720
85728
85729
85730
85731
85732
85734
85736
85738
85739
85740
85754
85756
85761
85793
85800
85803
85804
85809
85811
85812
85813
85815
85850
85858
85859
85862
85869
85870
85871
85872
85873
85875
85876
85878
85879
85880
85884
85885
85886
85887
85889
85890
85891
85892
85893
85894
85895
85897
85899
85900
85920
85922
85923
85924
85925
85927
86201
86202
86203
86358
86373
86813
86814
86824
86826
86827
86828
86829
86830
86831
86833
86835
86837
86839
86842
86845
86853
86875
86876
86878
86881
87028
87029
87030
87031
87042
87104
87105
87106
87124
87125
87126
87519
87708
88061
88065
88066
88080
88081
88082
88085
88091
88092
88158
88175
88177
88178
88179
88183
88184
88188
88189
88199
88204
88208
88242
88245
88246
88267
88268
88269
88279
88280
88306
88307
88308
88309
88310
88312
88314
88320
88327
88334
88366
88368
88377
88388
88401
88402
88403
88409
88412
88413
88423
88458
88459
88465
88467
88468
88474
88475
88478
88481
88495
88498
88504
88505
88521
88522
88523
88528
88529
88530
88533
88539
88540
88546
88552
88555
88558
88581
88582
88583
88602
88603
88604
88607
88615
88619
88636
88638
88654
88669
88670
88671
88673
88674
88677
88680
88684
88691
88694
88695
88716
88717
88718
88719
88722
88723
88724
88730
88738
88739
88740
88743
88749
88761
88763
88775
88776
88819
88831
88841
88854
88855
88861
88890
88891
88935
88945
88946
88947
88952
88954
88963
88964
88972
88973
88988
88993
89000
89003
89004
89005
89006
89008
89026
89027
89028
89029
89030
89033
89037
89043
89064
89065
89069
89072
89076
89079
89080
89090
89091
89094
89095
89096
89109
89121
89124
89127
89129
89140
89147
89148
89149
89157
89160
89163
89164
89166
89167
89171
89172
89183
89186
89187
89195
89196
89200
89204
89205
89223
89226
89228
89229
89289
89290
89291
89300
89302
89304
89305
89307
89313
89316
89320
89321
89324
89325
89326
89345
89346
89347
89348
89355
89356
89357
89358
89360
89361
89439
89587
89604
89671
89678
89679
89680
89683
89686
89717
89720
89727
89732
89743
89744
89750
89751
89752
89772
89773
89774
89775
89799
89802
89803
89804
89820
89830
89831
89832
89844
89845
89846
89847
89848
89858
89867
89868
89869
89879
89880
89885
89889
89893
89894
89895
89897
89900
89908
89935
89936
89937
89950
89951
89952
89953
89954
89955
89978
89979
89980
89981
89982
89988
89990
89994
90001
90002
90003
90008
90020
90023
90024
90025
90026
90034
90035
90036
90037
90048
90049
90050
90051
90057
90058
90065
90069
90076
90077
90079
90080
90081
90099
90100
90101
90115
90116
90117
90118
90119
90120
90132
90133
90134
90137
90140
90161
90166
90167
90168
90181
90190
90191
90192
90193
90194
90209
90210
90211
90212
90215
90218
90221
90224
90234
90235
90238
90241
90244
90252
90261
90262
90271
90284
90285
90286
90287
90290
90293
90322
90323
90324
90325
90326
90338
90339
90343
90344
90345
90346
90347
90348
90358
90359
90364
90371
90372
90373
90374
90380
90381
90383
90384
90388
90389
90390
90393
90394
90401
90427
90433
90434
90436
90444
90445
90446
90447
90452
90453
90454
90455
90456
90457
90461
90462
90464
90465
90468
90469
90474
90475
90476
90477
90481
90482
90492
90500
90505
90506
90507
90520
90521
90522
90530
90549
90550
90551
90557
90558
90559
90577
90578
90579
90588
90589
90590
90629
90630
90631
90632
90636
90637
90679
90680
90683
90685
90687
90688
90692
90699
90701
90709
90723
90725
90728
90729
90731
90732
90733
90734
90740
90747
90750
90753
90767
90769
90771
90773
90775
90780
90781
90782
90784
90785
90788
90792
90803
90804
90805
90806
90828
90859
90861
90862
90865
90905
90908
90910
90932
90946
90949
90958
90959
90960
90961
90964
90977
90991
91009
91015
91018
91020
91021
91022
91023
91028
91035
91043
91045
91046
91048
91050
91053
91055
91058
91064
91065
91066
91067
91070
91085
91095
91096
91104
91106
91107
91108
91112
91132
91156
91158
91162
91163
91164
91165
91167
91171
91172
91194
91197
91370
91379
91387
91389
91390
91393
91405
91407
91409
91410
91412
91414
91415
91418
91419
91425
91426
91431
91443
91447
91461
91462
91468
91470
91474
91477
91478
91481
91488
91495
91512
91514
91515
91516
91525
91528
91531
91532
91536
91608
91609
91657
91663
91686
91702
91712
91750
91759
91762
91763
91766
91774
91776
91792
91799
91800
91801
91803
91821
91833
91835
91836
91850
91851
91852
91854
91875
91894
91938
91940
91945
91946
91950
92009
92016
92017
92018
92025
92030
92084
92085
92350
92374
92375
92378
92379
92613
92620
92621
92624
92627
92689
92690
92800
92823
92838
92966
92967
92980
92986
92987
92990
92994
92995
93014
93019
93020
93047
93048
93094
93097
93108
93113
93144
93160
93245
93273
93280
93316
93318
93339
93342
93353
93374
93375
93376
93377
93459
93460
93554
93571
93578
93579
93580
93583
93606
93609
93614
93615
93616
93620
93626
93630
93642
93643
93644
93645
93646
93650
93654
93655
93661
93701
93710
93711
93712
93713
93727
93728
93734
93735
93804
93805
93828
93829
93852
93853
93874
93875
93962
93999
94014
94026
94046
94047
94057
94062
94070
94071
94072
94076
94181
94203
94217
94219
94308
94335
94370
94372
94374
94376
94402
94405
94408
94414
94439
94455
94462
94471
94472
94475
94481
94484
94488
94490
94492
94496
94499
94500
94503
94505
94507
94509
94510
94511
94512
94513
94514
94515
94516
94560
94562
94564
94565
94568
94570
94572
94573
94574
94575
94576
94577
94578
94579
94580
94581
94582
94583
94584
94585
94586
94587
94588
94589
94590
94591
94592
94593
94615
94636
94639
94640
94668
94670
94671
94676
94683
94698
94705
94713
94715
94716
94717
94718
94721
94724
94730
94732
94734
94735
94738
94746
94747
94748
94749
94752
94774
94776
94780
94782
94784
94786
94787
94788
94790
94791
94795
94796
94798
94799
94800
94801
94804
94805
94807
94808
94814
94816
94817
94818
94819
94822
94824
94826
94827
94833
94835
94836
94837
94838
94839
94842
94844
94847
94848
94850
94923
94927
94928
94931
94938
94939
94942
94945
94947
94949
94952
94953
94956
94959
94961
94962
94970
94971
94972
94973
94974
94975
94976
94977
94978
94981
94996
94997
95000
95001
95005
95006
95008
95011
95012
95014
95016
95018
95019
95020
95021
95022
95023
95024
95025
95026
95027
95028
95029
95030
95031
95032
95036
95038
95041
95042
95043
95044
95045
95046
95050
95052
95054
95056
95059
95061
95062
95063
95064
95065
95066
95068
95069
95071
95105
95106
95242
95246
95247
95250
95258
95259
95271
95276
95278
95279
95280
95281
95284
95286
95287
95288
95293
95297
95298
95299
95300
95301
95304
95306
95307
95308
95313
95317
95318
95319
95320
95323
95325
95326
95327
95332
95334
95335
95336
95337
95338
95341
95343
95344
95345
95360
95361
95363
95364
95367
95368
95374
95375
95386
95387
95391
95393
95400
95430
95433
95435
95437
95440
95442
95444
95448
95450
95453
95454
95456
95457
95458
95459
95460
95461
95462
95463
95464
95465
95466
95467
95468
95469
95470
95471
95472
95473
95474
95475
95476
95477
95478
95480
95481
95651
95654
95754
95755
95756
95757
95767
95771
95776
95784
95787
95797
95799
95803
95805
95807
95809
95812
95814
95847
95900
95904
95909
95924
95928
95929
95947
95948
95954
95972
96203
96341
96354
96355
96360
96394
96411
96418
96420
96428
96434
96435
96436
96437
96441
96452
96457
96458
96459
96461
96464
96474
96477
96482
96485
96486
96487
96488
96491
96511
96521
96534
96535
96540
96541
96557
96560
96565
96579
96581
96599
96600
96601
96605
96607
96608
96611
96612
96616
96640
96672
96684
96685
96686
96728
96729
96753
96771
96774
96814
96815
96816
96818
96819
96820
96821
96824
96849
96887
96888
96929
96930
96935
96936
96951
96952
96959
96960
96967
96968
96975
96976
96983
96984
96991
96992
96999
97000
97007
97008
97067
97069
97071
97135
97136
97137
97138
97185
97186
97191
97198
97199
97200
97217
97268
97271
97274
97275
97319
97377
97392
97393
97396
97399
97402
97405
97406
97407
97408
97409
97410
97411
97412
97413
97414
97415
97416
97417
97426
97434
97435
97436
97452
97453
97456
97460
97461
97462
97463
97464
97465
97468
97474
97486
97487
97488
97493
97500
97501
97502
97503
97523
97563
97564
97565
97568
97571
97574
97576
97613
97614
97615
97616
97617
97618
97620
97621
97625
97626
97628
97630
97631
97632
97634
97635
97639
97640
97641
97664
97665
97666
97671
97672
97675
97677
97691
97692
97719
97720
97721
97722
97725
97733
97781
97802
97803
97805
97815
97822
97825
97830
97831
97832
97844
97857
97858
97859
97860
97861
97862
97863
97864
97865
97866
97869
97872
97874
97876
97877
97880
97881
97883
97884
97886
97889
97892
97893
97894
97919
97923
97987
98022
98186
98187
98188
98268
98271
98289
98291
98299
98307
98319
98323
98327
98331
98339
98345
98346
99136
99138
99139
99140
99141
99142
99186
99197
99215
99259
99265
99270
99275
99276
99277
99287
99423
99425
99426
99438
99439
99440
99441
99442
99443
99451
99452
99562
99563
99567
99570
99571
99572
99573
99575
99576
99577
99580
99581
99584
99588
99589
99590
99592
99595
99596
99603
99604
99606
99609
99616
99617
99618
99619
99620
99622
99643
99658
99668
99710
99711
99715
99788
99789
99793
99808
99810
99811
99822
99823
99824
99827
99828
99829
99831
99832
99833
99836
99838
99840
99843
99844
99853
99858
99859
99864
99867
99878
99887
99888
99894
99895
99896
99901
99902
99914
99915
99916
99923
99924
99925
99935
99938
99951
99954
99968
99969
99970
99972
99990
99999
100001
100002
100003
100005
100006
100007
100009
100011
100014
100015
100047
100051
100052
100066
100068
100069
100071
100077
100081
100082
100083
100084
100085
100088
100089
100096
100099
100112
100113
100114
100117
100118
100122
100180
100181
100202
100203
100205
100212
100221
100222
100263
100271
100272
100283
100284
100285
100286
100287
100288
100299
100304
100305
100306
100315
100317
100322
100326
100333
100334
100339
100340
100350
100351
100362
100363
100365
100366
100367
100370
100380
100391
100415
100430
100431
100432
100433
100435
100437
100439
100440
100442
100443
100445
100446
100449
100451
100460
100474
100475
100480
100481
100482
100483
100492
100493
100494
100495
100510
100512
100520
100521
100522
100526
100530
100532
100537
100538
100539
100558
100560
100561
100563
100564
100566
100567
100572
100573
100574
100588
100589
100590
100591
100592
100593
100608
100609
100610
100611
100613
100617
100618
100621
100622
100623
100624
100625
100627
100629
100632
100633
100637
100638
100639
100641
100643
100660
100665
100676
100680
100683
100685
100686
100689
100709
100717
100720
100721
100722
100727
100756
100757
100758
100760
100761
100770
100807
100818
100819
100820
100834
100835
100836
100855
100863
100864
100869
100874
100875
100876
100877
100878
100902
100903
100920
100935
100943
100947
100954
100955
100959
100960
101003
101004
101008
101009
101010
101011
101014
101017
101021
101022
101035
101036
101039
101041
101042
101044
101062
101073
101117
101118
101121
101128
101138
101139
101141
101142
101144
101146
101149
101150
101151
101152
101162
101166
101170
101174
101175
101180
101188
101192
101200
101201
101265
101288
101295
101324
101325
101353
101354
101355
101418
101419
101420
101421
101443
101444
101445
101448
101452
101453
101454
101457
101459
101462
101465
101466
101469
101470
101471
101472
101473
101474
101482
101483
101489
101497
101498
101501
101503
101504
101505
101510
101511
101580
101588
101592
101597
101598
101599
101603
101606
101607
101608
101609
101610
101611
101614
101615
101616
101617
101618
101648
101649
101652
101653
101654
101655
101656
101665
101666
101667
101670
101672
101673
101674
101676
101678
101679
101680
101681
101682
101683
101684
101693
101695
101696
101701
101702
101709
101710
101713
101723
101725
101728
101731
101732
101736
101741
101742
101747
101768
101769
101780
101781
101782
101784
101786
101790
101792
101793
101805
101808
101811
101812
101813
101814
101822
101823
101860
101861
101864
101866
101868
101869
101870
101881
101882
101888
101889
101892
101895
101896
101898
101917
101918
101919
101932
101933
101936
101937
101938
101956
101957
101971
101972
101973
101974
101975
101976
101977
101980
101981
101984
101985
101986
101988
101989
102003
102004
102007
102010
102023
102028
102034
102045
102047
102049
102050
102051
102052
102054
102055
102056
102066
102067
102068
102071
102074
102094
102095
102100
102101
102102
102104
102105
102118
102119
102120
102122
102124
102129
102130
102132
102133
102134
102136
102139
102140
102141
102142
102143
102146
102147
102148
102150
102151
102152
102153
102155
102167
102183
102188
102190
102191
102207
102221
102222
102226
102311
102312
102314
102315
102343
102348
102350
102351
102400
102422
102423
102428
102429
102436
102443
102457
102462
102463
102464
102466
102467
102468
102469
102514
102528
102529
102530
102531
102533
102534
102547
102548
102551
102554
102558
102559
102560
102566
102631
102634
102648
102649
102650
102651
102652
102722
102728
102730
102731
102732
102733
102736
102737
102738
102739
102743
102748
102750
102761
102812
102813
102819
102824
102825
102853
102889
102903
102919
102921
102926
102932
102939
102943
102944
102945
102948
102949
102965
102973
102975
102977
102978
103003
103004
103005
103020
103022
103024
103026
103028
103029
103030
103033
103042
103088
103130
103166
103195
103200
103201
103230
103231
103234
103236
103238
103241
103242
103245
103256
103259
103260
103261
103262
103276
103294
103296
103298
103299
103302
103306
103307
103308
103309
103320
103322
103331
103332
103333
103334
103360
103362
103371
103373
103374
103375
103377
103382
103386
103395
103396
103429
103433
103437
103439
103440
103441
103444
103446
103453
103454
103455
103456
103457
103461
103474
103510
103513
103514
103515
103519
103522
103523
103524
103525
103529
103530
103532
103534
103550
103606
103615
103618
103620
103675
103676
103685
103686
103689
103693
103701
103704
103705
103706
103707
103708
103709
103724
103734
103735
103739
103748
103749
103750
103751
103752
103754
103755
103757
103758
103759
103760
103761
103768
103769
103770
103772
103774
103780
103781
103786
103789
103836
103882
103902
103968
103990
103994
104009
104012
104014
104120
104121
104122
104381
104461
104462
104463
104464
104493
104494
104495
104496
104497
104566
104567
104568
104569
104571
104622
104809
104887
104896
104970
104971
105150
105155
105158
105159
105167
105170
105174
105175
105176
105272
105273
105276
105277
105309
105325
105335
105336
105343
105345
105346
105349
105351
105361
105524
105528
105531
105533
105534
105535
105536
105631
105745
105751
105752
105846
105847
106165
106169
106170
106210
106211
106212
106214
106215
106217
106218
106219
106220
106224
106225
106985
106986
106988
106989
106991
106994
106998
106999
107003
107064
107065
108595
108597
108610
108611
111244
111246
111248
111250
111251
111252
111256
111258
111260
111265
111267
111269
111271
111272
111274
111276
111278
111291
111293
111295
111352
111354
111355
111356
111358
111821
112808
113171
113260
113270
113273
113274
113275
113278
113293
113308
113310
113311
113313
113316
113318
113366
113368
113369
113370
113443
113522
113524
113528
113546
113547
113548
113556
113560
113563
113566
113567
113568
113576
113579
113587
113588
113589
113590
113598
113604
113630
113632
113733
113734
113742
113747
113755
113756
113757
113758
113770
113771
113772
113773
113776
113777
113778
113780
113785
113788
113795
113812
113813
113814
113822
113824
113825
113826
113827
113828
113829
113831
113854
113899
113900
113901
113911
113913
113974
114095
114100
114101
114103
114121
114122
114123
114137
114140
114147
114148
114149
114150
114151
114153
114154
114156
114162
114163
114166
114167
114168
114170
114172
114181
114208
114210
114215
114217
114281
114287
114301
114314
114315
114316
114319
114323
114324
114325
114328
114349
114351
114352
114353
114357
114359
114361
114376
114377
114380
114383
114389
114390
114393
114394
114397
114398
114399
114400
114420
114421
114424
114425
114443
114446
114460
114463
114494
114547
114550
114552
114554
114556
114557
114568
114575
114652
114653
114761
114772
114774
114776
114778
114780
114782
114784
114785
114866
114869
115009
115021
115026
115029
115041
115054
115066
115072
115100
115105
115108
115116
115120
115122
115144
115148
115152
115160
115172
115175
115176
115177
115178
115183
115192
115194
115196
115198
115201
115202
115214
115216
115235
115236
115237
115238
115243
115250
115252
115254
115257
115284
115286
115319
115330
115331
115332
115333
115334
115337
115340
115344
115348
115353
115367
115368
115371
115374
115377
115395
115398
115399
115400
115401
115405
115407
115408
115409
115410
115411
115412
115413
115415
115417
115418
115422
115423
115424
115427
115430
115432
115436
115439
115440
115444
115445
115449
115456
115462
115474
115486
115504
115519
115523
115543
115544
115545
115547
115549
115559
115568
115570
115589
115607
115678
115688
115691
115693
115696
115712
115715
115783
115784
115785
115786
115787
115790
115794
115799
115800
115808
115809
115810
115813
115819
115823
115832
115835
115839
115851
115902
115905
115906
115909
115911
115913
115915
115936
115940
115942
115948
115954
115960
115971
115981
115982
115983
115984
115998
115999
116001
116003
116004
116019
116024
116033
116034
116036
116039
116058
116059
116060
116066
116074
116079
116082
116084
116086
116095
116097
116105
116124
116125
116126
116129
116135
116136
116145
116159
116164
116166
116167
116168
116170
116175
116176
116181
116187
116190
116191
116192
116194
116203
116204
116206
116209
116210
116211
116218
116220
116221
116237
116251
116252
116255
116257
116260
116264
116265
116269
116270
116271
116278
116280
116290
116291
116292
116300
116308
116309
116310
116312
116315
116348
116371
116372
116373
116374
116377
116396
116397
116399
116410
116416
116423
116426
116434
116435
116442
116443
116444
116447
116450
116458
116460
116461
116464
116466
116468
116469
116472
116473
116474
116477
116480
116493
116494
116495
116499
116500
116501
116502
116503
116506
116525
116532
116534
116545
116550
116563
116567
116572
116576
116577
116578
116579
116581
116584
116600
116601
116602
116606
116610
116611
116616
116624
116625
116626
116627
116629
116631
116635
116639
116641
116650
116660
116661
116662
116665
116666
116667
116668
116669
116672
116677
116678
116680
116682
116684
116690
116693
116696
116705
116713
116719
116728
116729
116730
116731
116739
116740
116741
116744
116746
116802
116833
116838
116839
116841
116842
116844
116849
116850
116864
116868
116881
116883
116884
116887
116898
116907
116908
116909
119066
119092
119093
119118
119121
119130
119151
119156
119157
119162
119164
119170
119171
119172
119173
119174
119175
119176
119185
119205
119206
119207
119208
119209
119210
119211
119219
119220
119240
119260
119265
119277
119283
119298
119302
119303
119304
119305
119308
119311
119314
119315
119316
119317
119318
119342
119349
119370
119371
119373
119375
119376
119378
119379
119380
119409
119412
119415
119416
119422
119426
119433
119436
119443
119452
119459
119471
119472
119473
119474
119476
119482
119499
119500
119501
119504
119513
119514
119528
119529
119530
119533
119537
119538
119571
119572
119573
119607
119610
119615
119616
119619
119622
119625
119630
119631
119638
119641
119644
119655
119656
119657
119665
119666
119667
119673
119674
119686
119687
119688
119697
119698
119703
119704
119705
119706
119719
119722
119723
119736
119741
119748
119752
119753
119758
119759
119760
119775
119777
119781
119782
119783
119791
119795
119798
119809
119810
119818
119822
119828
119831
119834
119837
119849
119850
119871
119872
119873
119882
119884
119887
119888
119897
119900
119911
119913
119914
119917
119924
119925
119946
119957
119972
119975
119989
120001
120008
120030
120047
120051
120066
120067
120068
120074
120082
120083
120084
120087
120088
120092
120093
120094
120099
120110
120133
120141
120152
120205
120206
120224
120229
120242
120250
120251
120255
120258
120261
120262
120265
120273
120279
120286
120287
120288
120289
120296
120299
120349
120350
120354
120357
120368
120396
120409
120417
120418
120419
120426
120428
120443
120446
120449
120456
120457
120458
120463
120478
120486
120488
120489
120501
120514
120515
120526
120528
120530
120549
120550
120557
120567
120568
120581
120582
120583
120584
120585
120586
120590
120591
120594
120597
120600
120605
120606
120618
120619
120620
120634
120640
120647
120650
120656
120676
120677
120681
120686
120701
120702
120703
120706
120733
120740
120745
120772
120773
120774
120775
120776
120778
120795
120797
120798
120809
120816
120817
120818
120819
120820
120824
120825
120826
120841
120844
120845
120846
120848
120851
120852
120853
120854
120855
120859
120862
120865
120872
120878
120885
120886
120887
120899
120971
120972
120978
121023
121024
121035
121062
121069
121070
121083
121090
121091
121110
121111
121124
121125
121139
121142
121153
121154
121171
121181
121221
121232
121319
121379
121380
121423
121452
121481
121484
121508
121514
121522
121525
121567
121591
121592
121593
121594
121604
121640
121665
121683
121684
121692
121693
121774
121776
121786
121793
121801
121805
121808
121812
121816
121817
121818
121821
121823
121836
121852
121853
121890
121891
121892
121905
121915
121925
121929
121930
121933
121934
121950
121955
121960
121990
121992
121993
121994
122072
122089
122090
122103
122113
122134
122145
122150
122151
122152
122153
122164
122183
122194
122273
122274
122275
122280
122302
122313
122323
122398
122401
122411
122415
122433
122487
122499
122505
122526
122544
122586
122644
122648
122649
122652
122653
122694
122698
122701
122702
122705
122713
122748
122761
122766
122786
122789
122814
122826
122871
122874
122892
122902
122922
122933
122934
122942
122947
122961
122980
122995
123007
123008
123009
123014
123048
123068
123092
123097
123098
123099
123102
123169
123171
123206
123219
123237
123238
123239
123240
123251
123255
123266
123267
123271
123278
123287
123288
123289
123290
123304
123331
123334
123356
123380
123381
123423
123425
123461
123462
123483
123484
123485
123486
123487
123488
123521
123538
123559
123570
123571
123572
123579
123580
123581
123588
123599
123622
123624
123632
123638
123661
123679
123680
123681
123682
123683
123710
123713
123715
123863
123921
123922
123923
123952
123953
123954
123959
123960
123976
123981
123984
123986
123988
123989
123990
123991
123992
123994
123996
124007
124017
124040
124043
124050
124057
124067
124074
124077
124078
124080
124081
124082
124084
124086
124107
124115
124264
124265
124267
124386
124411
124425
124427
124439
124497
124528
124531
124563
124590
124634
124692
124764
124767
124770
124777
124886
124913
124923
124952
124992
124995
125041
125045
125116
125169
125174
125235
125315
125364
125381
125394
125421
125447
125448
125449
125450
125451
125509
125512
125584
125606
125635
125649
125658
125696
125704
125744
125814
125821
125861
125924
125933
126077
126080
126125
126166
126219
126221
126255
126263
126340
126341
126348
126427
126428
126443
126447
126449
126451
126493
126519
126546
126622
126636
126650
126664
126665
126681
126702
126729
126783
126811
126900
126914
126936
127001
127027
127028
127031
127033
127117
127118
127216
127229
127237
127239
127244
127271
127309
127356
127433
127436
127439
127442
127445
127448
127451
127454
127457
127544
127545
127560
127564
127570
127573
127636
127669
127674
127696
127711
127712
127713
127714
127715
127716
127725
127740
127752
127788
127790
127816
127818
127820
127824
127843
127860
127920
127921
127926
127933
127939
127996
128025
128026
128065
128066
128079
128081
128084
128136
128138
128140
128170
128208
128344
128357
128362
128411
128422
128454
128458
128490
128508
128514
128516
128537
128573
128575
128611
128621
128643
128661
128663
128670
128677
128684
128707
128728
128737
128747
128750
128754
128757
128759
128760
128761
128762
128763
128764
128765
128766
128767
128768
128769
128770
128771
128772
128792
128813
128814
128824
128831
128832
128834
128835
128840
128843
128846
128850
128865
128868
128875
128876
128887
128889
128891
128892
128893
128894
128901
128903
128912
128913
128914
128920
128932
128933
128934
128940
128954
128957
128960
128970
128971
128972
128983
128984
128985
128993
128994
128995
128996
128997
129000
129001
129002
129003
129004
129005
129006
129007
129013
129020
129021
129029
129030
129031
129032
129033
129036
129040
129041
129052
129053
129054
129055
129061
129073
129074
129075
129076
129077
129084
129108
129109
129110
129111
129114
129115
129127
129158
129159
129160
129165
129166
129169
129177
129184
129195
129203
129204
129205
129206
129207
129209
129217
129218
129219
129227
129228
129229
129230
129233
129234
129237
129238
129239
129240
129243
129251
129252
129253
129254
129255
129261
129262
129263
129264
129270
129276
129277
129278
129282
129291
129292
129293
129296
129308
129309
129310
129311
129315
129316
129335
129338
129341
129344
129353
129354
129355
129356
129366
129373
129376
129379
129385
129386
129387
129388
129389
129400
129401
129404
129407
129410
129414
129416
129419
129423
129424
129425
129426
129428
129429
129440
129448
129449
129454
129456
129465
129469
129477
129485
129486
129493
129494
129495
129499
129500
129501
129503
129507
129510
129517
129518
129524
129566
129567
129570
129571
129572
129577
129585
129591
129594
129598
129601
129602
129612
129613
129617
129618
129626
129627
129628
129630
129631
129649
129651
129684
129698
129699
129700
129709
129714
129715
129718
129739
129740
129741
129746
129748
129749
131683
131787
131788
131789
132234
134316
138621
139334
139767
139770
139791
139797
139798
139799
139810
139813
139814
139815
139816
139835
139844
139973
139997
140047
140056
140063
140064
140067
140072
140076
140082
140125
140186
140200
140201
140202
140203
140209
140216
140218
140220
140223
140226
140227
140232
140233
140244
140245
140246
140247
140252
140264
140275
140276
140277
140278
140279
140281
140283
140287
140289
140291
140293
140296
140298
140301
140302
140304
140307
140309
140311
140312
140313
140314
140315
140316
140325
140327
140337
140340
140341
140342
140347
140351
140354
140402
140403
140413
140414
140415
140416
140430
140432
140434
140436
140447
140448
140457
140458
140461
140468
140470
140473
140475
140480
140481
140482
140485
140486
140491
140493
140494
140502
140507
140523
140524
140528
140536
140537
140538
140539
140557
140558
140559
140560
140561
140566
140570
140571
140582
140583
140644
140648
140712
140717
140719
140728
140784
140795
140799
140800
140801
140802
140804
140821
140825
140826
140850
140851
140852
140855
140861
140878
140891
140893
140895
140923
140925
140946
140980
141092
141104
141106
141107
141108
141109
141113
141125
141128
141129
141130
141131
141133
141140
141143
141152
141153
141154
141157
141159
141171
141173
141174
141175
141178
141183
141189
141190
141191
141194
141198
141199
141209
141214
141220
141234
141235
141253
141259
141260
141294
141296
141299
141312
141313
141314
141341
141418
141419
141420
141467
141470
141471
141472
141473
141485
141487
141488
141504
141505
141506
141520
141524
141528
141530
141532
141567
141572
141575
141580
141581
141629
141634
141639
141640
141641
141674
141754
141755
141756
141987
142005
142006
142048
142049
142054
142055
142070
142071
142078
142079
142086
142087
142094
142095
142102
142103
142110
142111
142118
142119
142126
142127
142161
142164
142165
142664
142665
142667
143436
143439
143440
143441
143845
144750
144755
144762
144764
144765
144767
144773
144778
144779
144780
144915
145472
145475
146127
146631
146634
146992
147019
147023
147037
147038
147039
149577
149578
149579
149580
149581
149582
149585
149586
149587
149588
149593
149600
149601
149602
149603
149760
149761
149763
151090
151627
151628
151629
152236
152345
152346
152347
152350
152351
152353
152354
152355
152394
152395
152396
152398
152399
152400
152402
152403
152405
152406
152410
152414
152415
152416
152423
152424
152425
152612
152979
152980
153002
155431
155432
155433
158434
158435
158439
158440
158441
161444
161445
161446
164464
164467
164468
164469
168926
168927
168928
173145
173146
173147
176951
177446
177447
177449
177450
181627
181628
181629
181630
182083
182084
182223
182225
182244
182247
182249
182250
182251
182253
182254
182338
182902
183027
183307
183876
183877
184378
184379
184419
184420
184421
184422
184633
184634
184637
184638
184772
184779
184785
184788
184800
184801
184802
184803
184807
184831
184851
184870
184877
185042
185045
185119
185120
185474
186066
186067
186195
186198
186199
187401
187534
188131
188268
188269
188270
188274
188438
188460
188561
188564
188565
188566
188588
188721
188919
188922
188959
188999
189100
189138
189139
189868
189869
189916
189997
189998
189999
190000
190004
190130
190131
190132
190133
190135
190414
191476
191479
191482
191483
191484
192074
192079
192082
192085
192088
192174
192211
192214
192215
192217
192218
192338
192340
192342
192343
192373
192374
192376
192377
192378
192381
192383
192385
192387
192400
192418
192438
192478
192481
192482
192483
192486
192648
192768
192820
193043
193250
193331
193351
193383
193386
193387
193389
193449
193528
193529
193531
193563
193567
193605
193714
193776
193778
193783
193813
193874
193945
193956
193959
193962
193963
193964
193977
194019
194045
194046
194067
194129
194152
194157
194161
194172
194195
194218
194241
194248
196356
196360
196361
196362
196363
196836
196839
196922
196955
197012
197013
197014
197015
197037
197044
197047
197052
197095
197143
197156
197157
197159
197160
197196
197202
197204
197205
197208
197219
197258
197261
197262
197267
197297
197332
197345
197350
197357
197363
197369
197384
197394
197636
197641
197750
197864
197965
197968
197969
197970
198159
198456
198471
198555
198561
198749
198750
198751
198753
198769
198886
198887
198888
199016
199018
199054
199056
199223
199355
199423
199467
199487
199498
199608
199609
199752
199763
199764
199765
199766
199954
199957
199989
199991
199994
199996
199999
