40
41
42
45
49
119
398
399
400
401
568
569
899
900
923
924
947
948
955
956
1033
1034
1057
1058
1081
1082
1089
1090
1174
1175
1182
1183
1190
1191
1192
1193
1202
1203
1204
1205
1214
1215
1216
1217
1226
1227
1228
1229
1238
1239
1240
1241
1303
1304
1327
1328
1351
1352
1359
1360
1564
1777
1779
1851
1852
1871
1872
1895
1896
1919
1920
1941
1942
2165
2166
2189
2190
2217
2218
2239
2240
2313
2314
2337
2338
2361
2362
2383
2384
2461
2462
2640
2651
2696
2697
2735
2805
2806
2829
2830
2877
2878
2949
2950
2951
2952
2953
2954
2955
2956
2957
2958
2959
2960
2961
2962
3045
3046
3047
3048
3071
3072
3073
3074
3208
3209
3217
3218
3223
3224
3714
4068
4069
4070
4071
4099
4100
4183
4214
4431
4432
4433
4434
4435
4436
4437
4438
4439
4440
4441
4442
4443
4444
4451
4452
4453
4454
4525
4526
4527
4528
4695
4700
4947
4948
4971
4972
4995
4996
5017
5018
5144
5145
5146
5147
5172
5173
5763
6117
6164
6169
6409
6410
6411
6412
6414
6418
6445
6458
6459
6473
6480
6481
6482
6484
6497
6498
6519
6611
6612
6613
6614
6643
6644
6645
6646
6658
6659
6662
6706
6709
6726
6727
6728
6729
6730
6731
6732
6733
6734
6735
6736
6737
6738
6739
6989
6990
6991
6992
6993
6994
6995
6996
6997
6998
6999
7000
7001
7002
7114
7117
7136
7137
7287
7296
7297
7298
7299
7444
7445
7706
7707
7708
7712
7713
7714
7718
7719
7798
7816
7817
7818
7821
8007
8008
8009
8010
8023
8024
8107
8108
8109
8110
8112
8114
8119
8120
8123
8140
8141
8147
8148
8149
8159
8160
8161
8164
8166
8167
8170
8251
8259
8263
8264
8265
8269
8278
8279
8280
8283
8299
8300
8315
8316
8317
8321
8323
8324
8325
8327
8331
8334
8337
8341
8345
8346
8347
8348
8350
8351
8360
8362
8363
8364
8365
8370
8387
8388
8392
8395
8397
8398
8401
8402
8429
8439
8440
8441
8449
8450
8452
8453
8455
8456
8457
8459
8460
8462
8463
8464
8465
8468
8484
8487
8492
8504
8505
8506
8526
8532
8533
8536
8537
8543
8552
8553
8554
8555
8556
8558
8561
8562
8563
8564
8565
8567
8570
8571
8572
8574
8576
8578
8599
8600
8602
8604
8606
8607
8608
8609
8611
8614
8615
8616
8617
8618
8620
8623
8647
8659
8662
8667
8668
8671
8672
8675
8678
8683
8701
8703
8704
8712
8719
8722
8723
8724
8736
8737
8738
8739
8757
8763
8765
8769
8774
8775
8779
8781
8783
8784
8785
8786
8793
8796
8800
8809
8810
8811
8812
8820
8824
8827
8851
8852
8853
8854
8858
8859
8862
8871
8872
8875
8891
8892
8893
8904
8917
8921
8922
8924
8955
8956
8958
8962
8963
8965
8967
8984
8987
8990
8991
8992
8993
8996
8997
8998
9002
9003
9004
9005
9006
9007
9008
9009
9017
9026
9027
9028
9036
9039
9041
9042
9043
9044
9050
9053
9054
9055
9074
9075
9079
9083
9097
9127
9210
9235
9301
9310
9311
9312
9324
9338
9348
9349
9350
9399
9561
9563
9565
9568
9570
9571
9572
9576
9601
9602
9605
9624
9639
9652
9654
9668
9670
9673
9674
9676
9679
9681
9685
9687
9688
9691
9692
9693
9694
9699
9700
9713
9722
9723
9724
9730
9731
9732
9733
9735
9739
9740
9741
9748
9764
9765
9766
9769
9773
9774
9775
9777
9778
9784
9789
9790
9792
9793
9795
9796
9797
9824
9825
9834
9847
9850
9851
9858
9860
9861
9863
9865
9874
9876
9877
9878
9879
9886
9888
9891
9914
9928
9936
9937
9967
9968
9969
10009
10010
10011
10012
10013
10014
10017
10023
10025
10026
10027
10039
10040
10041
10042
10044
10068
10069
10070
10099
10100
10123
10124
10147
10148
10169
10170
10247
10248
10249
10272
10273
10274
10275
10313
10314
10315
10332
10333
10334
10398
10399
10401
10404
10407
10421
10422
10425
10426
10427
10429
10446
10462
10465
10569
10570
10579
10580
10583
10584
10585
10586
10591
10593
10595
10596
10597
10992
10993
11003
11004
11005
11625
11626
11642
11643
11644
12994
12997
13011
13074
13075
13076
13607
13721
13723
15505
15506
15507
18510
18539
18540
18617
18618
18619
18620
18621
18622
18623
18624
18625
18626
18627
18628
18629
18630
18736
18737
18875
18898
18901
18992
18993
19028
19029
19058
19070
19085
19086
19087
19088
19093
19094
19113
19114
19150
19151
19194
19195
19196
19197
19245
19248
19260
19261
19402
19403
19427
19439
19448
19476
19477
19500
19501
19524
19525
19532
19533
19650
19651
19652
19653
19694
19703
19716
19723
19730
19861
19862
19863
19864
19979
20009
20010
20059
20066
20067
20068
20069
20071
20073
20099
20106
20107
20108
20109
20120
20121
20122
20124
20131
20132
20133
20134
20148
20186
20187
20188
20189
20190
20191
20192
20193
20194
20195
20196
20197
20198
20199
20214
20215
20261
20286
20289
20345
20363
20364
20365
20373
20374
20376
20377
20380
20381
20382
20384
20385
20387
20388
20389
20390
20391
20392
20394
20395
20397
20398
20399
20403
20406
20407
20410
20411
20451
20462
20522
20523
20546
20547
20562
20563
20582
20583
20604
20605
20640
20641
20685
20686
20709
20710
20725
20726
20745
20746
20767
20768
20803
20804
20841
20844
20846
20850
20879
20882
20885
20896
20919
20920
20927
20937
20941
20942
20943
20946
20950
20952
20955
20958
20959
20960
20961
20979
20986
20993
20994
20995
20999
21028
21029
21052
21053
21076
21077
21084
21085
21137
21138
21166
21167
21168
21169
21170
21171
21184
21206
21207
21209
21210
21211
21212
21218
21219
21288
21289
21312
21313
21336
21337
21344
21345
21374
21375
21448
21455
21456
21457
21508
21509
21512
21518
21542
21543
21548
21549
21550
21575
21576
21589
21617
21618
21623
21624
21625
21626
21628
21629
21653
21664
21665
21666
21670
21673
21674
21675
21681
21689
21749
21754
21761
21767
21823
21827
21829
21843
21844
21847
21863
21864
21880
21881
21882
21920
21921
21928
21934
21935
21967
21968
21970
21973
21975
21978
21982
22026
22027
22028
22029
22044
22078
22086
22089
22092
22101
22140
22141
22150
22151
22152
22153
22171
22172
22174
22188
22189
22191
22207
22220
22223
22230
22237
22238
22259
22262
22263
22264
22269
22270
22271
22273
22274
22276
22281
22346
22426
22429
22430
22431
22432
22568
22578
22626
22664
22665
22670
22674
22698
22699
22700
22701
22703
22715
22716
22717
22720
22721
22722
22723
22726
22732
22733
22734
22736
22740
22751
22753
22758
22759
22761
22762
22765
22767
22770
22790
22791
22792
22796
22797
22798
22799
22807
22813
22814
22815
22816
22817
22818
22819
22820
22821
22822
22826
22827
22845
22846
22847
22853
22857
22858
22861
22908
22917
22918
22919
22920
22921
22922
22923
22924
22925
22926
22927
23741
23746
23764
23765
24373
24518
24562
24570
24571
24572
24577
24578
24583
24584
24588
24593
24596
24597
24605
24606
24607
24608
24611
24612
24614
24615
24618
24619
24622
24623
24624
24627
24628
24629
24631
24632
24633
24634
24637
24644
24645
24654
24666
24671
24676
24701
24702
24720
24721
24732
24733
24734
24749
24750
24754
24761
24764
24766
24769
24776
24781
24783
24786
24793
24809
24810
24811
24819
24820
24822
24824
24825
24827
24838
24839
24840
24841
24842
24843
24846
24849
24852
24854
24866
24867
24868
24873
24880
24881
24882
24884
24889
24890
24891
24905
24906
24907
24909
24910
24918
24920
24922
24924
24926
24927
24934
24940
24941
24944
24946
24963
24964
24965
24966
24969
24977
24978
24979
24980
24984
24986
24990
24993
24994
25025
25026
25029
25030
25032
25034
25036
25039
25042
25044
25054
25055
25056
25057
25058
25060
25062
25065
25068
25072
25073
25086
25088
25092
25102
25110
25142
25153
25158
25159
25160
25169
25170
25171
25172
25176
25188
25200
25201
25202
25213
25219
25222
25223
25226
25228
25229
25231
25232
25235
25239
25240
25244
25248
25249
25251
25254
25256
25262
25263
25275
25276
25280
25292
25293
25296
25299
25305
25306
25307
25312
25313
25316
25324
25325
25327
25332
25333
25338
25339
25340
25342
25348
25350
25352
25353
25354
25355
25356
25357
25363
25364
25365
25366
25368
25370
25371
25374
25376
25379
25380
25381
25382
25383
25392
25393
25394
25395
25406
25407
25423
25427
25432
25433
25436
25438
25439
25440
25448
25451
25454
25455
25456
25457
25458
25462
25470
25471
25472
25493
25495
25498
25499
25511
25512
25513
25520
25537
25539
25544
25545
25546
25547
25548
25549
25551
25552
25553
25563
25565
25566
25574
25584
25585
25589
25592
25593
25594
25595
25596
25597
25598
25599
25600
25601
25604
25605
25608
25609
25610
25617
25618
25619
25620
25623
25625
25627
25644
25649
25650
25655
25656
25657
25658
25659
25660
25663
25665
25677
25678
25679
25695
25696
25715
25726
25727
25730
25731
25739
25740
25741
25742
25744
25746
25757
25758
25759
25769
25770
25783
25795
25796
25797
25798
25799
25804
25805
25810
25861
25866
25867
25868
25869
25872
25873
25875
25883
25889
25903
25904
25921
25928
25932
25933
25934
25939
25940
25956
25957
25958
25961
25962
25969
25970
25972
25975
25984
25985
25986
25989
26000
26028
26033
26110
26122
26123
26124
26125
26126
26140
26160
26162
26173
26174
26175
26176
26182
26183
26184
26188
26189
26192
26205
26209
26210
26211
26216
26220
26221
26222
26224
26225
26227
26229
26230
26232
26233
26235
26236
26237
26239
26240
26242
26243
26244
26245
26247
26249
26250
26256
26260
26261
26262
26265
26268
26270
26308
26338
26339
26341
26342
26343
26348
26350
26351
26361
26371
26374
26375
26376
26378
26381
26383
26384
26400
26401
26403
26404
26408
26415
26449
26454
26456
26476
26483
26484
26485
26517
26527
26528
26529
26591
26612
26615
26625
26626
26627
26628
26629
26632
26633
26635
26636
26639
26640
26644
26676
26677
26678
26681
26717
26720
26733
26791
26792
26793
26794
26795
26798
26799
26863
26865
26866
26867
26868
26869
26871
26873
26874
26877
26878
26881
26886
26900
26901
26902
26905
26914
26917
26918
26919
26920
26921
26923
26929
26930
26932
26936
26940
26943
26945
26946
26947
26963
26964
26965
26971
26972
26986
26993
26996
26999
27000
27064
27087
27092
27096
27097
27098
27099
27100
27101
27104
27105
27107
27109
27112
27115
27116
27117
27125
27174
27175
27180
27181
27186
27189
27190
27197
27201
27204
27205
27237
27247
27249
27256
27268
27269
27270
27273
27275
27278
27288
27289
27290
27291
27293
27297
27300
27301
27305
27306
27307
27311
27399
27400
27401
27465
27466
27467
27468
27469
27471
27472
27473
27480
27481
27490
27491
27492
27493
27496
27505
27506
27509
27545
27546
27547
27548
27549
27563
27565
27600
27602
27641
27681
27682
27683
27711
27712
27742
27874
27877
27882
27883
27885
27888
27927
27929
27932
27937
27939
27943
27945
27947
27985
28073
28074
28087
28088
28089
28090
28247
28258
28265
28268
28270
28271
28272
28275
28309
28310
28311
28312
28314
28316
28317
28318
28463
28475
28476
28477
28519
28520
28521
28644
28645
28747
28859
28860
28906
28910
28916
28918
29049
29051
29076
29086
29087
29088
29094
29099
29100
29108
29109
29110
29111
29114
29115
29149
29150
29151
29165
29175
29178
29179
29311
29312
29315
29316
29317
29318
29331
29356
29491
29493
29496
29506
29507
29521
29522
29523
29532
29533
29534
29537
29550
29551
29552
29553
29576
29577
29578
29595
29596
29597
29598
29599
29600
29602
29604
29605
29606
29617
29625
29649
29654
29656
29676
29694
29699
29701
29702
29703
29734
29739
29743
29744
29774
29777
29791
29794
29795
29796
29797
29800
29801
29804
29805
29806
29809
29813
29817
29863
29864
29865
29869
29871
29872
29873
29874
29882
29896
29897
29899
29900
29910
29911
29913
29917
29918
29919
29920
29922
29924
29927
29931
29932
29933
29938
29944
29945
29947
29952
29954
29962
29968
29976
29985
29995
30001
30019
30020
30023
30095
30096
30098
30120
30122
30123
30182
30209
30210
30239
30240
30243
30247
30256
30259
30260
30263
30268
30270
30273
30277
30278
30279
30280
30294
30297
30300
30302
30304
30305
30307
30321
30323
30325
30327
30329
30332
30336
30345
30346
30347
30353
30355
30356
30357
30359
30363
30364
30365
30371
30379
30381
30385
30387
30388
30401
30402
30418
30419
30437
30440
30459
30463
30493
30531
30533
30542
30559
30563
30604
30609
30611
30629
30630
30631
30632
30639
30640
30647
30670
30728
30737
30752
30753
30754
30757
30761
30766
30767
30774
30777
30780
30782
30785
30787
30790
30792
30797
30798
30801
30803
30804
30805
30806
30807
30808
30809
30810
30811
30812
30813
30814
30836
30841
30855
30856
30857
30860
30861
30862
30864
30867
30869
30870
30873
30874
30875
30877
30880
30882
30883
30884
30885
30886
30888
30891
30893
30894
30895
30896
30898
30900
30903
30904
30905
30906
30907
30909
30912
30914
30915
30917
30918
30919
30921
30924
30935
30936
30937
30938
30939
30940
30941
30942
30943
30944
30945
30946
30947
30948
30949
30950
30951
30952
30953
30954
30955
30956
30966
30968
30969
30971
30973
30975
30977
30980
30981
30982
30983
30984
30985
30986
30987
30988
30989
30990
30991
30992
30993
30994
30996
30997
30998
30999
31000
31001
31002
31009
31147
31148
31149
31150
31151
31152
31153
31154
31155
31156
31157
31158
31159
31160
31213
31214
31218
31309
31311
31312
31313
31314
31315
31317
31318
31440
31449
31450
31451
31453
31454
31458
31481
31487
31488
31489
31490
31494
31497
31502
31503
31504
31505
31523
31524
31525
31526
31530
31534
31543
31547
31548
31550
31551
31555
31566
31567
31568
31594
31602
31614
31615
31616
31619
31625
31627
31630
31633
31635
31637
31640
31643
31645
31646
31648
31651
31652
31653
31654
31655
31656
31657
31658
31659
31660
31661
31662
31671
31672
31674
31675
31677
31679
31680
31683
31684
31685
31686
31687
31688
31689
31690
31691
31692
31693
31694
31695
31696
31697
31698
31700
31701
31702
31703
31704
31705
31706
31711
31712
31713
31723
31732
31737
31738
31758
31766
31767
31768
31781
31786
31787
31790
31793
31794
31799
31800
31801
31802
31803
31804
31806
31807
31809
31810
31812
31813
31815
31816
31817
31819
31820
31821
31822
31823
31825
31826
31828
31829
31830
31832
31835
31836
31837
31838
31843
31846
31847
31849
31852
31859
31862
31864
31866
31869
31871
31889
31895
31897
31899
31902
31903
31914
31937
31939
31940
31941
31942
31943
31944
31945
31946
31954
31956
31957
31958
31959
31964
31965
31967
31969
31977
31980
31982
31986
31995
31999
32000
32001
32002
32004
32006
32008
32011
32018
32019
32020
32021
32022
32024
32025
32028
32029
32032
32033
32036
32037
32040
32041
32042
32043
32075
32076
32077
32086
32087
32088
32089
32090
32091
32093
32094
32117
32118
32119
32120
32166
32168
32169
32170
32171
32174
32176
32178
32179
32184
32189
32190
32191
32192
32193
32196
32200
32203
32204
32206
32207
32210
32211
32220
32230
32231
32232
32238
32239
32240
32241
32243
32244
32245
32252
32270
32271
32272
32275
32276
32277
32554
32563
32564
32565
32569
32573
32574
32575
32576
32578
32594
32603
32604
32605
32608
32609
32610
32611
32612
32615
32616
32621
32622
35200
35213
35226
35340
35342
35488
35489
35617
35619
35622
35624
35653
35671
35675
35676
35717
35739
35742
35744
35745
35828
36011
36139
36144
36148
36167
36168
36176
36180
36181
36249
36253
36267
36475
36481
36486
36508
36535
36537
36539
36596
36597
36620
36621
36644
36645
36652
36653
36726
36727
36750
36751
36774
36775
36782
36783
36834
36864
36866
37007
37008
37015
37016
37023
37024
37025
37037
37038
37039
37051
37052
37053
37054
37071
37072
37073
37094
37095
37100
37156
37157
37180
37181
37204
37205
37212
37213
37335
37380
37391
37392
37415
37416
37439
37440
37447
37448
37477
37625
37626
37628
37630
37631
37783
37785
37822
37915
37989
37990
37992
37994
37995
38170
38171
38176
38177
38184
38185
38186
38191
38192
38209
38210
38220
38230
38237
38265
38266
38267
38274
38287
38288
38291
38313
38314
38315
38318
38328
38330
38331
38332
38340
38345
38347
38348
38353
38356
38357
38359
38362
38363
38364
38366
38367
38368
38373
38407
38408
38409
38413
38421
38423
38424
38425
38426
38432
38433
38442
38443
38444
38456
38457
38458
38460
38465
38466
38467
38475
38478
38479
38480
38481
38482
38487
38488
38489
38490
38491
38492
38493
38495
38497
38500
38501
38503
38504
38583
38586
38587
38590
38592
38651
38662
38663
38668
38669
38671
38672
38673
38674
38676
38679
38682
38692
38693
38705
38706
38714
38717
38730
38731
38732
38733
38734
38737
38740
38743
38744
38748
38751
38753
38759
38760
38761
38762
38763
38766
38767
38770
38771
38774
38775
38783
38786
38788
38791
38793
38794
38810
38811
38812
38813
38815
38817
38821
38825
38832
38833
38837
38838
38844
38845
38857
38858
38864
38865
38866
38867
38868
38869
38870
38871
38872
38873
38875
38876
38880
38881
38882
38883
38884
38885
38887
38890
38897
38925
38937
39012
39013
39014
39023
39038
39089
39090
39103
39104
39117
39118
39119
39122
39123
39124
39126
39144
39161
39162
39165
39177
39180
39183
39186
39197
39198
39201
39205
39206
39207
39208
39210
39211
39212
39213
39215
39216
39225
39226
39227
39228
39229
39237
39238
39239
39245
39246
39251
39252
39253
39254
39256
39257
39259
39261
39262
39263
39264
39271
39272
39275
39280
39281
39282
39283
39284
39285
39287
39292
39293
39294
39295
39298
39304
39319
39383
39384
39391
39393
39407
39429
39435
39437
39439
39440
39443
39465
39467
39498
39499
39554
39555
39556
39559
39579
39580
39581
39620
39621
39624
39625
39626
39665
39666
39667
39678
39681
39682
39683
39686
39692
39693
39694
39716
39719
39726
39728
39729
39730
39732
39733
39752
39769
39776
39777
39778
39786
39787
39867
39868
39869
39905
39916
39917
39918
40000
40032
40033
40044
40046
40048
40071
40072
40099
40100
40101
40116
40119
40131
40135
40319
40668
40815
40976
41158
41371
41634
41741
41742
41746
41830
41833
41878
41884
41885
41887
41889
41891
41894
41895
41897
41934
41959
41960
41961
42033
42112
42113
42116
42119
42120
42276
42280
42281
42432
42433
42437
42452
42453
42476
42477
42662
42663
42664
42673
42674
42675
42676
42701
42865
42866
42867
42871
42912
43116
43118
43294
43295
43296
43299
43300
43301
43302
43306
43314
43316
43325
43339
43358
43359
43406
43407
43408
43411
43417
43487
43531
43532
43533
43536
43537
43549
43550
43565
43570
43571
43592
43609
43635
43663
43664
43665
43688
43708
43719
43728
43737
43744
43753
43764
43773
43775
43777
43787
43795
43804
43817
43916
43968
44003
44039
44234
44251
44252
44275
44276
44299
44300
44307
44308
44342
44343
44346
44347
44350
44391
44393
44394
44398
44401
44416
44418
44452
44453
44454
44460
44461
44462
44463
44465
44469
44470
44471
44508
44513
44636
44662
44663
44667
44671
44673
44676
44739
44756
44762
44810
44822
44828
44829
44830
44831
44832
44833
44836
44837
44838
44853
44868
44877
44878
44879
44887
44898
44899
44900
44901
44903
44904
44905
44906
44907
44909
44911
44913
44924
44927
44936
44937
44938
44944
44969
44970
44973
44983
44984
44985
44988
44989
44990
46789
46802
50593
55220
55221
55222
55223
55227
55230
55231
55238
55257
55269
55270
55271
55274
55279
55285
55296
55297
55320
55321
55344
55345
55352
55353
55388
55390
55392
55394
55396
55398
55400
55401
55402
55403
55404
55405
55406
55407
55408
55409
55410
55411
55412
55413
55445
55446
55453
55460
55464
55466
55470
55486
55489
55490
55501
55503
55504
55527
55528
55530
55541
55542
55550
55551
55552
55555
55559
55585
55587
55589
55592
56103
56104
56105
56108
56117
56119
56123
56125
56127
56134
56140
56143
56144
56145
56146
56147
56148
56170
56171
56172
56173
56174
56194
56225
56227
56228
56231
56233
56235
56237
56238
56240
56243
56245
56247
56248
56251
56252
56255
56257
56258
56259
56260
56261
56262
56263
56264
56265
56266
56267
56268
56269
56270
56271
56272
56273
56274
56275
56276
56277
56278
56299
56300
56322
56325
56456
56458
56460
56462
56464
56465
56466
56467
56468
56469
56470
56471
56472
56473
56474
56475
56476
56477
56562
56563
56596
56624
56669
56671
56675
56680
56682
56685
56688
56690
56701
56702
56703
56704
56771
56850
56861
56862
56863
56865
56869
56877
56881
56885
56889
56896
56911
56913
56914
56917
56918
56919
56920
56925
56926
57084
57085
57139
57140
57145
57146
57161
57162
57169
57170
57177
57178
57185
57186
57193
57194
57201
57202
57209
57210
57217
57218
57257
57258
57259
57263
57275
57386
57404
57429
57430
57431
57440
57444
57448
57450
57453
57454
57455
57457
57458
57459
57462
57463
57464
57466
57469
57470
57471
57473
57474
57475
57476
57482
57488
57489
57490
57495
57496
57498
57499
57502
57503
57505
57507
57511
57512
57515
57518
57519
57548
57549
57550
57553
57556
57564
57565
57566
57573
57592
57593
57594
57597
57598
57599
57600
57609
57623
57625
57627
57638
57640
57645
57649
57650
57651
57653
57654
57655
57656
57657
57658
57660
57661
57663
57664
57665
57666
57668
57669
57671
57672
57674
57675
57677
57678
57679
57680
57681
57682
57683
57684
57685
57686
57687
57694
57695
57696
57697
57713
57714
57742
57768
57780
57781
57782
57785
57789
57794
57795
57801
57802
57803
57804
57805
57806
57809
57810
57813
57815
57816
57818
57819
57820
57822
57823
57826
57827
57828
57829
57830
57838
58017
58034
58035
58036
58045
58048
58054
58055
58060
58061
58062
58063
58064
58066
58068
58069
58072
58073
58076
58078
58079
58080
58081
58152
58161
58163
58164
58165
58167
58186
58189
58190
58198
58230
58231
58235
58238
58245
58265
58268
58279
58280
58281
58282
58287
58288
58289
58301
58306
58310
58314
58329
58331
58333
58334
58335
58339
58341
58352
58353
58354
58357
58395
58464
58468
58479
58482
58483
58484
58521
58522
58531
58544
58546
58558
58559
58560
58564
58565
58566
58568
58593
58596
58602
58604
58607
58631
58632
58646
58650
58651
58652
58653
58657
58662
58665
58667
58672
58673
58674
58675
58679
58680
58683
58694
58727
58738
58744
58747
58750
58751
58752
58755
58763
58806
58807
58821
58823
58824
58830
58833
58844
58845
58852
58856
58857
58861
58862
58873
58874
58877
58878
58879
58882
58886
58891
58892
58893
58894
58895
58896
58899
58901
58902
58908
58909
58910
58911
58913
58914
58916
58917
58919
58926
58927
58932
58933
58934
58938
58939
58940
58941
58945
58949
58954
58957
58959
58964
58966
58972
58976
58977
58978
58980
58981
58984
58994
58995
58996
58997
59000
59001
59025
59035
59037
59039
59041
59048
59049
59056
59059
59068
59089
59103
59104
59119
59124
59126
59128
59131
59132
59133
59138
59159
59160
59199
59200
59328
59329
59330
59338
59377
59378
59379
59382
59386
59391
59402
59403
59406
59407
59408
59415
59416
59417
59418
59419
59420
59421
59422
59423
59455
59456
59465
59470
59477
59479
59489
59490
59493
59512
59513
59514
59515
59521
59523
59526
59528
59530
59532
59533
59534
59535
59536
59537
59557
59558
59565
59566
59567
59568
59569
59570
59572
59573
59578
59582
59721
59823
59988
60135
60167
60304
60460
60608
60760
60789
60844
60846
60847
60848
60878
60913
60923
60924
60925
60931
60932
60933
60934
60937
60938
60939
60940
60943
60944
60945
60946
60947
61036
61045
61052
61053
61057
61062
61064
61068
61069
61076
61077
61093
61096
61102
61109
61110
61112
61116
61119
61120
61128
61130
61142
61143
61144
61155
61158
61167
61168
61174
61193
61194
61195
61198
61203
61206
61210
61211
61212
61215
61216
61217
61219
61222
61223
61224
61225
61227
61241
61242
61267
61305
61334
61335
61336
61342
61348
61350
61352
61354
61359
61360
61361
61386
61387
61388
61389
61392
61398
61400
61405
61409
61412
61414
61417
61419
61420
61421
61422
61423
61424
61425
61426
61427
61428
61435
61437
61438
61443
61458
61461
61462
61465
61505
61506
61507
61526
61536
61540
61542
61543
61544
61579
61589
61591
61592
61593
61610
61615
61619
61622
61629
61631
61633
61635
61655
61657
61664
61669
61678
61679
61680
61683
61684
61685
61686
61689
61699
61718
61723
61724
61727
61730
61733
61734
61735
61736
61737
61738
61739
61741
61742
61743
61745
61747
61749
61750
61753
61754
61755
61757
61758
61759
61762
61763
61764
61765
61785
61788
61796
61797
61798
61800
61818
61820
61822
61832
61964
61966
61979
61990
61991
61992
61995
61996
61997
61998
62002
62003
62017
62018
62019
62029
62030
62031
62036
62037
62038
62041
62042
62047
62055
62063
62066
62074
62075
62078
62086
62087
62091
62092
62115
62121
62122
62134
62135
62136
62143
62144
62145
62527
62531
62534
62544
62545
62550
62555
62556
62557
62559
62562
62563
62564
62565
62567
62570
62575
62576
62577
62579
62583
62586
62587
62600
62601
62602
62612
62613
62618
62619
62620
62623
62642
62643
62644
62646
62652
62660
62661
62669
62679
62680
62681
62687
62688
62704
62705
62706
62707
62708
62709
62711
62713
62714
62715
62728
62729
62734
62735
62742
62743
62746
62748
62751
62752
62755
62756
62760
62763
62766
62769
62770
62771
62772
63039
63062
63063
63082
63089
63090
63091
63093
63094
63095
63096
63097
63098
63099
63100
63101
63103
63104
63126
63127
63167
63170
63200
63225
63229
63240
63242
63258
63386
63387
63392
63397
63401
63414
63415
63416
63420
63421
63436
63439
63442
63443
63444
63445
63447
63448
63449
63450
63451
63453
63454
63455
63456
63457
63459
63460
63461
63464
63467
63475
63478
63480
63957
64090
64221
64356
64496
64637
64653
64657
64673
64694
64695
64696
64701
64702
64703
66963
66970
66973
66974
66975
67379
67395
67575
67578
67580
67582
67584
67586
67879
68658
69145
69155
69156
69329
69461
71089
71091
71092
71095
71096
71097
71484
72087
73229
73505
73555
75757
75763
75764
75765
75956
75961
75962
75963
76824
76826
76832
78427
78428
78439
78444
78447
78449
78450
78453
78457
78460
78468
78480
78483
78492
78493
78494
78566
78590
78609
78610
78625
78630
78631
78658
78659
78660
78692
78694
78697
78699
78701
78703
78704
78705
78707
78708
78710
78711
78712
78713
78716
78717
78728
78732
78746
78747
78749
78750
78752
78753
78756
78758
78807
78812
78813
78814
78815
78816
78821
78827
78830
78831
78834
78842
78846
78850
78884
78906
78932
78933
78935
78936
78938
78939
78942
78947
78955
78957
78960
78961
78962
78963
78964
78966
78971
78972
78988
78989
78992
79000
79001
79002
79003
79004
80746
80747
80757
82738
82744
82753
82773
82774
82790
82804
82805
82806
82812
82813
82814
82816
82818
82827
82828
82846
82849
82850
82851
82854
82860
82870
82872
82873
83453
83457
85124
85127
85131
85160
85168
85184
85186
85195
85211
85213
85215
85250
85253
85256
85263
85266
85267
85268
85269
85277
85281
85283
85284
85289
85292
85293
85294
85295
85296
85299
85301
85322
85323
85433
85434
85451
85454
85455
85457
85459
85461
85475
85476
85477
85478
85479
85480
85481
85482
85483
85484
85485
85486
85487
85488
85489
85509
85511
85514
85518
85525
85536
85538
85539
85541
85544
85545
85550
85557
85558
85559
85562
85564
85565
85566
85567
85579
85589
85591
85594
85601
85605
85618
85619
85629
85631
85632
85633
85634
85643
85645
85650
85654
85657
85658
85663
85664
85665
85670
85686
85687
85690
85691
85694
85696
85698
85699
85702
85703
85705
85706
85708
85709
85711
85712
85714
85716
85718
85719
85720
85724
85725
85726
85730
85731
85732
85736
85737
85738
85742
85743
85744
85756
85788
85791
85803
85804
85805
85806
85817
85820
85822
85831
85832
85866
85883
85886
85891
85905
85928
85931
85936
85941
85944
85946
85949
85951
85956
85957
85961
85963
85969
85971
85972
85973
85987
85990
85992
85993
85994
85995
86007
86033
86034
86035
86055
86058
86062
86063
86065
86066
86067
86070
86073
86075
86077
86079
86082
86084
86087
86088
86090
86093
86097
86098
86099
86102
86112
86115
86116
86117
86118
86119
86120
86121
86122
86123
86124
86125
86126
86127
86128
86129
86130
86131
86132
86133
86134
86135
86136
86140
86141
86142
86145
86148
86165
86174
86176
86178
86180
86182
86185
86186
86187
86192
86193
86215
86221
86224
86227
86229
86230
86234
86236
86237
86238
86239
86243
86250
86285
86291
86297
86298
86302
86304
86319
86327
86349
86350
86355
86357
86368
86384
86386
86398
86399
86426
86428
86429
86430
86431
86447
86448
86449
86452
86454
86455
86456
86470
86471
86482
86493
86522
86553
86554
86558
86560
86576
86629
86639
86640
86641
86650
86651
86652
86653
86655
86656
86657
86658
86661
86666
86670
86671
86677
86701
86708
86762
86800
86803
86804
86808
86810
86817
86818
86822
86824
86831
86854
86861
86865
86867
86870
86878
86879
86883
86885
86901
86904
86910
86915
86921
86926
86928
86942
86943
86954
86958
86959
86964
86966
86970
86977
86987
86988
86989
86992
86994
87000
87001
87002
87006
87008
87033
87043
87046
87081
87084
87101
87117
87118
87124
87133
87134
87138
87140
87163
87166
87217
87218
87262
87264
87266
87276
87277
87278
87286
87289
87290
87291
87294
87295
87296
87297
87307
87326
87328
87329
87331
87333
87334
87335
87342
87343
87344
87345
87346
87395
87396
87398
87399
87400
87401
87439
87440
87443
87444
87449
87452
87453
87456
87459
87475
87480
87481
87484
87491
87492
87503
87505
87508
87511
87513
87514
87516
87520
87523
87524
87525
87526
87527
87532
87535
87536
87580
87581
87585
87588
87589
87591
87594
87597
87599
87600
87601
87605
87607
87608
87609
87610
87611
87616
87617
87618
87619
87620
87621
87622
87623
87624
87625
87626
87627
87628
87629
87630
87631
87632
87633
87634
87635
87636
87638
87639
87640
87641
87663
87666
87671
87672
87673
87686
87689
87694
87695
87696
87699
87700
87702
87703
87704
87708
87713
87714
87717
87722
87723
87724
87727
87730
87740
87741
87742
87746
87747
87750
87752
87753
87754
87755
87764
87772
87773
87774
87776
87780
87782
87783
87788
87791
87813
87819
87822
87824
87825
87826
87827
87830
87832
87836
87840
87841
87846
87850
87851
87852
87853
87854
87863
87872
87873
87874
87888
87901
87902
87904
87913
87917
87920
87928
87929
87936
87937
87938
87939
87943
87945
87949
87992
87994
87995
88000
88008
88009
88010
88011
88018
88025
88027
88029
88034
88035
88040
88049
88053
88062
88063
88064
88065
88066
88076
88078
88080
88083
88107
88108
88109
88110
88113
88114
88115
88116
88123
88124
88127
88128
88129
88130
88136
88137
88141
88142
88155
88156
88159
88161
88163
88165
88166
88168
88221
88261
88262
88263
88264
88265
88282
88283
88284
88285
88291
88293
88332
88333
88334
88339
88341
88342
88343
88344
88345
88346
88364
88368
88371
88373
88374
88387
88396
88398
88402
88407
88431
88474
88766
88767
88771
88817
88843
88844
88898
88900
88902
88905
88909
88910
88926
88927
88933
88936
89013
89014
89015
89239
89243
89244
89279
89282
89300
89540
89639
89640
89644
89645
89646
89647
89655
89657
89660
89664
89665
89666
89667
89674
89676
89678
89679
89710
89812
89813
89814
89815
89842
89875
89876
89877
89881
89883
89889
89898
89902
89903
89936
90137
90139
90141
90142
90143
90256
90371
90372
90387
90388
90393
90413
90414
90420
90474
90479
90540
90543
90546
90552
90553
90561
90562
90565
90568
90582
90584
90589
90612
90614
90617
90626
90660
90662
90665
90669
90676
90677
90685
90686
90693
90721
90724
90799
90800
90801
90802
90812
90814
90832
90834
90837
90838
90853
90854
90855
90858
90865
90867
90869
90873
90884
90897
90898
90928
90930
90935
90936
90937
90966
91003
91005
91008
91009
91012
91014
91021
91029
91033
91049
91050
91057
91058
91065
91066
91068
91073
91076
91077
91093
91096
91104
91105
91108
91110
91111
91126
91128
91130
91132
91138
91139
91157
91158
91165
91183
91184
91232
91233
91241
91242
91280
91285
91286
91289
91292
91294
91298
91299
91302
91303
91308
91310
91313
91314
91315
91316
91336
91343
91344
91360
91361
91378
91379
91384
91385
91573
91575
91576
91577
91578
91579
91633
91635
91637
91639
91640
91859
91864
91865
91867
91869
91908
91909
91912
91913
91914
91918
91924
91925
91931
91932
91933
91934
91935
91951
91964
91966
91973
92001
92003
92015
92023
92026
92027
92037
92039
92040
92041
92042
92043
92053
92055
92056
92057
92060
92063
92065
92078
92082
92083
92084
92095
92096
92097
92100
92103
92105
92107
92108
92115
92116
92210
92211
92219
92242
92251
92252
92253
92257
92275
92276
92277
92280
92286
92291
92296
92297
92299
92300
92302
92304
92307
92313
92317
92318
92326
92328
92329
92330
92334
92345
92355
92393
92396
92497
92498
92501
92502
92505
92507
92508
92511
92512
92515
92517
92519
92529
92530
92531
92532
92533
92534
92545
92561
92562
92563
92564
92571
92572
92573
92574
92591
92597
92599
92601
92605
92606
92611
92615
92617
92619
92623
92625
92626
92634
92638
92640
92649
92650
92651
92652
92663
92664
92672
92673
92683
92686
92692
92693
92700
92701
92711
92713
92718
92719
92729
92732
92738
92741
92746
92753
92757
92759
92761
92764
92767
92769
92772
92774
92778
92780
92782
92785
92788
92790
92802
92804
92883
92964
92990
92993
92995
93005
93017
93020
93021
93024
93027
93040
93110
93117
93118
93119
93121
93135
93142
93143
93144
93147
93159
93170
93172
93173
93175
93177
93183
93187
93189
93192
93193
93196
93272
93274
93276
93277
93291
93292
93294
93295
93297
93298
93300
93302
93311
93314
93315
93318
93324
93325
93334
93337
93338
93340
93441
93442
93444
93447
93453
93454
93460
93461
93470
93471
93480
93481
93482
93496
93497
93498
93501
93505
93508
93512
93513
93514
93517
93518
93519
93521
93523
93524
93525
93526
93528
93530
93539
93543
93544
93582
93583
93632
93657
93666
93667
93668
93671
93675
93676
93677
93680
93724
93888
93901
93902
93905
93913
93914
93925
93927
93941
93951
93952
93953
93976
93999
94000
94010
94034
94036
94038
94039
94041
94042
94044
94045
94047
94048
94053
94060
94061
94064
94074
94076
94078
94079
94090
94094
94104
94114
94115
94116
94131
94136
94187
94188
94189
94213
94216
94230
94231
94266
94267
94273
94295
94296
94327
94329
94355
94374
94376
94377
94379
94381
94394
94395
94398
94405
94407
94409
94411
94412
94428
94429
94432
94444
94446
94448
94450
94451
94452
94455
94479
94480
94514
94515
94598
94654
94717
94720
94914
95051
95052
95055
95056
95074
95075
95080
95081
95082
95247
95251
95260
95261
95262
95276
95288
95289
95290
95297
95309
95310
95311
95314
95317
95320
95321
95322
95324
95325
95326
95330
95331
95333
95338
95339
95340
95342
95343
95344
95346
95347
95348
95349
95369
95370
95377
95379
95391
95392
95393
95394
95397
95398
95400
95410
95411
95418
95419
95420
95424
95427
95429
95439
95440
95441
95442
95443
95444
95446
95447
95448
95456
95457
95458
95461
95490
95491
95496
95500
95503
95513
95514
95515
95516
95517
95518
95520
95528
95529
95533
95534
95535
95536
95537
95539
95540
95542
95544
95545
95546
95556
95557
95560
95609
95612
95616
95619
95622
95623
95631
95635
95638
95639
95659
95664
95671
95673
95676
95678
95692
95693
95694
95695
95696
95697
95698
95699
95700
95707
95714
95727
95728
95731
95749
95754
95816
95817
95818
95819
95820
95829
95834
95835
95836
95837
95838
95839
95848
95849
95851
95855
95858
95872
95873
95874
95876
95879
95880
95881
95882
95885
95899
95900
95901
95902
95903
95904
95906
95909
95912
95913
95914
95915
95916
95917
95918
95919
95920
95922
95933
95951
95961
95966
95968
95971
95978
96000
96001
96002
96057
96075
96088
96089
96090
96095
96099
96100
96102
96104
96230
96231
96290
96291
96292
96339
96352
96353
96356
96360
96363
96366
96369
96372
96373
96374
96375
96377
96378
96379
96380
96382
96383
96385
96386
96387
96388
96393
96398
96402
96408
96433
96436
96548
96715
96736
96890
97010
97103
97292
97448
97598
97599
97746
97883
98031
98199
98366
98519
98666
98836
98849
98865
98880
98897
98917
98934
98955
98987
99012
99027
99028
99031
99046
99061
99075
99085
99098
99110
99124
99133
99144
99145
99159
99169
99187
99200
99211
99218
99286
99398
99437
99469
99483
99485
99523
99525
99527
99529
99532
99536
99547
99550
99551
99562
99563
99568
99591
99592
99593
99616
99653
99656
99660
99666
99667
99724
99725
99726
99730
99736
99737
99765
99768
99769
99794
99795
99796
99799
99802
99806
99905
99907
99910
99911
99912
99913
99923
99924
99925
99927
99931
99937
99943
99944
99945
99969
99970
99979
99980
99985
99986
99989
99992
99993
99994
99995
99997
99999
100000
100023
100024
100025
100026
100029
100030
100031
100032
100033
100036
100045
100046
100047
100048
100050
100060
100061
100062
100063
100064
100065
100066
100068
100069
100073
100076
100077
100078
100082
100085
100086
100090
100095
100100
100101
100102
100113
100115
100117
100119
100120
100133
100137
100138
100148
100161
100190
100207
100209
100220
100221
100234
100238
100243
100244
100249
100263
100264
100268
100270
100287
100292
100302
100303
100306
100337
100339
100340
100348
100352
100353
100366
100466
100471
100496
100497
100498
100499
100500
100501
100509
100510
100511
100515
100516
100517
100524
100537
100544
100546
100547
100549
100553
100556
100557
100558
100561
100562
100563
100564
100567
100568
100570
100573
100578
100579
100580
100586
100587
100595
100597
100599
100603
100616
100622
100627
100630
100631
100639
100645
100651
100654
100657
100671
100685
100694
100695
100696
100697
100698
100699
100701
100719
100722
100724
100731
100733
100735
100737
100743
100744
100745
100746
100747
100748
100754
100762
100777
100787
100788
100789
100790
100791
100796
100804
100808
100818
100829
100831
100839
100842
100848
100855
100863
100900
100914
100922
100933
100934
100935
100955
100960
100967
100971
100972
100983
101005
101010
101017
101029
101056
101077
101083
101085
101095
101132
101137
101188
101190
101198
101200
101203
101218
101220
101227
101231
101248
101283
101285
101291
101309
101316
101317
101318
101320
101322
101323
101326
101327
101368
101413
101415
101434
101450
101459
101461
101463
101464
101466
101467
101478
101479
101486
101487
101488
101490
101493
101505
101506
101507
101508
101511
101512
101513
101514
101531
101533
101540
101542
101543
101549
101555
101560
101565
101569
101570
101571
101572
101575
101576
101577
101578
101580
101582
101590
101597
101603
101607
101611
101617
101624
101633
101640
101644
101645
101647
101695
101703
101732
101733
101741
101742
101743
101744
101747
101748
101755
101769
101784
101786
101788
101793
101794
101795
101796
101799
101800
101801
101802
101803
101805
101807
101821
101823
101830
101842
101851
101864
101949
101950
101951
101952
101955
101956
101965
101966
101970
101973
101976
101984
101986
101989
101990
101991
101994
101998
102001
102006
102011
102013
102015
102016
102018
102019
102022
102023
102036
102038
102041
102043
102045
102046
102126
102167
102169
102173
102175
102178
102189
102193
102194
102195
102196
102201
102204
102213
102230
102233
102262
102265
102266
102271
102274
102279
102287
102288
102291
102300
102301
102302
102307
102308
102312
102314
102320
102351
102360
102369
102380
102401
102458
102463
102468
102469
102473
102474
102483
102484
102485
102490
102491
102496
102509
102514
102515
102516
102517
102522
102524
102545
102567
102568
102591
102592
102598
102599
102602
102603
102604
102605
102606
102607
102617
102618
102619
102621
102625
102626
102628
102633
102635
102636
102644
102648
102657
102658
102659
102661
102664
102669
102676
102678
102682
102683
102701
102702
102726
102754
102756
102757
102758
102760
102763
102773
102782
102786
102792
102796
102798
102800
102814
102815
102816
102823
102824
102825
102826
102831
102832
102833
102834
102835
102836
102841
102854
102856
102874
102884
102886
102887
102888
102889
102916
102919
102920
102922
102924
102927
102995
102997
103000
103013
103018
103019
103025
103026
103028
103029
103030
103031
103032
103033
103040
103044
103063
103070
103073
103093
103109
103111
103120
103137
103164
103170
103209
103215
103220
103230
103239
103246
103263
103296
103304
103308
103338
103360
103365
103366
103386
103387
103388
103389
103402
103418
103419
103420
103421
103422
103423
103425
103445
103453
103463
103475
103487
103509
103514
103516
103558
103582
103589
103638
103643
103644
103653
103663
103666
103670
103676
103677
103680
103683
103685
103689
103690
103694
103696
103713
103720
103721
103727
103741
103742
103748
103756
103774
103776
103779
103780
103781
103782
103783
103786
103789
103790
103791
103803
103804
103809
103815
103822
103823
103824
103825
103826
103832
103833
103838
103839
103844
103850
103860
103861
103865
103866
103873
103874
103888
103910
103914
103916
103956
103957
103960
103961
103964
103965
104002
104003
104004
104005
104068
104070
104071
104144
104166
104167
104182
104194
104287
104305
104320
104337
104344
104346
104352
104358
104389
104394
104396
104431
104433
104434
104454
104457
104459
104460
104467
104506
104508
104537
104538
104539
104540
104578
104579
104589
104597
104614
104615
104620
104627
104631
104636
104637
104652
104654
104657
104692
104693
104698
104700
104703
104707
104756
104757
104765
104790
104807
104808
104813
104814
104815
104816
104820
104821
104832
104844
104845
104848
104851
104876
104877
104878
104879
104883
104898
104899
104915
104916
104917
104918
104924
104928
104929
104930
104931
104932
104962
104967
104968
104974
104977
104995
104998
105002
105009
105010
105016
105023
105024
105025
105026
105030
105037
105049
105059
105060
105061
105073
105079
105085
105103
105145
105147
105153
105155
105237
105238
105239
105243
105245
105248
105249
105366
105378
105392
105398
105399
105400
105401
105404
105405
105418
105439
105477
105478
105479
105480
105541
105544
105553
105555
105557
105559
105564
105566
105568
105570
105571
105572
105573
105574
105575
105576
105583
105584
105588
105594
105609
105610
105611
105612
105627
105637
105640
105661
105665
105667
105670
105671
105672
105673
105686
105688
105690
105694
105707
105711
105712
105717
105719
105722
105725
105728
105729
105730
105731
105757
105761
105763
105765
105766
105784
105787
105789
105790
105793
105799
105800
105801
105803
105807
105814
105815
105816
105822
105831
105834
105835
105855
105867
105874
105875
105876
105880
105881
105916
105917
105927
105935
105942
105943
105944
105945
105957
105969
105996
106000
106003
106027
106033
106034
106045
106048
106051
106054
106057
106060
106061
106065
106083
106096
106097
106098
106099
106102
106130
106137
106142
106157
106180
106181
106182
106187
106188
106191
106192
106193
106198
106199
106202
106214
106215
106251
106252
106258
106261
106269
106274
106275
106276
106318
106328
106345
106351
106352
106360
106363
106365
106366
106367
106368
106407
106408
106414
106415
106416
106419
106420
106423
106445
106511
106534
106554
106555
106556
106557
106560
106561
106562
106563
106566
106569
106573
106583
106594
106648
106667
106723
106724
106725
106730
106731
106732
106737
106738
106739
106742
106744
106745
106747
106748
106750
106751
106752
106753
106757
106768
106772
106773
106774
106783
106800
106806
106810
106826
106827
106830
106831
106832
106834
106852
106853
106854
106864
106865
106873
106874
106875
106876
106890
106892
106894
106900
106903
106909
106920
106921
106922
106925
106926
106927
106928
106929
106931
106933
106940
106941
106942
106943
106948
106951
106952
106953
106954
106955
106956
106959
106960
106964
106970
106971
106975
106989
106990
106991
106992
107002
107004
107014
107015
107016
107018
107019
107021
107034
107035
107040
107042
107044
107051
107058
107059
107064
107090
107092
107094
107097
107105
107106
107109
107111
107123
107124
107125
107130
107131
107132
107135
107144
107145
107155
107157
107163
107167
107182
107183
107251
107300
107303
107323
107364
107448
107453
107454
107455
107458
107466
107468
107473
107476
107480
107486
107489
107490
107495
107498
107501
107503
107505
107506
107509
107516
107522
107523
107524
107525
107553
107561
107571
107575
107576
107577
107578
107585
107596
107599
107600
107607
107608
107611
107615
107628
107629
107630
107631
107632
107633
107634
107635
107636
107638
107646
107660
107661
107662
107663
107665
107666
107668
107669
107674
107675
107676
107682
107683
107687
107688
107689
107690
107691
107703
107704
107721
107725
107728
107730
107731
107733
107735
107738
107742
107745
107746
107749
107750
107752
107753
107754
107755
107756
107757
107766
107771
107786
107787
107790
107791
107809
107815
107817
107827
107831
107838
107849
107850
107851
107852
107853
107854
107855
107867
107870
107875
107884
107885
107887
107894
107895
107896
107897
107899
107904
107906
107908
107909
107910
107917
107919
107920
107923
107924
107925
107949
107950
107951
107957
107958
107959
107960
107965
107970
107983
107984
107985
107986
107987
107990
107991
108001
108002
108015
108016
108017
108018
108019
108020
108029
108030
108031
108032
108033
108034
108035
108038
108043
108048
108049
108060
108061
108064
108073
108081
108084
108086
108094
108095
108097
108112
108121
108122
108123
108129
108130
108136
108138
108139
108144
108145
108146
108147
108148
108151
108152
108181
108195
108263
108269
108273
108275
108278
108279
108283
108284
108286
108287
108292
108294
108296
108309
108314
108320
108321
108322
108325
108350
108360
108361
108362
108375
108376
108377
108378
108379
108380
108396
108403
108421
108425
108483
108492
108505
108510
108520
108521
108522
108523
108524
108533
108534
108535
108549
108551
108559
108561
108562
108563
108564
108565
108566
108568
108569
108570
108572
108573
108576
108577
108580
108581
108585
108586
108591
108592
108597
108606
108607
108615
108616
108617
108618
108621
108623
108624
108633
108634
108635
108637
108638
108640
108641
108642
108647
108649
108674
108675
108676
108677
108678
108679
108680
108683
108687
108688
108689
108690
108695
108696
108702
108703
108711
108712
108715
108719
108721
108730
108732
108742
108743
108744
108745
108748
108755
108756
108757
108758
108764
108767
108769
108787
108790
108813
108814
108816
108817
108822
108823
108826
108828
108854
108855
108858
108868
108890
108893
108894
108896
108904
108905
108907
108915
108916
108917
108919
108935
108939
108940
108941
108963
108964
108970
108971
108974
108995
109013
109014
109033
109054
109056
109057
109058
109061
109064
109065
109070
109074
109075
109076
109097
109104
109105
109107
109112
109117
109118
109153
109154
109155
109181
109188
109191
109196
109215
109216
109217
109218
109221
109228
109231
109242
109244
109248
109249
109261
109262
109266
109269
109278
109281
109289
109298
109304
109305
109307
109308
109309
109310
109311
109313
109321
109322
109323
109331
109332
109341
109342
109345
109346
109347
109348
109349
109353
109355
109357
109358
109359
109361
109362
109364
109368
109369
109375
109382
109383
109384
109388
109390
109393
109396
109399
109410
109417
109418
109419
109423
109432
109433
109437
109438
109447
109450
109453
109461
109462
109463
109464
109465
109466
109474
109475
109478
109490
109493
109495
109496
109497
109498
109499
109500
109503
109507
109514
109517
109518
109526
109527
109531
109537
109542
109543
109545
109546
109547
109548
109549
109554
109558
109561
109564
109567
109570
109571
109575
109588
109591
109593
109594
109597
109598
109599
109600
109602
109603
109604
109605
109607
109615
109622
109624
109628
109630
109631
109632
109633
109635
109636
109639
109642
109643
109644
109658
109659
109663
109680
109685
109692
109699
109700
109702
109709
109725
109728
109734
109739
109741
109742
109748
109749
109752
109753
109755
109756
109765
109768
109772
109780
109782
109783
109784
109786
109787
109788
109789
109795
109796
109800
109801
109805
109806
109807
109808
109809
109814
109815
109816
109819
109820
109821
109822
109827
109828
109830
109831
109834
109835
109836
109837
109864
109868
109869
109870
109873
109874
109876
109881
109883
109884
109885
109891
109902
109903
109906
109913
109919
109920
109921
109922
109923
109924
109925
109927
109929
109930
109944
109951
109952
109954
109964
109965
109966
109967
109968
109971
109972
109973
109975
109977
109983
109986
109988
109990
109992
109993
109995
109996
109997
109999
110000
110001
110004
110005
110006
110010
110011
110012
110014
110015
110017
110018
110024
110025
110026
110027
110033
110034
110035
110036
110041
110042
110043
110050
110051
110052
110054
110055
110062
110064
110065
110066
110074
110075
110076
110077
110078
110081
110082
110083
110084
110085
110089
110091
110092
110093
110094
110095
110097
110101
110102
110105
110106
110107
110108
110115
110119
110120
110125
110127
110246
110248
110249
110284
110287
110290
110293
110295
110297
110302
110303
110304
110313
110314
110315
110332
110333
110334
110337
110338
110339
110345
110355
110368
110369
110370
110371
110372
110373
110374
110375
110376
110387
110392
110393
110394
110400
110401
110402
110404
110424
110430
110437
110438
110439
110451
110452
110453
110454
110455
110456
110459
110462
110463
110466
110468
110469
110495
110496
110497
110500
110502
110507
110512
110513
110518
110519
110520
110521
110522
110528
110536
110537
110538
110539
110541
110542
110546
110553
110557
110572
110574
110579
110580
110583
110584
110585
110586
110587
110588
110589
110590
110592
110593
110597
110598
110599
110601
110603
110604
110605
110609
110611
110614
110626
110627
110628
110629
110630
110631
110632
110635
110654
110658
110661
110664
110670
110671
110686
110695
110696
110699
110717
110721
110723
110737
110738
110739
110741
110742
110745
110757
110765
110766
110770
110771
110772
110774
110775
110776
110778
110779
110782
110783
110784
110785
110786
110787
110788
110793
110809
110810
110813
110816
110826
110837
110838
110839
110840
110845
110847
110876
110877
110879
110880
110881
110882
110889
110891
110897
110898
110899
110903
110904
110905
110906
110907
110908
110918
110919
110920
110928
110929
110930
110933
110934
110935
110937
110938
110941
110942
110945
110948
110965
110982
110990
110996
111003
111009
111010
111022
111023
111024
111025
111026
111027
111045
111046
111048
111051
111052
111053
111054
111055
111059
111060
111067
111070
111071
111072
111073
111075
111087
111102
111105
111106
111107
111109
111114
111123
111124
111125
111126
111127
111128
111135
111136
111141
111153
111156
111165
111166
111177
111195
111206
111207
111208
111209
111210
111211
111212
111221
111230
111231
111232
111236
111237
111238
111239
111240
111242
111243
111248
111249
111252
111253
111254
111255
111256
111261
111272
111273
111274
111277
111279
111280
111281
111283
111284
111307
111314
111315
111316
111318
111319
111320
111322
111323
111325
111328
111329
111330
111331
111334
111338
111339
111344
111353
111354
111355
111359
111360
111361
111362
111363
111364
111366
111372
111390
111391
111392
111393
111406
111407
111408
111410
111411
111413
111414
111418
111419
111420
111421
111422
111431
111434
111443
111448
111451
111461
111462
111463
111469
111470
111476
111479
111480
111484
111485
111493
111498
111499
111500
111508
111520
111525
111526
111527
111540
111541
111542
111543
111548
111549
111565
111566
111567
111569
111570
111571
111572
111576
111578
111581
111582
111584
111585
111589
111597
111598
111599
111601
111605
111606
111608
111610
111614
111615
111616
111617
111619
111620
111622
111623
111624
111625
111628
111629
111632
111636
111638
111652
111655
111664
111665
111666
111668
111669
111670
111672
111673
111674
111675
111681
111682
111683
111685
111690
111691
111694
111698
111699
111702
111707
111710
111712
111716
111723
111733
111734
111735
111738
111747
111748
111751
111752
111754
111755
111786
111789
111808
111809
111810
111819
111820
111823
111824
111825
111826
111839
111840
111842
111855
111856
111859
111860
111861
111862
111866
111867
111870
111871
111872
111875
111882
111883
111884
111888
111927
111930
111989
111990
111995
112005
112006
112007
112012
112019
112024
112026
112027
112041
112047
112048
112052
112053
112056
112057
112066
112067
112070
112072
112079
112081
112082
112088
112089
112110
112115
112116
112117
112118
112119
112140
112186
112190
112193
112195
112236
112239
112246
112251
112260
112269
112270
112271
112272
112274
112276
112277
112280
112286
112294
112295
112308
112313
112314
112326
112331
112332
112333
112346
112347
112351
112354
112355
112356
112357
112358
112361
112362
112363
112364
112365
112367
112368
112380
112386
112389
112394
112397
112407
112408
112409
112410
112416
112417
112418
112428
112431
112432
112446
112447
112448
112449
112450
112451
112456
112459
112460
112461
112462
112463
112468
112469
112470
112478
112482
112496
112497
112505
112514
112529
112536
112537
112539
112540
112543
112548
112556
112557
112558
112566
112567
112568
112569
112570
112571
112572
112588
112601
112602
112605
112608
112627
112628
112629
112630
112631
112632
112651
112652
112655
112662
112674
112675
112676
112677
112678
112679
112680
112683
112684
112690
112702
112705
112707
112721
112722
112726
112727
112728
112729
112730
112736
112744
112754
112755
112756
112757
112758
112759
112760
112761
112762
112783
112795
112796
112798
112803
112804
112812
112815
112817
112818
112821
112824
112827
112829
112832
112833
112835
112842
112851
112852
112853
112854
112855
112856
112875
112876
112883
112890
112891
112892
112901
112904
112908
112909
112910
112911
112916
112917
112918
112920
112921
112923
112926
112928
112930
112938
112942
112946
112949
112950
112959
112963
112970
112971
112975
112982
112986
112987
112990
112991
112992
112996
113001
113032
113036
113039
113043
113049
113059
113075
113078
113080
113084
113086
113087
113088
113098
113099
113100
113101
113102
113103
113111
113112
113120
113121
113122
113130
113134
113140
113145
113146
113156
113169
113172
113178
113181
113184
113187
113188
113222
113223
113224
113241
113242
113243
113244
113247
113248
113250
113252
113253
113254
113261
113262
113263
113264
113265
113269
113271
113275
113276
113277
113281
113282
113283
113290
113293
113294
113295
113296
113298
113300
113303
113305
113307
113314
113315
113316
113322
113323
113326
113329
113333
113336
113337
113346
113347
113353
113360
113363
113364
113367
113368
113369
113370
113375
113381
113385
113389
113397
113416
113433
113434
113449
113452
113453
113454
113458
113470
113474
113484
113489
113507
113517
113519
113520
113522
113531
113542
113558
113607
113608
113609
113610
113613
113643
113644
113646
113651
113657
113662
113663
113672
113673
113676
113687
113688
113689
113698
113703
113713
113729
113730
113766
113767
113768
113771
113772
113775
113792
113793
113794
113797
113802
113803
113804
113813
113815
113827
113833
113836
113844
113859
113862
113868
113871
113878
113883
113893
113899
113905
113929
113930
113931
113934
113940
113946
113947
113950
113951
113952
113959
113960
113963
113965
113967
113969
113973
113977
113984
113987
113988
113998
113999
114001
114004
114005
114006
114009
114010
114014
114019
114025
114027
114033
114034
114035
114044
114046
114049
114052
114057
114058
114059
114061
114062
114063
114064
114066
114069
114070
114073
114074
114077
114085
114090
114091
114095
114096
114097
114098
114099
114106
114107
114110
114111
114113
114134
114137
114140
114145
114149
114150
114158
114165
114172
114175
114178
114181
114184
114185
114188
114216
114219
114225
114226
114233
114234
114239
114240
114242
114243
114244
114245
114246
114249
114250
114252
114254
114260
114261
114271
114272
114273
114275
114277
114278
114279
114282
114285
114286
114287
114296
114299
114302
114303
114306
114307
114308
114310
114311
114312
114313
114314
114315
114318
114319
114320
114322
114323
114325
114326
114332
114337
114348
114353
114354
114367
114368
114371
114372
114373
114375
114376
114377
114378
114384
114392
114409
114410
114411
114415
114416
114420
114423
114424
114427
114428
114429
114433
114453
114457
114458
114460
114461
114462
114469
114470
114474
114475
114478
114479
114486
114489
114493
114494
114495
114496
114497
114500
114501
114508
114511
114512
114513
114514
114515
114526
114527
114556
114558
114562
114567
114570
114571
114572
114573
114574
114575
114581
114582
114583
114585
114586
114587
114588
114589
114590
114592
114593
114600
114603
114607
114608
114614
114619
114620
114621
114622
114623
114624
114626
114627
114628
114629
114630
114631
114632
114634
114635
114636
114643
114658
114661
114662
114667
114668
114669
114675
114680
114683
114684
114687
114690
114699
114701
114708
114716
114717
114726
114727
114743
114744
114745
114749
114751
114752
114753
114754
114762
114763
114772
114778
114818
114819
114824
114825
114845
114846
114849
114854
114855
114862
114863
114872
114873
114879
114881
114882
114891
114896
114897
114903
114905
114906
114913
114914
114915
114922
114923
114943
114956
114961
114963
114964
114965
114968
114969
114971
114972
114976
114978
114987
114988
114989
114990
114991
114992
114993
114995
114996
114998
114999
115001
115002
115004
115006
115007
115008
115009
115011
115012
115013
115016
115017
115018
115019
115020
115022
115023
115024
115038
115040
115041
115042
115043
115044
115045
115046
115047
115048
115051
115059
115060
115061
115065
115071
115074
115077
115078
115082
115084
115090
115092
115095
115111
115112
115116
115117
115118
115131
115133
115134
115136
115138
115139
115142
115143
115156
115157
115166
115176
115177
115178
115179
115180
115188
115189
115190
115195
115196
115197
115198
115205
115225
115229
115234
115236
115239
115241
115242
115243
115245
115253
115254
115255
115256
115257
115258
115259
115264
115272
115273
115274
115276
115277
115278
115279
115281
115283
115284
115286
115287
115288
115290
115291
115292
115294
115295
115297
115300
115301
115309
115310
115311
115312
115313
115314
115325
115326
115327
115328
115329
115330
115331
115335
115337
115338
115339
115343
115346
115349
115350
115351
115353
115357
115359
115360
115361
115362
115363
115364
115366
115369
115371
115408
115418
115421
115422
115438
115477
115492
115493
115494
115508
115509
115510
115512
115513
115519
115526
115527
115536
115537
115538
115547
115555
115556
115557
115562
115584
115592
115593
115594
115595
115598
115599
115601
115604
115606
115607
115609
115615
115616
115617
115618
115621
115622
115623
115636
115637
115638
115643
115644
115645
115646
115653
115655
115667
115668
115669
115675
115687
115688
115689
115701
115702
115703
115709
115717
115718
115719
115727
115728
115729
115737
115738
115739
115747
115748
115749
115753
115754
115755
115763
115764
115765
115773
115774
115775
115782
115783
115784
115789
115790
115791
115807
115808
115809
115810
115811
115812
115840
115846
115857
115858
115859
115867
115868
115869
115877
115878
115879
115885
115917
115929
115930
115931
115939
115940
115941
115949
115950
115951
115952
115966
115967
115968
115976
115977
115978
115986
115987
115988
115997
115998
115999
116007
116008
116009
116018
116019
116022
116027
116028
116029
116038
116039
116040
116050
116051
116052
116061
116062
116063
116071
116072
116073
116091
116092
116093
116095
116104
116105
116106
116120
116121
116130
116132
116133
116134
116138
116140
116152
116168
116171
116177
116195
116202
116210
116279
116280
116284
116286
116288
116291
116294
116295
116297
116299
116300
116302
116304
116307
116336
116340
116341
116342
116343
116344
116346
116352
116368
116374
116380
116383
116385
116386
116387
116400
116402
116410
116411
116415
116419
116438
116442
116447
116449
116451
116454
116461
116471
116484
116488
116513
116515
116519
116523
116526
116529
116532
116534
116536
116538
116541
116544
116545
116548
116551
116559
116560
116565
116566
116571
116574
116575
116576
116577
116579
116580
116581
116586
116590
116591
116595
116596
116601
116602
116603
116607
116608
116615
116617
116620
116624
116625
116654
116661
116662
116663
116664
116689
116691
116692
116694
116697
116703
116704
116705
116707
116708
116710
116711
116713
116714
116715
116716
116720
116763
116765
116766
116780
116781
116793
116804
116807
116808
116824
116841
116843
116852
116862
116864
116874
116901
116920
116928
116938
116945
116946
116950
116970
116976
116980
116982
116985
116998
116999
117000
117008
117009
117010
117021
117022
117041
117042
117043
117046
117056
117059
117060
117061
117062
117063
117064
117065
117066
117067
117068
117069
117070
117071
117072
117099
117112
117113
117145
117146
117147
117148
117151
117152
117162
117166
117171
117177
117178
117183
117184
117185
117187
117188
117189
117191
117192
117193
117198
117199
117201
117214
117227
117245
117286
117299
117445
117461
117465
117466
117467
117470
117478
117487
117499
117508
117509
117546
117549
117572
117573
117575
117578
117580
117581
117582
117583
117589
117590
117602
117604
117611
117612
117642
117661
117662
117663
117665
117667
117668
117669
117670
117671
117672
117676
117677
117679
117680
117741
117783
117784
117788
117796
117801
117807
117819
117855
117877
117891
117909
117922
117931
117932
117938
117939
117945
117951
117959
117997
118018
118021
118024
118028
118037
118055
118058
118060
118061
118064
118065
118066
118067
118072
118073
118076
118077
118078
118112
118165
118168
118181
118183
118282
118283
118336
118350
118351
118357
118380
118384
118399
118406
118419
118420
118421
118437
118438
118507
118518
118519
118534
118535
118554
118555
118577
118579
118648
118653
118655
118657
118670
118671
118676
118683
118684
118688
118701
118709
118721
118722
118723
118724
118731
118740
118741
118742
118744
118745
118747
118748
118750
118757
118758
118848
118857
118864
118875
118883
118911
118917
118947
118948
118967
118968
118986
118994
119012
119042
119064
119094
119114
119121
119135
119159
119297
119302
119305
119308
119309
119337
119342
119400
119417
119429
119459
119470
119473
119476
119478
119479
119486
119496
119497
119508
119510
119512
119513
119514
119516
119518
119519
119520
119522
119531
119532
119533
119547
119553
119554
119555
119557
119558
119561
119562
119646
119647
119648
119657
119659
119666
119676
119679
119689
119701
119703
119712
119721
119722
119738
119766
119775
119782
119814
119867
119874
119876
119887
119888
119889
119903
119906
119908
119909
119910
119913
119919
119922
119923
119945
119958
119959
119961
119972
119975
119978
119981
119984
119987
119989
119990
119991
119992
119993
119995
119996
119997
119999
120000
120001
120002
120004
120005
120007
120008
120010
120011
120013
120014
120015
120017
120019
120020
120021
120032
120036
120037
120041
120043
120044
120047
120048
120051
120052
120053
120054
120055
120063
120081
120093
120105
120109
120110
120112
120113
120124
120139
120149
120158
120169
120170
120171
120172
120173
120175
120176
120177
120180
120185
120188
120198
120199
120200
120201
120202
120205
120210
120213
120214
120218
120219
120238
120242
120280
120296
120300
120311
120312
120313
120315
120358
120359
120360
120362
120364
120389
120390
120391
120394
120397
120400
120403
120420
120421
120422
120423
120424
120426
120428
120429
120432
120433
120436
120437
120440
120441
120443
120444
120518
120522
120552
120566
120596
120608
120611
120620
120623
120624
120625
120643
120644
120670
120672
120673
120674
120675
120680
120682
120683
120684
120689
120691
120692
120693
120695
120697
120699
120700
120702
120725
120728
120731
120732
120733
120737
120746
120751
120752
120756
120759
120760
120761
120770
120771
120772
120783
120790
120791
120801
120802
120803
120804
120809
120810
120811
120813
120815
120842
120847
120875
120876
120880
120887
120890
120898
120899
120902
120908
120918
120923
120926
120928
120937
120942
120944
120959
120975
120983
121007
121021
121022
121070
121081
121115
121119
121120
121130
121132
121138
121143
121158
121159
121160
121161
121196
121202
121204
121206
121209
121210
121211
121212
121213
121214
121222
121226
121228
121233
121234
121235
121236
121237
121250
121256
121258
121263
121271
121288
121289
121290
121291
121295
121305
121306
121311
121318
121319
121325
121327
121330
121333
121334
121343
121345
121351
121354
121362
121363
121385
121416
121424
121430
121445
121454
121457
121463
121464
121465
121468
121471
121472
121475
121486
121487
121489
121492
121493
121494
121495
121498
121503
121516
121517
121524
121534
121537
121538
121539
121541
121543
121555
121560
121561
121562
121578
121580
121591
121598
121605
121610
121616
121625
121626
121633
121634
121641
121661
121677
121680
121685
121692
121695
121703
121714
121757
121762
121774
121785
121787
121790
121795
121806
121809
121810
121811
121815
121818
121819
121826
121841
121855
121856
121878
121882
121884
121887
121888
121891
121901
121909
121916
121917
121933
121937
121942
121950
121957
121963
121964
121970
121975
121976
121979
121987
121989
121992
121996
121997
121999
122018
122019
122020
122031
122034
122041
122048
122049
122064
122070
122071
122079
122080
122081
122082
122084
122085
122086
122089
122097
122098
122100
122103
122105
122106
122107
122108
122109
122113
122114
122116
122118
122119
122120
122166
122167
122168
122170
122171
122172
122177
122178
122188
122208
122216
122290
122294
122301
122303
122309
122311
122315
122316
122320
122329
122335
122371
122382
122388
122389
122395
122396
122432
122437
122446
122450
122454
122457
122466
122473
122474
122477
122480
122482
122483
122506
122549
122555
122556
122557
122558
122559
122560
122592
122593
122597
122601
122673
122689
122710
122711
122712
122714
122721
122733
122736
122737
122738
122755
122779
122793
122794
122836
122847
122947
123039
123040
123085
123116
123117
123145
123148
123182
123192
123193
123194
123195
123202
123203
123204
123206
123208
123209
123210
123213
123214
123215
123216
123218
123221
123223
123227
123242
123265
123407
123409
123410
123450
123451
123464
123482
123533
123534
123539
123540
123555
123556
123557
123561
123590
123597
123698
123718
123730
123755
123782
123789
123791
123823
123824
123854
123901
123908
123909
123910
123957
123977
123978
123979
123982
123983
123994
124025
124026
124027
124028
124033
124054
124063
124088
124091
124094
124102
124103
124104
124105
124117
124188
124189
124212
124213
124236
124237
124258
124259
124343
124358
124359
124360
124361
124378
124444
124445
124468
124469
124492
124493
124514
124515
124593
124634
124635
124636
124653
124654
124655
124656
124657
124666
124705
124714
124763
124764
124765
124766
124781
124782
124937
124950
124974
124975
124976
124977
124978
124982
124998
125019
125020
125021
125023
125030
125039
125042
125057
125060
125062
125063
125064
125068
125086
125089
125106
125107
125110
125125
125132
125134
125161
125311
125324
125328
125356
125358
125359
125363
125370
125372
125373
125384
125385
125386
125390
125391
125392
125393
125396
125426
125431
125446
125449
125452
125455
125460
125463
125464
125467
125468
125469
125470
125473
125474
125476
125478
125479
125480
125481
125483
125484
125487
125489
125492
125493
125496
125497
125499
125500
125501
125502
125503
125506
125507
125525
125591
125592
125607
125610
125626
125627
125628
125636
125641
125642
125643
125654
125655
125658
125670
125679
125680
125681
125682
125685
125686
125687
125688
125699
125700
125701
125702
125707
125722
125749
125752
125754
125778
125779
125780
125781
125782
125786
125800
125801
125802
125803
125804
125805
125813
125814
125815
125816
125817
125818
125821
125827
125830
125831
125833
125835
125839
125840
125841
125842
125843
125844
125845
125861
125863
125873
125875
125877
125878
125880
125881
125889
125902
125904
125914
125923
125953
125954
125963
125964
125965
125967
125968
125973
125975
125976
125977
126147
126264
126304
126309
126310
126311
126312
126319
126329
126330
126331
126334
126338
126340
126342
126344
126348
126349
126350
126352
126354
126355
126357
126359
126368
126369
126380
126381
126382
126383
126384
126387
126388
126396
126397
126398
126402
126412
126415
126418
126423
126427
126428
126434
126435
126445
126447
126454
126455
126458
126459
126472
126473
126555
126558
126563
126571
126575
126576
126578
126580
126584
126600
126601
126602
126609
126610
126614
126615
126616
126619
126622
126624
126626
126627
126628
126631
126633
126643
126651
126702
126703
126704
126707
126740
126751
126752
126753
126754
126755
126757
126760
126764
126765
126770
126771
126772
126775
126778
126779
126780
126781
127105
127111
127126
127136
127137
127147
127154
127159
127161
127162
127163
127166
127167
127168
127170
127171
127172
127182
127198
127202
127203
127215
127243
127263
127266
127283
127285
127293
127302
127316
127340
127342
127345
127350
127354
127363
127384
127386
127388
127390
127415
127416
127417
127418
127419
127430
127463
127465
127479
127482
127483
127506
127509
127511
127513
127515
127517
127518
127519
127581
127585
127593
127617
127618
127621
127629
127632
127637
127646
127649
127652
127659
127664
127670
127671
127676
127687
127690
127697
127700
127702
127704
127705
127710
127714
127720
127725
127728
127733
127736
127746
127748
127756
127757
127761
127766
127770
127771
127778
127782
127784
127792
127793
127794
127795
127799
127800
127801
127810
127811
127813
127824
127829
127832
127833
127838
127858
127860
127866
127872
127885
127886
127887
127931
127934
127950
127951
127986
128001
128002
128003
128009
128076
128082
128085
128086
128111
128138
128184
128205
128346
128349
128351
128352
128466
128504
128585
128586
128587
128588
128986
129027
129050
129051
129052
129643
129644
129647
129648
129649
129652
129682
129688
129690
129692
129694
129696
129698
129722
129764
129766
129767
130937
130960
130983
130984
130985
132965
133445
133492
133493
133507
133509
133511
133513
133515
133516
133517
133518
133522
133523
133528
133531
133534
133535
134421
135603
136609
136619
136620
136624
136635
136637
136649
136651
136652
140923
140925
140935
140938
140939
141580
142226
145189
145740
145742
145745
145746
145748
145750
145751
145754
145757
145758
145760
145763
145765
145766
145768
145770
145773
145782
145825
145826
145827
146014
146189
146551
146557
146600
146998
147641
148044
148045
148048
148418
148775
148782
148797
149532
149533
149536
149851
150176
150449
150912
151336
152416
152444
152637
152666
154544
154814
155298
156959
158429
158443
158446
158447
158448
158450
158451
158452
158453
158454
158455
158466
158469
158470
158471
158489
158516
158519
158567
158572
158584
158593
158600
158601
159008
159009
163602
165507
165508
165525
165637
165640
165642
165644
165646
165648
165649
165651
165652
165654
165655
165667
165760
165761
165762
165765
165766
165874
165875
165876
166102
167733
167734
167741
168492
168573
168582
168583
168585
168705
168706
168707
168708
168709
168710
168718
168770
168846
169744
169746
169901
169910
170189
170190
173079
173086
173087
173088
173089
173091
173092
173106
173107
173108
173112
173113
173114
173115
173116
173117
173118
173119
173129
173130
173257
173258
173600
173958
174134
174137
174399
174591
174596
177126
177269
177270
177482
177647
177764
177765
177767
177769
177771
177772
177774
177775
177778
177779
177783
177784
181202
181307
181455
182097
182117
182118
182122
182123
182127
182178
182222
182224
182278
182308
182309
182310
186466
186468
186470
186472
186473
186476
186478
186480
186483
186484
186543
187041
187044
187076
187431
187531
187532
187533
187775
187800
187836
187839
187843
187846
187849
188009
188011
188012
188013
188014
188015
188016
188017
188018
188019
188135
188176
188177
188185
188186
188187
188260
188262
188283
188285
188286
188287
188294
188299
188304
188385
188386
188387
188388
188389
188410
188443
188444
188454
188455
188649
188705
188888
189328
189356
189835
189924
190961
190987
191083
191085
191091
191097
191098
191099
191102
191103
191117
191118
191129
191135
191136
191137
191273
191274
191275
191395
191474
191572
191654
191658
191674
191675
191676
191783
191794
191832
191844
191846
191855
191863
191864
191874
191882
191953
191962
191973
192028
192061
192068
192069
192176
192182
192190
192306
192308
192370
192403
192413
192521
192539
192554
192636
192646
192698
192762
192765
192814
192829
192830
192881
192898
192902
192916
192928
192956
193004
193083
193087
193088
193089
193090
193152
193210
193212
193213
193219
193220
193322
193324
193325
193326
193327
193328
193342
193670
193675
193676
193833
193868
193917
193921
194019
194065
194066
194067
194252
194257
194368
194429
194458
194544
194554
194555
194609
194610
194661
194662
194673
194686
194700
194703
194774
194775
194776
194777
194799
194800
194866
194867
194868
194869
194870
194871
194872
194873
194879
194880
194901
194911
194958
194959
194963
194964
194965
195085
195093
195108
195109
195111
195120
195121
195122
195404
195502
195759
195762
195807
195847
195854
195954
196024
196025
196026
196029
196030
196260
196293
196452
196455
196458
196461
196485
196486
196489
196582
196583
196587
196589
196592
196596
196597
196599
196602
196604
196605
196636
196641
196701
196742
196745
196749
196750
196788
196875
196876
196877
196881
196897
196898
196906
196938
196960
196985
197008
197013
197082
197083
197168
197296
197335
197337
197338
197347
197433
197453
197557
197558
197559
197608
197804
197805
198070
198072
198079
198094
198167
198521
198640
198641
198642
198847
198969
