75
87
88
230
231
271
272
380
381
542
543
553
554
568
569
570
571
701
702
703
742
743
768
769
775
776
869
870
872
901
902
922
923
994
995
1018
1019
1042
1043
1050
1051
1124
1125
1148
1149
1172
1173
1180
1181
1235
1236
1237
1252
1253
1276
1277
1284
1285
1292
1293
1294
1302
1303
1304
1313
1314
1321
1322
1329
1330
1331
1393
1394
1417
1418
1441
1442
1449
1450
1506
1507
1521
1522
1557
1558
1560
1561
1562
1563
1564
1565
1566
1567
1568
1569
1570
1571
1572
1573
1588
1589
1592
1597
1598
1631
1632
1633
1651
1652
1685
1687
1688
1697
1698
1793
1794
1806
1808
1809
1843
1844
1872
1873
1875
1876
1877
1878
1879
1880
1888
1889
1890
1893
1894
1937
1938
1982
1983
1985
1989
1990
2055
2066
2067
2085
2086
2087
2091
2093
2107
2127
2231
2232
2238
2239
2246
2247
2248
2268
2272
2322
2323
2324
2671
2672
2954
2955
2979
2981
2982
3089
3090
3541
3542
3550
3551
3552
3553
3554
4569
4570
4823
4824
4825
4826
4827
4828
4951
5904
5905
7032
7033
7042
7043
7044
9705
9706
9707
9713
9714
9715
9716
9737
9738
9744
9745
9753
9754
9755
9769
9770
9777
9778
9829
9830
9879
9880
9903
9904
9927
9928
9949
9950
10084
10085
10086
10089
10135
10142
10149
10152
10167
10176
10177
10182
10183
10184
10188
10191
10193
10195
10198
10210
10214
10215
10216
10217
10218
10219
10220
10221
10222
10223
10224
10225
10317
10318
10328
10329
10330
10333
10341
10364
10371
10372
10373
10374
10376
10378
10383
10384
10396
10399
10400
10401
10403
10407
10408
10410
10412
10424
10426
10428
10430
10433
10435
10438
10440
10442
10443
10444
10445
10446
10447
10448
10471
10476
10483
10484
10485
10486
10488
10489
10490
10493
10494
10495
10497
10498
10499
10503
10505
10506
10508
10509
10512
10513
10514
10517
10518
10520
10521
10528
10529
10532
10533
10535
10536
10537
10539
10540
10541
10552
10553
10554
10555
10556
10557
10558
10559
10560
10561
10562
10563
10564
10565
10566
10587
10589
10590
10592
10593
10596
10598
10601
10602
10605
10607
10608
10611
10612
10613
10614
10615
10616
10617
10618
10619
10620
10621
10622
10623
10624
10625
10626
10627
10628
10629
10630
10631
10670
10673
10709
10725
10730
10731
10732
10735
10739
10742
10746
10753
10754
10755
10756
10757
10761
10777
10778
10779
10780
10784
10808
10819
10822
10823
10824
10825
10828
10844
10870
10871
10872
10957
10958
10963
10964
10996
10997
11009
11010
11083
11084
11091
11092
11099
11100
11107
11108
11125
11126
11150
11151
11208
11209
11210
11211
11254
11255
11263
11264
11265
11284
11285
11286
11289
11290
11291
11293
11446
11454
11455
11456
11463
11465
11466
11467
11480
11486
11488
11489
11490
11491
11523
11530
11535
11538
11539
11569
11580
11581
11586
11587
11588
11589
11590
11591
11595
11600
11613
11614
11615
11622
11623
11624
11630
11632
11656
11657
11659
11662
11663
11666
11667
11676
11707
11708
11726
11729
11732
11733
11734
11735
11736
11737
11741
11742
11745
11786
11787
11791
11816
11817
11848
11887
11888
11898
11949
11951
11996
11998
12001
12005
12008
12010
12011
12013
12016
12017
12019
12020
12021
12043
12127
12128
12132
12162
12163
12186
12187
12217
12218
12245
12246
12290
12312
12348
12352
12353
12359
12360
12361
12363
12367
12383
12518
12526
12528
12530
12531
12532
12536
12537
12538
12539
12540
12858
12867
12868
12869
12876
12877
12878
12879
12883
12884
12893
12894
12895
12898
12902
12903
12905
12933
12937
12938
12939
12941
13080
13182
13183
13184
13188
13531
13592
13595
13603
13604
13605
13609
13617
13618
13619
13998
14854
14855
14856
14857
14936
16969
16970
16971
19863
19906
19919
19935
19962
19963
19986
19987
20010
20011
20032
20033
20068
20076
20152
20153
20176
20177
20200
20201
20222
20223
20257
20259
20260
20263
20264
20268
20271
20276
20277
20278
20281
20284
20294
20295
20296
20297
20303
20319
20470
20471
20474
20545
20578
20582
20615
20617
20621
20633
20634
20637
20638
20639
20641
20643
20644
20650
20651
20665
20666
20670
20672
20677
20684
20686
20687
20688
20691
20696
20697
20705
20735
20736
20737
20740
20744
20748
20752
20753
20754
20761
20766
20768
20771
20775
20779
20780
20783
20787
20789
20792
20794
20797
20799
20801
20804
20805
20806
20807
20808
20809
20810
20811
20819
20821
20824
20825
20827
20829
20831
20834
20836
20838
20840
20841
20843
20844
20845
20846
20847
20848
20849
20850
20851
20852
20853
20854
20855
20856
20857
20858
20859
20860
20861
20862
20863
20868
20875
20876
20877
20882
20888
20892
20893
20894
20895
20900
20902
20903
20905
20906
20911
20914
20932
20933
20934
20935
20937
20939
20940
20945
20946
20961
20973
20975
20976
20977
20981
20985
20988
20989
20999
21002
21004
21006
21029
21035
21036
21039
21040
21045
21046
21049
21051
21052
21053
21054
21060
21061
21062
21065
21069
21070
21072
21073
21076
21078
21090
21092
21093
21094
21095
21099
21101
21103
21104
21107
21108
21109
21110
21111
21112
21113
21116
21117
21126
21127
21130
21142
21150
21152
21155
21157
21159
21160
21164
21166
21168
21171
21173
21175
21176
21177
21178
21179
21189
21201
21202
21203
21204
21205
21206
21207
21208
21209
21210
21211
21212
21213
21214
21215
21216
21217
21234
21235
21236
21237
21272
21279
21280
21303
21305
21307
21313
21315
21323
21324
21335
21336
21338
21360
21430
21458
21459
21478
21481
21483
21484
21486
21494
21495
21496
21624
21625
21626
21627
21628
21629
21630
21631
21632
21633
21634
21635
21636
21637
21690
21691
21738
21739
21740
21741
21747
21757
21767
21769
21771
21784
21785
21786
21787
21790
21791
21802
21803
21804
21805
21814
21815
21816
21817
21824
21840
21864
21867
21870
21874
21876
21879
21881
21896
21937
21959
22073
22076
22077
22120
22195
22196
22199
22278
22392
23029
23541
23586
23720
23721
23722
23732
23806
23918
24104
24310
24482
24483
24486
24678
24878
24880
25050
25068
25069
25070
25078
25142
25148
25154
25155
25156
25157
25160
25166
25167
25169
25170
25185
25187
25188
25193
25209
25214
25215
25216
25217
25218
25221
25223
25226
25227
25235
25236
25237
25242
25243
25246
25247
25252
25255
25260
25262
25263
25266
25274
25275
25281
25282
25285
25287
25348
25351
25358
25359
25360
25364
25369
25371
25372
25379
25386
25387
25388
25392
25394
25398
25400
25401
25410
25411
25412
25439
25522
25523
25527
25528
25543
25544
25553
25554
25569
25570
25621
25622
25659
25660
25674
25675
25687
25688
25703
25704
25708
25709
25909
25910
25960
25967
25968
25975
25976
25992
25993
25994
25998
26000
26004
26006
26007
26008
26048
26059
26060
26068
26069
26070
26071
26072
26078
26079
26080
26083
26093
26094
26104
26105
26106
26109
26114
26120
26130
26135
26147
26152
26154
26155
26156
26157
26158
26159
26160
26161
26182
26195
26196
26197
26257
26258
26259
26260
26261
26296
26309
26310
26311
26320
26323
26327
26329
26332
26333
26334
26335
26337
26338
26340
26341
26348
26350
26351
26353
26355
26356
26359
26360
26361
26363
26367
26369
26372
26373
26378
26379
26381
26383
26396
26399
26409
26410
26417
26418
26434
26436
26437
26438
26440
26442
26447
26448
26462
26465
26466
26475
26477
26478
26481
26490
26500
26501
26502
27607
27609
28065
28716
28719
28724
28725
28726
28730
28731
28734
28735
28746
28747
28750
28753
28757
28793
28794
28805
28806
28808
28816
28817
28818
28822
28829
28830
28831
28834
28844
28852
28853
28854
28856
28858
28866
28867
28871
28912
28913
28914
28915
28916
28917
28918
28919
28920
28921
28922
28923
28924
28925
28938
28939
28970
28996
28997
29026
29087
29088
29089
29090
29091
29092
29093
29094
29166
29248
29470
29692
29700
29701
29730
29731
29732
29735
29740
29741
29747
29760
29761
29763
29764
29770
29775
29779
29781
29783
29785
29790
29792
29806
29807
29813
29814
29821
29822
29843
29848
29849
29850
29851
29856
29863
29865
29867
29869
29870
29871
29914
29915
29950
29951
29952
29955
29957
29963
29965
29967
29968
29974
29977
29978
29987
29988
29989
29990
29991
29995
30001
30006
30007
30008
30009
30011
30014
30024
30025
30030
30033
30034
30043
30045
30049
30054
30062
30065
30067
30068
30069
30072
30075
30076
30079
30088
30091
30092
30095
30096
30102
30105
30106
30113
30114
30138
30139
30140
30144
30156
30157
30158
30164
30168
30171
30174
30175
30176
30178
30188
30189
30192
30193
30194
30196
30200
30204
30205
30206
30207
30209
30212
30213
30214
30217
30218
30227
30232
30233
30241
30257
30258
30259
30267
30268
30269
30270
30271
30272
30274
30275
30278
30279
30305
30306
30307
30308
30309
30361
30380
30381
30388
30389
30390
30391
30392
30402
30403
30406
30410
30416
30418
30424
30426
30430
30432
30433
30436
30437
30438
30439
30440
30522
30523
30526
30529
30530
30531
30532
30533
30535
30536
30540
30545
30662
30830
30850
31015
31016
31158
31161
31162
31278
31279
31280
31283
31284
31478
31480
31481
31482
31483
31484
31485
31643
31645
31805
31960
32104
32105
32106
32107
32108
32260
32262
32263
32264
32417
32464
32647
32801
32949
33122
33134
33147
33163
33178
33198
33217
33238
33270
33293
33309
33325
33341
33343
33345
33357
33368
33370
33385
33398
33414
33424
33432
33442
33450
33458
33465
33473
33480
33530
33622
33731
33735
33737
33738
33739
33748
33749
33759
33760
33761
33783
33792
33793
33794
33804
33807
33808
33809
33811
33813
33817
33818
33819
34383
34384
34385
34544
34545
34546
34642
34645
34646
34659
34660
34661
34672
34729
34730
34731
34780
34785
34786
34787
34889
34890
34891
35044
35045
35047
35060
35062
35101
35103
35104
35468
35469
35470
36051
36052
36053
36885
37231
37236
37237
37238
37239
38100
39792
39793
39794
40761
43091
43093
43094
46568
46691
46694
46695
51622
51623
51624
51634
51635
51636
56623
56974
56977
56978
61973
61974
61975
67248
67249
67250
68795
72487
72488
72489
76238
77701
77897
78074
78075
78076
78810
78811
78814
78817
80584
81154
83995
83996
83997
89125
89126
89127
90795
90797
90799
90803
90928
91022
91027
91032
91049
91060
91072
93162
93166
94272
94273
94274
99643
99644
99645
100142
105279
105280
105281
111147
111148
111149
117256
117257
117258
123105
123106
123107
124444
128483
128484
128485
131225
131885
133362
133363
133364
133674
137885
137886
137887
141538
142133
142134
142135
146526
146527
146528
150603
150604
150605
153755
154058
154699
154721
154722
154723
154724
154726
154728
154731
154732
155039
155449
155450
155553
158980
159377
159380
159381
163287
163896
163897
163898
168404
168405
168406
171486
172405
172812
172813
172850
172852
172854
172856
173481
174719
175334
177064
177065
177066
178948
178949
178953
181176
181177
181178
185376
185377
185378
185695
186744
186745
186979
187126
187128
187131
187382
187543
187545
187548
187549
187552
187553
187759
187760
187761
187967
187968
187969
187970
187971
187972
187973
189321
189327
189477
189481
189482
189634
189635
189637
189688
189689
189690
189692
189695
189799
189800
189900
189902
189904
189906
190008
190010
190106
190108
190109
190112
190216
190218
190318
190319
190321
190322
190325
190429
190431
190527
190528
190530
190531
190534
190624
190625
190726
190727
190729
190730
190733
192064
193552
193553
193554
193555
193556
193557
193558
193559
193560
193561
193562
193563
193564
193565
193566
193567
193568
193569
193570
193571
193572
193666
193667
193668
193877
193879
193881
193884
193887
193888
193891
193893
193894
193895
193896
193897
193898
193899
193926
193953
193954
193955
193956
193957
193958
193959
194250
194253
194256
194257
194258
194265
194266
195523
195527
195936
195937
195942
196145
196146
196147
196148
196149
196150
196151
196152
196153
196154
196155
196156
196157
196158
196222
196223
196224
196225
196535
196536
196948
196950
197158
197375
197381
198152
198264
198265
198266
198489
198519
198522
198523
198667
198856
198859
198860
198861
198863
198919
198930
198932
198934
198937
199006
199007
199156
199157
199158
199161
199163
199247
199254
199280
199282
199587
199588
