164
167
227
229
959
961
997
998
1010
1097
1099
1167
1168
1170
1173
1226
1228
1230
1234
1341
1342
1343
1346
1349
1351
1356
1358
1369
1429
1679
1680
1683
1743
1744
1747
1783
1790
1792
1793
1794
1825
1828
1829
1830
1831
1833
1835
1839
1843
1844
1845
1846
1851
1854
1885
1925
1945
1946
1947
1948
1949
1954
1999
2058
2061
2062
2074
2076
2081
2094
2132
2133
2134
2141
2152
2159
2160
2163
2206
2208
2209
2210
2211
2212
2213
2214
2221
2224
2228
2229
2235
2236
2270
2276
2279
2300
2301
2303
2350
2416
2417
2419
2432
2433
2435
2437
2440
2441
2444
2447
2463
2486
2487
2488
2491
2498
2501
2504
2513
2514
2521
2528
2541
2542
2543
2550
2573
2588
2589
2596
2657
2663
2666
2667
2671
2672
2676
2679
2683
2687
2723
2728
2729
2731
2754
2756
2773
2780
2797
2798
2802
2803
2804
2809
2811
2820
2822
2826
2828
2838
2847
2877
2879
2897
2902
2906
2907
2908
2921
2922
2987
2994
3011
3019
3020
3026
3116
3129
3151
3157
3181
3184
3185
3196
3197
3245
3246
3292
3306
3308
3316
3317
3833
3841
3848
3849
3886
3917
3941
3944
4063
4065
4074
4075
4078
4080
4097
4115
4123
4124
4125
4126
4129
4130
4163
4194
4195
4196
4214
4229
4230
4246
4247
4253
4284
4285
4286
4292
4294
4304
4314
4316
4318
4319
4320
4321
4339
4541
4802
4858
4879
4880
4882
4902
4930
4937
4938
4939
4940
4968
4969
4970
4971
4973
4976
4980
4988
5009
5010
5037
5038
5052
5059
5118
5135
5138
5142
5144
5173
5176
5178
5182
5205
5235
5241
5336
5352
5547
5586
5623
5677
5678
5684
5685
5751
5785
5786
5809
5812
5818
5838
5846
5850
5855
5858
5861
5862
5863
5864
5878
5884
5885
5893
5894
5895
5898
5899
5909
5910
5913
5919
5923
5926
5933
5943
5949
5957
5959
6005
6033
6034
6063
6066
6074
6077
6083
6084
6093
6094
6104
6113
6114
6117
6118
6177
6178
6207
6209
6211
6236
6237
6241
6242
6243
6252
6276
6292
6293
6295
6297
6298
6299
6303
6318
6332
6333
6368
6369
6376
6381
6383
6400
6420
6425
6430
6431
6451
6464
6466
6470
6472
6482
6483
6484
6494
6500
6507
6511
6512
6520
6527
6541
6542
6551
6570
6571
6573
6589
6590
6598
6599
6602
6603
6625
6629
6634
6635
6641
6643
6644
6647
6656
6657
6663
6664
6668
6670
6673
6675
6690
6712
6715
6721
6724
6733
6734
6737
6742
6743
6747
6750
6752
6754
6763
6798
6799
6808
6813
6834
6848
6849
6859
6860
6861
6866
6869
6916
6920
6922
6923
6949
6950
6959
6960
6967
6968
6969
6989
6990
7002
7015
7022
7043
7047
7053
7061
7072
7080
7081
7090
7093
7094
7121
7122
7123
7125
7135
7136
7143
7144
7145
7147
7148
7149
7153
7180
7192
7213
7215
7221
7222
7231
7233
7237
7242
7247
7266
7269
7270
7275
7276
7288
7292
7294
7296
7300
7302
7307
7355
7401
7418
7421
7422
7423
7434
7435
7444
7448
7465
7475
7478
7554
7555
7558
7570
7576
7580
7581
7584
7587
7592
7593
7605
7609
7610
7611
7612
7613
7614
7626
7627
7628
7629
7630
7631
7633
7634
7637
7642
7645
7648
7652
7657
7658
7660
7661
7662
7663
7664
7665
7669
7674
7675
7688
7692
7698
7699
7703
7705
7708
7734
7749
7751
7752
7753
7754
7779
7780
7781
7782
7783
7784
7786
7851
7852
7853
7855
7877
7878
7893
7894
7895
7937
7951
7963
7964
7965
7966
7967
8260
8323
8324
8326
8327
8335
8340
8341
8342
8393
8414
8421
8424
8427
8438
8483
8484
8485
8486
8490
8504
8516
8593
8597
8607
8609
8611
8612
8692
8709
8712
8715
8717
8721
8727
8728
8729
8759
8760
8863
8864
8865
8938
8940
8941
8942
8996
9023
9025
9040
9041
9042
9045
9078
9081
9134
9160
9165
9166
9167
9248
9261
9262
9263
9267
9287
9290
9302
9303
9304
9308
9313
9316
9330
9336
9337
9338
9353
9354
9362
9370
9371
9377
9383
9389
9395
9398
9399
9400
9425
9426
9431
9503
9540
9541
9542
9568
9569
9570
9571
9574
9577
9591
9592
9622
9632
9650
9653
9654
9655
9660
9666
9667
9672
9699
9700
9704
9705
9707
9711
9714
9721
9757
9759
9804
9820
9845
9846
9926
9928
9931
9953
9967
9968
9969
9972
10039
10040
10064
10067
10068
10069
10074
10113
10114
10121
10122
10123
10125
10130
10131
10132
10152
10155
10156
10159
10168
10169
10171
10175
10206
10207
10217
10219
10221
10226
10227
10257
10266
10267
10268
10269
10270
10271
10273
10284
10286
10287
10290
10294
10297
10299
10302
10304
10308
10353
10363
10365
10367
10378
10415
10418
10444
10466
10471
10472
10473
10474
10477
10479
10483
10490
10500
10503
10510
10564
10566
10576
10577
10584
10602
10603
10617
10619
10623
10624
10638
10639
10650
10654
10658
10663
10670
10677
10707
10708
10722
10725
10756
10759
10766
10771
10773
10776
10778
10795
10800
10801
10805
10819
10832
10840
10851
10856
10857
10866
10877
10879
10888
10889
10896
10903
10906
10916
10917
10923
10932
10941
10947
10971
10985
10986
10987
11002
11006
11008
11009
11034
11060
11080
11084
11087
11091
11097
11102
11103
11112
11113
11118
11120
11124
11130
11153
11157
11158
11159
11162
11218
11223
11225
11226
11228
11234
11235
11241
11242
11243
11248
11258
11259
11260
11264
11270
11271
11291
11292
11301
11304
11316
11320
11321
11325
11326
11327
11340
11341
11344
11593
11594
11597
11658
11857
11865
11884
11899
11904
11909
11912
11915
11917
11920
11934
11951
11953
11954
11955
11958
11986
11987
12031
12032
12033
12042
12046
12051
12052
12090
12092
12106
12107
12108
12113
12130
12158
12159
12160
12166
12174
12175
12176
12231
12236
12237
12260
12261
12262
12263
12267
12282
12288
12289
12297
12329
12333
12343
12344
12357
12375
12393
12423
12424
12468
12469
12472
12477
12528
12540
12603
12604
12606
12637
12639
12648
12649
12650
12697
12762
12763
12798
12807
12808
12834
12836
12840
12842
12848
12849
12850
12853
12862
12863
12881
12886
12887
12916
12917
12921
12922
12925
12939
12940
12952
12953
12963
12970
12971
12973
12979
12983
12985
12986
12987
12992
13019
13020
13021
13030
13032
13033
13034
13038
13123
13124
13234
13236
13240
13242
13247
13252
13254
13256
13257
13260
13281
13282
13283
13284
13319
13320
13336
13370
13371
13372
13373
13374
13375
13376
13377
13381
13382
13383
13384
13385
13386
13387
13388
13390
13393
13396
13399
13403
13420
13467
13486
13487
13492
13493
13517
13518
13531
13532
13537
13542
13544
13555
13558
13559
13571
13572
13580
13583
13585
13586
13587
13601
13621
13624
13627
13629
13630
13631
13632
13633
13634
13636
13639
13640
13644
13647
13648
13649
13690
13697
13717
13758
13759
13760
13771
13784
13785
13786
13787
13790
13791
13796
13798
13803
13834
13839
13840
13856
13857
13861
13879
13880
13881
13885
13890
13907
13915
13922
13946
13947
13968
13977
13980
14003
14007
14028
14032
14054
14057
14070
14073
14077
14078
14082
14086
14104
14106
14118
14120
14128
14422
14423
14550
14551
14700
14715
14735
14753
14914
15138
15139
15141
15142
15143
15144
15145
15146
15158
15170
15188
15191
15255
15266
15267
15268
15269
15276
15277
15370
15371
15409
15410
15411
15412
15413
15415
15419
15422
15429
15631
15633
15634
15759
15766
15772
15775
15781
15794
16007
16076
16083
16145
16380
16381
16385
16423
16434
16440
16494
16549
16636
16715
16725
16739
16859
16860
16861
16862
16863
16867
16977
17022
17023
17024
17098
17105
17110
17112
17116
17124
17125
17131
17139
17140
17144
17152
17154
17198
17201
17216
17217
17218
17244
17247
17252
17255
17256
17261
17269
17288
17289
17296
17307
17309
17310
17333
17338
17342
17343
17344
17345
17351
17364
17394
17395
17405
17407
17408
17409
17415
17416
17418
17425
17435
17451
17452
17467
17468
17469
17470
17473
17476
17529
17550
17598
17608
17609
17637
17669
17674
17679
17686
17688
17702
17703
17755
17767
17779
17786
17787
17797
17801
17804
17808
17809
17816
17817
17830
17832
17833
17837
17864
17865
17876
17899
17909
17911
17919
17923
17947
17950
17951
17955
17960
17961
17963
17967
17973
17994
18012
18025
18027
18029
18031
18034
18037
18039
18040
18041
18066
18090
18093
18094
18096
18098
18101
18102
18104
18107
18109
18110
18112
18113
18115
18116
18118
18122
18124
18125
18133
18137
18141
18142
18146
18158
18159
18164
18181
18185
18186
18189
18190
18192
18193
18225
18227
18228
18230
18231
18232
18233
18235
18240
18249
18256
18257
18284
18285
18298
18322
18344
18345
18390
18391
18398
18399
18400
18404
18406
18407
18408
18421
18439
18440
18444
18457
18473
18484
18490
18495
18499
18502
18515
18529
18530
18532
18533
18535
18537
18540
18543
18545
18547
18550
18551
18555
18556
18561
18564
18567
18569
18570
18571
18576
18579
18581
18584
18590
18594
18601
18604
18610
18613
18614
18628
18631
18632
18636
18638
18640
18643
18653
18656
18659
18662
18666
18677
18685
18690
18694
18695
18696
18705
18730
18740
18743
18768
18776
18787
18791
18792
18796
18800
18818
18829
18832
18833
18834
18843
18846
18847
18853
18862
18863
18866
18867
18868
18872
18873
18874
18879
18883
18897
18902
18907
18911
18929
18931
18947
18953
18961
18964
18966
18978
19016
19025
19028
19034
19035
19039
19050
19053
19057
19065
19068
19094
19101
19105
19108
19112
19120
19148
19155
19156
19162
19174
19175
19179
19206
19218
19220
19223
19231
19241
19246
19249
19253
19254
19255
19267
19273
19278
19281
19302
19335
19341
19342
19372
19381
19498
19501
19511
19550
19553
19570
19578
19579
19580
19583
19597
19599
19601
19603
19645
19648
19649
19652
19666
19671
19672
19691
19693
19694
19698
19707
19708
19709
19710
19716
19717
19720
19722
19777
19806
19834
19835
19840
19841
19845
19847
19852
19855
19871
19879
19880
19939
19943
19950
19961
19984
19985
20011
20012
20013
20014
20015
20016
20032
20033
20034
20039
20041
20042
20047
20049
20051
20062
20079
20087
20101
20116
20123
20164
20183
20185
20188
20190
20210
20212
20233
20237
20256
20267
20268
20269
20270
20271
20313
20314
20320
20321
20322
20324
20325
20330
20331
20335
20353
20354
20395
20396
20418
20433
20447
20455
20457
20461
20464
20465
20467
20485
20489
20580
20619
20645
20657
20658
20672
20673
20678
20679
20682
20685
20686
20688
20689
20694
20695
20696
20699
20704
20738
20739
20740
20741
20742
20743
20744
20749
20754
20758
20763
20768
20773
20818
20819
20820
20821
20822
20848
20849
20850
20851
20852
20853
20857
20861
20864
20869
20892
20898
20916
20920
20951
20952
20953
20957
20963
20995
21007
21076
21077
21081
21093
21094
21108
21127
21135
21157
21170
21171
21181
21191
21217
21219
21221
21222
21223
21224
21227
21233
21234
21274
21276
21277
21278
21281
21283
21289
21290
21291
21294
21295
21301
21309
21318
21329
21334
21338
21405
21427
21459
21464
21465
21466
21474
21475
21488
21492
21516
21517
21521
21526
21527
21529
21539
21540
21548
21576
21577
21586
21587
21588
21589
21590
21592
21594
21599
21600
21617
21637
21638
21647
21648
21649
21650
21657
21660
21664
21679
21680
21684
21708
21709
21710
21727
21728
21739
21742
21748
21755
21762
21764
21772
21773
21774
21779
21852
21893
21896
21897
21921
21922
21933
21969
21978
21979
22002
22054
22057
22064
22065
22066
22078
22079
22080
22092
22094
22115
22136
22153
22157
22158
22161
22166
22167
22171
22172
22177
22180
22187
22232
22234
22235
22247
22270
22279
22328
22420
22421
22457
22500
22501
22503
22510
22517
22518
22526
22527
22528
22530
22531
22533
22573
22578
22582
22586
22588
22590
22593
22596
22608
22609
22619
22620
22663
22665
22669
22672
22673
22674
22675
22681
22686
22700
22715
22748
22752
22753
22754
22755
22757
22763
22767
22778
22782
22784
22790
22796
22820
22821
22823
22824
22829
22834
22835
22845
22846
22847
22851
22853
22905
22910
22913
22916
22932
22936
22938
22944
22945
22951
22983
22989
23038
23048
23049
23050
23052
23056
23057
23060
23070
23075
23078
23084
23085
23087
23091
23092
23093
23097
23098
23100
23112
23114
23118
23119
23126
23127
23142
23144
23182
23184
23202
23203
23215
23216
23217
23221
23229
23231
23233
23234
23235
23236
23242
23243
23253
23254
23256
23257
23261
23313
23316
23317
23319
23321
23326
23327
23339
23352
23365
23385
23389
23391
23415
23420
23421
23468
23469
23509
23512
23532
23535
23537
23540
23542
23544
23547
23560
23577
23582
23584
23599
23614
23624
23630
23633
23636
23640
23651
23659
23671
23677
23712
23734
23749
23827
23861
23862
23867
23881
23886
23887
23891
23892
23911
23920
23938
23939
23942
23944
23971
23972
23977
23978
24010
24011
24012
24013
24014
24017
24024
24025
24032
24036
24039
24054
24055
24059
24082
24083
24085
24093
24094
24113
24114
24115
24116
24117
24121
24122
24209
24234
24235
24255
24263
24269
24270
24273
24274
24290
24291
24292
24312
24313
24314
24325
24331
24343
24346
24347
24348
24350
24352
24384
24385
24388
24405
24407
24408
24409
24416
24434
24435
24437
24438
24441
24443
24488
24490
24512
24517
24518
24525
24526
24529
24530
24533
24538
24544
24545
24546
24547
24551
24554
24555
24564
24566
24567
24583
24587
24609
24611
24614
24616
24619
24622
24624
24631
24645
24687
24688
24694
24699
24724
24725
24728
24731
24737
24738
24765
24791
24792
24798
24804
24805
24814
24815
24823
24824
24834
24878
24901
24910
24914
24918
24925
24929
24937
24950
24951
24952
24953
24954
24955
24956
24961
24970
24971
24981
24982
24983
25006
25015
25016
25026
25087
25094
25095
25096
25104
25115
25123
25124
25134
25159
25160
25162
25168
25175
25185
25186
25187
25192
25193
25194
25197
25209
25210
25211
25212
25214
25216
25218
25235
25242
25245
25253
25263
25270
25274
25279
25280
25285
25286
25293
25306
25308
25309
25340
25341
25358
25362
25363
25366
25369
25373
25379
25382
25391
25392
25393
25395
25396
25398
25399
25400
25402
25404
25405
25408
25410
25421
25434
25435
25437
25439
25441
25442
25446
25451
25472
25477
25480
25495
25498
25499
25503
25526
25534
25541
25542
25544
25546
25552
25555
25558
25559
25561
25564
25566
25569
25576
25580
25593
25620
25629
25652
25675
25684
25690
25703
25704
25705
25714
25716
25732
25750
25751
25752
25754
25771
25773
25775
25780
25784
25786
25801
25804
25812
25816
25831
25835
25837
25839
25847
25851
25852
25853
25854
25869
25873
25876
25879
25880
25886
25887
25892
25896
25905
25908
25940
25942
25946
25949
25951
25955
25956
25959
25969
25972
25989
25991
25994
25998
25999
26001
26007
26022
26025
26027
26029
26030
26031
26062
26068
26073
26091
26099
26100
26105
26107
26111
26150
26156
26157
26166
26167
26168
26170
26187
26189
26215
26250
26254
26259
26260
26267
26268
26271
26273
26274
26275
26276
26277
26281
26285
26290
26294
26296
26302
26303
26309
26317
26322
26371
26376
26381
26413
26417
26422
26460
26482
26483
26484
26485
26486
26489
26496
26499
26519
26523
26525
26531
26540
26558
26560
26564
26566
26579
26581
26583
26585
26590
26604
26608
26615
26617
26619
26622
26628
26641
26643
26645
26646
26649
26651
26659
26698
26712
26713
26715
26718
26719
26724
26727
26732
26734
26737
26752
26757
26759
26782
26788
26792
26794
26799
26803
26808
26815
26826
26829
26831
26833
26835
26851
26864
26866
26872
26876
26877
26879
26880
26887
26891
26920
26923
26928
26936
26937
26938
26941
26989
26992
26996
26999
27001
27009
27053
27061
27068
27070
27104
27132
27134
27153
27462
27467
27537
27539
27542
27543
27547
27550
27554
27565
27571
27604
27608
27637
27737
27791
27974
27989
28097
28110
28112
28165
28386
28400
28624
28791
28841
28844
28859
28860
28863
28866
28869
28872
28876
29004
29024
29031
29061
29073
29077
29078
29147
29153
29161
29165
29208
29210
29340
29517
29518
29565
29590
29597
29865
29871
29892
29912
29943
29947
30174
30178
30185
30187
30197
30325
30368
30637
30646
30666
30674
30731
30794
30812
30901
30910
30913
30922
30944
31072
31080
31084
31087
31120
31130
31138
31149
31241
31247
31253
31294
31295
31316
31328
31335
31349
31350
31362
31410
31433
31434
31435
31436
31460
31467
31495
31498
31501
31505
31507
31512
31514
31515
31516
31518
31520
31522
31523
31524
31528
31531
31536
31538
31546
31606
31614
31615
31617
31624
31632
31634
31636
31637
31640
31641
31642
31645
31648
31651
31695
31723
31725
31727
31735
31747
31792
31793
31795
31796
31798
31809
31814
31816
31818
31820
31822
31828
31835
31838
31872
31873
31874
31877
31879
31940
31944
31945
31946
31947
31962
31963
31964
31968
31973
31976
32002
32007
32008
32021
32049
32051
32052
32054
32057
32073
32075
32076
32130
32172
32173
32235
32265
32283
32293
32294
32315
32325
32331
32332
32338
32342
32343
32345
32346
32349
32365
32369
32374
32426
32451
32455
32459
32463
32464
32491
32495
32501
32506
32514
32517
32524
32532
32573
32576
32577
32578
32579
32580
32582
32585
32586
32711
32829
32830
32831
32832
32834
32836
32849
32861
32868
32878
32889
32909
32914
32930
32931
32944
33321
33503
33622
33693
34355
34360
34362
34364
34369
34371
34381
34385
34390
34391
34404
34458
34459
34460
34495
34497
34498
34533
34536
34537
34538
34548
34549
34576
34579
34580
34582
34587
34595
34596
34597
34623
34624
34643
34656
34658
34659
34677
34823
34826
34827
34830
34835
34836
34841
34842
34845
34846
34850
34851
34853
34856
34860
34861
34865
34866
34897
34902
34910
34914
34924
34925
34926
34941
34943
34945
34947
34949
34950
34954
34959
34973
34990
34993
35007
35008
35015
35018
35029
35033
35075
35078
35089
35092
35098
35100
35103
35108
35129
35132
35136
35141
35144
35151
35162
35226
35229
35230
35246
35247
35287
35295
35296
35344
35375
35376
35386
35387
35391
35404
35405
35430
35431
35432
35446
35463
35464
35498
35499
35515
35516
35518
35524
35528
35529
35566
35579
35591
35603
35604
35622
35623
35633
35645
35648
35653
35657
35671
35683
35693
35694
35695
35725
35726
35727
35732
35742
35743
35770
35771
35772
35781
35782
35809
35826
35828
35859
35860
35861
35865
35866
35867
35868
35877
35878
35879
35880
35881
35882
35884
35885
35888
35891
35894
35898
35942
35945
35964
35966
35969
35971
36008
36010
36011
36012
36034
36035
36036
36039
36040
36101
36103
36144
36151
36168
36170
36172
36173
36174
36175
36176
36177
36178
36179
36180
36182
36187
36191
36199
36200
36232
36233
36234
36255
36257
36267
36268
36286
36287
36290
36291
36293
36294
36295
36296
36297
36298
36299
36300
36302
36303
36304
36305
36306
36307
36308
36309
36310
36311
36312
36315
36319
36320
36322
36325
36326
36366
36367
36368
36371
36406
36532
36533
36534
36576
36579
36593
36636
36705
36706
36731
36734
36929
37528
37553
37554
37555
37559
37569
37847
38049
38051
38612
38614
38636
38662
38663
38664
38666
38670
38671
38672
38678
38704
38712
38717
38747
38750
38788
38806
38807
38808
38823
38826
38828
38829
38832
38842
38852
38870
38873
38874
38876
38877
38885
38887
38889
38945
38947
38948
38950
38952
38984
39000
39020
39022
39025
39029
39039
39049
39050
39052
39055
39064
39077
39116
39118
39135
39138
39141
39151
39184
39189
39207
39211
39236
39239
39250
39271
39273
39291
39295
39302
39306
39311
39329
39339
39340
39341
39367
39392
39393
39397
39399
39423
39426
39428
39432
39433
39434
39444
39451
39484
39486
39487
39489
39492
39493
39513
39514
39515
39521
39533
39534
39541
39544
39572
39576
39581
39582
39584
39605
39622
39636
39643
39653
39655
39660
39662
39665
39668
39671
39725
39744
39763
39773
39792
39803
39810
39848
39849
39850
39864
39868
39876
39878
39882
39883
39892
39893
39894
39895
39896
39899
39902
39923
39925
39929
39949
39951
39953
39954
39957
39958
39960
39963
39983
40023
40025
40027
40030
40034
40038
40041
40042
40043
40044
40045
40046
40049
40054
40064
40067
40068
40069
40071
40075
40076
40131
40141
40142
40148
40153
40156
40163
40164
40177
40178
40181
40192
40195
40196
40198
40220
40226
40237
40239
40242
40273
40278
40295
40296
40297
40299
40301
40303
40311
40333
40337
40354
40355
40357
40358
40360
40362
40364
40366
40369
40370
40372
40374
40397
40398
40399
40400
40401
40403
40404
40406
40410
40439
40441
40442
40444
40446
40448
40451
40453
40455
40457
40459
40461
40463
40469
40474
40510
40512
40513
40515
40516
40518
40520
40521
40525
40527
40529
40533
40551
40570
40571
40573
40577
40578
40579
40580
40582
40583
40585
40587
40602
40603
40605
40607
40609
40611
40619
40665
40672
40674
40683
40684
40686
40688
40690
40692
40693
40696
40698
40700
40701
40703
40705
40709
40713
40732
40734
40739
40740
40741
40744
40748
40755
40756
40758
40759
40761
40763
40790
40791
40793
40794
40832
40938
40939
40941
40942
40943
40945
40948
40950
40953
40955
40957
40959
40980
40981
40982
40983
40984
40985
40986
40987
40988
40989
40990
40991
40992
40993
41034
41035
41036
41037
41038
41039
41056
41057
41063
41064
41169
41212
41222
41223
41256
41278
41307
41309
41312
41319
41323
41346
41348
41349
41352
41353
41356
41380
41391
41392
41415
41422
41430
41441
41464
41465
41676
41677
41678
41684
41685
41686
41689
41729
41742
41898
41899
42357
42358
42366
42370
42400
42402
42408
42411
42460
42467
42468
42492
42496
42497
42498
42502
42507
42508
42513
42603
42604
42623
42624
42625
42629
42668
42669
42670
42671
42674
42675
42676
42677
42679
42683
42687
42690
42730
42731
42732
42735
42785
42797
42809
42817
42818
42820
42823
42825
42828
42848
42853
42869
42870
42871
42874
42875
42876
42885
42886
42889
42891
42894
42903
42910
42927
42949
42954
42956
42957
42959
42992
42993
42994
43001
43170
43331
43334
43337
43338
43344
43350
43368
43369
43399
43407
43408
43421
43422
43425
43426
43429
43447
43448
43449
43459
43470
43471
43485
43504
43510
43511
43513
43514
43515
43526
43545
43549
43556
43580
43581
43585
43702
43711
43712
43753
43767
43770
43777
43799
43800
43801
43804
43823
43824
43825
43826
43827
43828
43852
43853
43854
43855
43858
43859
43862
43863
43866
43868
43875
43879
43898
43899
43964
43977
43993
44002
44019
44020
44021
44023
44024
44026
44027
44032
44034
44035
44039
44047
44065
44076
44078
44100
44101
44102
44103
44104
44105
44108
44114
44115
44124
44128
44130
44157
44172
44189
44222
44230
44231
44342
44344
44350
44364
44365
44366
44375
44376
44377
44379
44403
44410
44411
44435
44436
44494
44501
44502
44536
44540
44541
44542
44543
44544
44545
44556
44563
44592
44593
44594
44595
44596
44600
44603
44609
44614
44615
44617
44620
44692
44754
44769
44779
44781
44783
44784
44787
44788
44792
44796
44798
44801
44804
44813
44814
44815
44816
44820
44835
44839
44840
44841
44844
44893
44915
44916
44919
44925
44941
44942
44986
44990
44993
45134
45135
45138
45139
45140
45141
45142
45143
45167
45179
45190
45201
45249
45275
45285
45288
45294
45295
45300
45365
45536
45556
45567
45569
45571
45572
45578
45579
45581
45582
45584
45589
45610
45613
45621
45623
45638
45640
45642
45643
45645
45646
45648
45649
45650
45651
45680
45681
45704
45705
45717
45718
45721
45723
45749
45770
45804
45895
45896
46042
46044
46046
46070
46096
46124
46130
46131
46148
46149
46150
46151
46152
46153
46154
46155
46156
46157
46158
46159
46160
46161
46176
46177
46180
46181
46182
46183
46212
46215
46303
46304
46352
46353
46357
46366
46404
46455
46456
46457
46458
46459
46462
46463
46470
46481
46482
46483
46485
46509
46510
46512
46536
46544
46578
46579
46583
46586
46589
46590
46591
46592
46593
46594
46595
46596
46600
46601
46634
46635
46680
46681
47134
47135
47137
47138
47140
47141
47144
47145
47198
47199
47253
47254
47256
47257
47306
47307
47309
47310
47311
47313
47324
47325
47326
47327
47328
47329
47331
47334
47337
47343
47351
47352
47353
47355
47356
47357
47360
47389
47390
47391
47393
47394
47397
47398
47399
47401
47402
47404
47405
47407
47408
47409
47410
47414
47415
47416
47419
47420
47422
47429
47475
47497
47502
47503
47506
47510
47512
47519
47520
47521
47522
47526
47527
47528
47532
47535
47539
47554
47555
47574
47577
47588
47622
47634
47651
47690
47697
47698
47705
47730
47732
47748
47764
47766
47768
47770
47771
47773
47851
47852
47853
47856
47903
47905
47925
47926
47927
47929
47930
47932
47933
47935
47936
47938
47952
47953
47955
47956
47967
47968
47970
47971
47973
47974
47997
47999
48019
48020
48049
48050
48051
48071
48072
48098
48099
48100
48117
48119
48121
48152
48153
48154
48158
48159
48160
48205
48231
48273
48274
48332
48345
48408
48409
48724
48764
48765
48768
48838
49128
49140
49173
49198
51673
51676
51689
51692
51695
51699
51700
51708
51724
51728
51733
51739
51752
51763
51839
51893
51904
51907
51908
51933
51938
51958
51981
51994
52017
52069
52070
52096
52101
52127
52130
52133
52136
52164
52169
52172
52177
52262
52264
52294
52298
52415
52416
52480
52487
52977
52978
52979
52980
52981
52982
52983
52984
52994
53012
53025
53030
53033
53048
53078
53088
53146
53171
53222
53227
53273
53276
53278
53326
53356
53360
53375
53390
53423
53480
53533
53546
53548
53549
54044
54046
54081
54082
54084
54085
54102
54110
54131
54168
54170
54199
54200
54207
54210
54299
54300
54301
54302
54305
54313
54314
54315
54316
54317
54318
54321
54328
54332
54336
54345
54351
54359
54360
54370
54371
54395
54398
54400
54404
54409
54410
54449
54450
54456
54458
54459
54464
54472
54510
54511
54515
54517
54522
54524
54532
54536
54551
54578
54716
54772
54773
54841
54867
54885
54904
54908
54958
54959
54992
54993
54994
55029
55030
55034
55151
55152
55155
55156
55157
55158
55159
55160
55163
55182
55183
55186
55191
55193
55213
55218
55219
55220
55221
55223
55247
55249
55251
55253
55255
55276
55278
55299
55324
55334
55338
55353
55403
55404
55405
55406
55532
55555
55559
55560
55566
55571
55626
55636
55637
55644
55645
55646
55673
55674
55675
55676
55677
55726
55817
55820
55866
55867
55868
55872
56059
56260
56267
56782
57004
57223
57312
57413
57798
57824
57825
57826
57834
57835
57836
57837
57838
57841
57846
57854
57855
57861
57919
57922
57924
57927
57938
57981
58018
58036
58129
58130
58550
58551
58563
58564
58567
58580
58599
58600
58640
58661
58691
58692
58868
58908
58914
58915
58923
58935
58937
58938
58945
58949
58953
58954
58955
58956
58957
58958
58961
58962
58965
58966
58973
58974
58975
58976
58987
58989
59003
59005
59006
59007
59009
59012
59025
59026
59027
59042
59069
59072
59171
59172
59196
59202
59214
59265
59280
59292
59329
59339
59340
59341
59374
59378
59400
59425
59426
59435
59438
59441
59444
59447
59450
59451
59452
59453
59454
59455
59456
59457
59461
59464
59468
59472
59477
59687
59719
59729
59730
59760
59796
59799
59804
59805
59809
59813
59821
59822
59824
59836
59837
59838
59839
59840
59841
59842
59869
59870
59871
59881
59925
59926
59927
59928
59937
59941
59945
59948
59956
59961
59963
60005
60006
60018
60020
60024
60031
60041
60042
60112
60124
60194
60195
60217
60240
60247
60250
60251
60252
60259
60260
60264
60271
60279
60281
60289
60318
60321
60322
60323
60341
60406
60436
60437
60469
60470
60471
60476
60512
60514
60598
60600
60709
60909
60911
60933
60937
60948
60951
60952
60954
60956
60970
60972
60979
60980
60990
60992
60993
60994
61001
61004
61026
61028
61029
61031
61033
61034
61035
61037
61038
61041
61044
61045
61060
61061
61064
61085
61086
61089
61091
61099
61103
61112
61113
61114
61115
61116
61117
61118
61119
61120
61123
61124
61125
61126
61127
61128
61139
61140
61141
61142
61144
61145
61146
61154
61155
61156
61170
61172
61173
61176
61181
61193
61194
61195
61232
61262
61292
61296
61305
61312
61387
61399
61407
61462
61464
61486
61489
61530
61531
61534
61537
61561
61573
61576
61586
61592
61671
61672
61673
61713
61714
61715
61736
61747
61749
61754
61756
61758
61761
61762
61763
61764
61765
61766
61767
61768
61789
61792
61793
61799
61809
61819
61822
61834
61841
61845
61868
61872
61905
61933
61936
61944
61973
61975
61995
62025
62030
62049
62214
62223
62232
62233
62234
62236
62274
62278
62332
62341
62342
62346
62347
62477
62478
62479
62482
62498
62500
62537
62553
62565
62623
62626
62667
62668
62669
62709
62740
62741
62742
62750
62771
62773
62915
62916
62918
62922
62968
62990
62991
62992
62993
62994
63001
63004
63007
63010
63018
63019
63022
63023
63032
63033
63034
63059
63060
63062
63063
63065
63066
63097
63098
63099
63103
63104
63105
63126
63131
63132
63152
63165
63192
63193
63213
63274
63276
63280
63284
63287
63288
63299
63300
63315
63411
63414
63425
63452
63453
63454
63456
63473
63475
63489
63519
63523
63528
63530
63531
63711
63717
63874
63875
63884
63895
63897
63919
63960
63961
63962
63996
63998
64000
64004
64005
64015
64016
64017
64088
64091
64151
64195
64196
64441
64442
64449
64502
64513
64515
64516
64560
64563
64567
64879
64921
64958
64985
65045
65047
65049
65050
65051
65053
65054
65055
65056
65058
65059
65060
65061
65064
65066
65068
65069
65071
65073
65075
65077
65080
65083
65084
65100
65102
65112
65117
65165
65179
65180
65182
65184
65185
65188
65224
65225
65226
65256
65258
65262
65263
65277
65279
65280
65395
65396
65412
65422
65423
65424
65425
65429
65451
65455
65459
65460
65465
65556
65561
65562
65563
65564
65565
65597
65601
65604
65607
65610
65613
65616
65619
65621
65623
65634
65635
65637
65639
65644
65646
65648
65649
65656
65657
65658
65659
65660
65661
65675
65683
65699
65700
65701
65702
65703
65704
65705
65706
65707
65708
65709
65714
65715
65716
65718
65719
65720
65721
65722
65723
65724
65725
65726
65731
65733
65735
65739
65741
65746
65751
65756
65761
65779
65784
65789
65794
65799
65805
65811
65815
65822
65828
65834
65841
65844
65851
65856
65861
65870
65898
65979
65980
65982
66013
66014
66016
66019
66028
66030
66039
66041
66051
66058
66061
66111
66113
66114
66115
66116
66117
66118
66119
66121
66144
66152
66193
66194
66195
66197
66282
66283
66284
66285
66358
66385
66398
66402
66432
66436
66437
66438
66440
66443
66445
66447
66449
66649
66791
67061
67062
67063
67064
67066
67067
67068
67071
67073
67075
67076
67080
67081
67083
67085
67087
67158
67365
67366
67367
67369
67562
67563
67564
67565
67566
68846
68848
68849
68881
68882
68885
68886
68887
68888
68892
68912
68917
68938
68941
68962
68972
68973
68974
68975
68978
68979
68986
69020
69021
69053
69075
69086
69087
69096
69099
69100
69137
69138
69142
69151
69152
69158
69163
69168
69179
69185
69192
69194
69196
69224
69232
69277
69278
69297
69298
69301
69347
69349
69350
69378
69386
69390
69396
69397
69404
69417
69426
69441
69454
69462
69483
69491
69496
69508
69519
69520
69546
69548
69552
69573
69574
69577
69579
69586
69590
69597
69603
69605
69610
69611
69612
69616
69618
69631
69634
69658
69696
69697
69739
69741
69775
69805
69806
69808
69871
69872
69908
69912
69916
69930
69932
69965
69990
69991
70007
70008
70009
70020
70021
70022
70024
70029
70030
70032
70036
70044
70045
70054
70055
70062
70063
70126
70127
70129
70131
70152
70157
70160
70164
70165
70183
70184
70196
70198
70220
70230
70233
70238
70241
70243
70247
70248
70249
70250
70257
70261
70262
70267
70269
70320
70329
70337
70368
70372
70373
70374
70376
70398
70401
70404
70409
70410
70412
70414
70415
70418
70443
70446
70447
70448
70454
70458
70463
70465
70499
70501
70504
70510
70511
70544
70545
70546
70560
70567
70718
70721
70727
70728
70731
70733
70734
70737
70740
70742
70743
70746
70748
70749
70750
70752
70754
70755
70757
70761
70764
70765
70768
70774
70775
70776
70777
70779
70782
70783
70784
70785
70788
70790
70791
70792
70793
70795
70798
70799
70800
70803
70804
70805
70808
70809
70812
70813
70815
70818
70819
70821
70822
70824
70825
70826
70827
70828
70829
70830
70831
70832
70833
70834
70835
70836
70837
70838
70839
70840
70841
70842
70843
70844
70845
70846
70847
70848
70849
70850
70851
70852
70853
70854
70855
70856
70857
70858
70859
70860
70862
70863
70864
70865
70866
70867
70868
70869
70870
70871
70872
70873
70874
70876
70884
70887
70890
70892
70895
70896
70901
70903
70905
70908
70911
70915
70918
70919
70920
70923
70924
70929
70930
70935
70936
70944
70946
70969
70971
70972
70973
70976
70981
70982
70983
70987
70990
70991
70993
71005
71008
71010
71011
71013
71030
71041
71042
71043
71044
71076
71079
71083
71092
71093
71098
71099
71109
71112
71142
71145
71147
71149
71156
71157
71158
71159
71192
71196
71197
71210
71211
71212
71213
71241
71244
71245
71246
71256
71257
71258
71259
71260
71261
71263
71266
71269
71273
71275
71277
71280
71284
71310
71315
71357
71358
71394
71395
71396
71397
71532
71535
71536
71669
71670
71671
71674
71758
71835
71846
71852
72084
72085
72087
72100
72104
72127
72135
72136
72149
72150
72259
72263
72264
72269
72308
72443
72514
72515
72516
72676
72679
72808
72814
72850
72917
72919
72954
72955
72974
72977
72989
73022
73042
73043
73056
73057
73058
73061
73140
73249
73306
73479
73480
73559
73561
73563
73564
73567
73569
73579
73582
73588
73593
73595
73596
73617
73723
73725
73730
73785
73805
73816
73825
73842
73845
73847
73850
73852
73887
73983
74009
74012
74054
74074
74091
74097
74098
74114
74115
74117
74118
74129
74168
74174
74177
74198
74211
74212
74215
74231
74236
74237
74257
74264
74282
74284
74287
74289
74290
74306
74307
74308
74324
74326
74328
74342
74344
74357
74365
74366
74367
74370
74373
74393
74394
74395
74406
74414
74415
74420
74421
74424
74425
74426
74427
74428
74451
74454
74457
74461
74470
74477
74483
74657
74827
74832
74833
74836
74837
74840
74843
74846
74847
74848
74850
74851
74852
74855
74856
74859
74877
74881
74882
74905
74908
74909
74911
74917
74918
75063
75065
75070
75071
75091
75110
75119
75120
75121
75122
75129
75130
75134
75138
75142
75146
75150
75156
75176
75278
75297
75331
75343
75344
75352
75357
75397
75400
75476
75622
75623
75629
75686
75690
75694
75702
75704
75708
75818
75819
75820
75842
75853
75864
75865
75912
75949
75956
75957
75958
75967
75969
75971
75996
75998
76018
76044
76045
76047
76048
76049
76050
76111
76112
76113
76114
76122
76140
76145
76162
76163
76180
76181
76190
76197
76198
76208
76215
76216
76219
76225
76235
76237
76240
76243
76249
76255
76257
76259
76261
76265
76269
76270
76278
76280
76281
76285
76286
76293
76296
76297
76300
76304
76306
76315
76316
76318
76319
76324
76328
76329
76337
76338
76343
76346
76382
76383
76393
76395
76411
76414
76417
76419
76425
76428
76486
76644
76645
76655
76659
76661
76664
76697
76698
76700
76723
76724
76729
76730
76735
76738
76933
76944
76969
76972
77100
77267
77269
77275
77279
77292
77462
77760
78203
78233
78235
78237
78239
78249
78251
78306
78321
78341
78343
78369
78375
78386
78428
78431
78456
78459
78461
78463
78465
78467
78470
78472
78477
78480
78482
78485
78486
78491
78494
78597
78600
78603
78606
78670
78675
78676
78677
78678
78681
78688
78693
78696
78703
78707
78710
78869
78872
78874
78889
79001
79004
79010
79013
79017
79119
79123
79124
79138
79158
79165
79169
79174
79244
79272
79277
79282
79283
79286
79287
79288
79304
79343
79349
79357
79358
79372
79443
79444
79445
79446
79447
79448
79449
79450
79451
79454
79455
79497
79500
79503
79506
79509
79510
79531
79532
79533
79537
79539
79542
79574
79576
79581
79585
79586
79605
79614
79666
79670
79671
79679
79686
79689
79691
79718
79730
79756
79767
79774
79775
79782
79785
79793
79795
79798
79829
79830
79835
79838
79860
79861
79880
79881
79890
79900
79901
79902
79906
79929
79933
79937
79938
79939
79945
79985
79989
80016
80055
80103
80106
80109
80112
80115
80118
80119
80120
80152
80171
80197
80214
80215
80216
80219
80229
80235
80258
80274
80275
80307
80309
80317
80347
80350
80369
80440
80463
80558
80637
80638
80644
80651
80655
80656
80675
80724
80733
80777
80851
80949
80950
80951
80953
80954
80956
80957
80958
80959
80960
80961
80962
80964
80965
80966
80967
80969
80970
81003
81004
81010
81026
81029
81032
81036
81042
81043
81044
81045
81096
81097
81098
81099
81103
81105
81109
81112
81148
81167
81170
81171
81173
81178
81179
81180
81181
81182
81186
81188
81318
81502
81504
81514
81516
81518
81525
81539
81679
81775
81776
81930
81931
81947
81968
81969
82145
82146
82147
82148
82149
82236
82237
82238
82240
82520
82523
82525
82528
82530
82877
82893
82909
82919
83018
83166
83167
83308
83354
83357
83359
83360
83367
83381
83394
83751
84037
84709
84711
84774
85003
85116
85528
85675
85676
85926
86524
86601
86609
86638
86639
86672
86673
86719
87829
87898
88240
88290
88310
88508
88515
88516
88569
88869
88873
89186
89264
89283
89350
89390
89397
89400
89402
89411
89415
89416
89493
89494
89549
89684
90106
90110
90126
90134
90135
90220
90221
90260
90450
90451
90515
90516
90594
90596
90752
90753
90754
90755
90760
90799
90810
90903
90904
90936
90937
90980
90981
90994
90998
91019
91113
91115
91116
91168
91250
91251
91299
91300
91301
91305
91345
91369
91371
91376
91378
91412
91422
91473
91477
91515
91516
91525
91579
91652
91657
91704
91730
91746
91804
91810
91861
92017
92202
92206
92212
92213
92215
92224
92226
92230
92377
92378
92471
92474
92475
92509
92510
92511
92513
92516
92679
92686
92705
92711
92718
92719
92802
92911
93001
93002
93165
93166
93318
93319
93327
93331
93332
93461
93462
93467
93470
93471
93472
93475
93512
93515
93555
93556
93569
93586
93635
93638
93639
93642
93668
93669
93759
93766
93788
93822
93824
93890
93925
94030
94180
94186
94235
94352
94380
94381
94436
94439
94551
94552
94585
94592
94595
94602
94644
94646
94647
94648
94664
94665
94666
94798
94800
94802
94945
95090
95094
95097
95119
95128
95129
95131
95132
95145
95146
95147
95148
95149
95150
95153
95154
95155
95156
95166
95169
95198
95199
95214
95286
95344
95389
95397
95516
95517
95519
95527
95536
95546
95547
95548
95549
95556
95575
95578
95607
95610
95665
95666
95668
95669
95680
95681
95686
95687
95688
95741
95742
95751
95780
95782
95789
95790
95823
95847
95848
95852
95853
95864
95865
95869
95895
95944
95945
95950
96069
96071
96073
96075
96077
96079
96080
96082
96085
96086
96089
96091
96093
96094
96096
96098
96101
96103
96105
96106
96109
96112
96119
96120
96186
96187
96227
96228
96229
96230
96263
96266
96299
96300
96339
96370
96372
96495
96524
96549
96583
96585
96613
96649
96682
96713
96746
96749
96752
96786
96820
96821
96948
97230
97258
97261
97292
97295
97554
97555
97784
97785
97844
97873
97988
98044
98045
98127
98128
98161
98165
98306
98308
98312
98315
98316
98317
98324
98329
98332
98337
98347
98348
98529
98579
98640
98641
98644
98645
98646
98647
98648
98649
98665
98666
98667
98668
98678
98682
98719
98720
98725
98728
98731
98757
98762
98763
98808
98813
98830
98831
98837
98840
98851
98854
98878
98879
98880
98881
98882
98883
98884
98885
98886
98887
98888
98889
98890
98892
98893
98894
98895
98906
98909
98910
98938
98939
98945
98976
98985
98986
98996
99015
99018
99021
99042
99066
99069
99080
99081
99088
99119
99171
99271
99440
99491
99761
99836
99898
100053
100056
100446
100462
100504
100525
100608
100622
100705
100708
100711
100714
100716
100724
100731
100739
100775
100778
100827
100832
101004
101019
101082
101196
101202
101206
101210
101227
101245
101248
101251
101257
101258
101259
101261
101281
101301
101600
101609
101682
101685
101692
101729
101808
101828
101831
101866
101868
101906
101909
101937
101968
101970
101993
101995
101997
101999
102001
102052
102129
102130
102132
102133
102163
102164
102196
102217
102218
102223
102226
102232
102482
102485
102549
102552
102560
102575
102577
102604
102783
102790
102792
102805
102820
102830
103081
103082
103083
103084
103178
103184
103193
103194
103300
103585
103733
103736
104100
104103
104285
104298
104650
104660
104740
104801
104824
104978
104985
105040
105042
105100
105261
105268
105300
105304
105315
105321
105344
105369
105377
105446
105492
105494
105500
105505
105522
105587
105596
105597
105606
105609
105619
105666
105680
105733
105848
105871
105952
105958
105959
105968
105976
105987
105992
105995
106001
106024
106032
106037
106042
106044
106081
106083
106113
106139
106153
106154
106181
106183
106213
106219
106246
106250
106339
106340
106342
106345
106346
106348
106385
106407
106429
106439
106440
106442
106443
106544
106563
106666
106669
106672
106675
106689
106693
106696
106705
106838
106898
106899
106934
106939
106943
106957
107206
107327
107329
107336
107434
107436
107438
107440
107530
107557
107574
107735
107739
108067
108068
108312
108472
109009
109010
109011
109183
109448
109467
109469
109481
109482
109483
109569
109572
109573
109577
109578
109608
109610
109653
109655
109657
109661
109672
109688
109721
109722
109723
109726
109729
109732
109734
109736
109738
109741
109743
109747
109748
109759
109761
109763
109765
109814
109819
109872
109879
109929
109958
109959
109962
109970
110034
110080
110150
110183
110326
110438
110441
110444
110451
110452
110453
110457
110468
110471
110538
110554
110555
110556
110559
110563
110570
110572
110581
110586
110589
110595
110596
110614
110622
110636
110640
110645
110651
110665
110666
110667
110668
110671
110681
110683
110687
110699
110703
110705
110710
110714
110715
110784
110787
110802
110825
110828
110855
110863
110938
110948
110958
110959
110972
110981
110984
110991
110995
110997
111003
111004
111011
111013
111038
111042
111043
111062
111063
111067
111068
111069
111071
111079
111082
111099
111115
111127
111134
111135
111151
111152
111159
111161
111163
111165
111171
111172
111173
111174
111175
111176
111177
111178
111179
111182
111183
111186
111189
111193
111194
111195
111199
111210
111221
111247
111248
111267
111268
111325
111327
111331
111332
111333
111811
111873
111898
111900
111935
111944
111976
111977
111978
111979
111980
111999
112000
112003
112007
112009
112010
112011
112013
112014
112019
112023
112028
112031
112049
112052
112082
112083
112084
112087
112088
112089
112093
112115
112121
112125
112133
112134
112139
112145
112202
112276
112279
112280
112281
112285
112288
112325
112330
112338
112339
112340
112341
112342
112356
112366
112369
112370
112371
112380
112385
112386
112387
112391
112393
112403
112404
112405
112408
112420
112421
112422
112437
112438
112439
112452
112457
112458
112477
112478
112494
112495
112498
112501
112504
112507
112513
112515
112524
112541
112544
112552
112581
112582
112583
112591
112610
112619
112636
112640
112644
112650
112652
112686
112688
112700
112701
112706
112708
112710
112714
112754
112755
112773
112774
112776
112778
112789
112818
112831
112833
112847
112851
112864
112865
112866
112875
112877
112885
112903
112911
112920
112926
112934
112935
112941
112974
112987
112993
112997
113002
113011
113015
113016
113034
113036
113048
113049
113050
113060
113075
113096
113130
113142
113155
113171
113195
113199
113200
113215
113217
113220
113226
113257
113258
113259
113266
113267
113270
113274
113278
113282
113285
113286
113291
113292
113297
113324
113328
113331
113338
113365
113366
113368
113383
113384
113385
113391
113392
113396
113399
113473
113477
113515
113518
113521
113524
113548
113551
113553
113558
113564
113575
113576
113577
113582
113586
113600
113625
113641
113644
113672
113676
113678
113686
113767
113770
113785
113796
113800
113801
113808
113810
113811
113812
113813
113814
113827
113829
113861
113875
113876
113877
113878
113887
113896
113900
113908
113912
113915
113932
113933
113934
113949
113954
113955
113966
113970
113973
113975
113983
114016
114017
114063
114077
114081
114125
114127
114130
114162
114163
114231
114238
114241
114276
114278
114295
114306
114439
114440
114503
114505
114515
114550
114559
114565
114601
114604
114633
114634
114640
114641
114648
114650
114661
114665
114687
114689
114692
114693
114720
114723
114747
114748
114754
114756
114758
114761
114763
114789
114791
114793
114796
114807
114815
114817
114830
114859
114861
114862
114863
114864
114865
114870
114878
114880
114890
114891
114892
114893
114894
114895
114896
114897
114902
114906
114910
114913
114920
114925
114931
114932
114937
114938
114940
114942
114945
114955
114962
114967
114971
114975
114976
114979
114981
114997
115016
115030
115031
115032
115033
115034
115038
115047
115051
115054
115057
115058
115061
115062
115063
115067
115126
115131
115140
115144
115169
115170
115172
115175
115210
115214
115216
115217
115224
115237
115238
115241
115243
115245
115248
115250
115255
115296
115342
115395
115409
115423
115424
115459
115522
115536
115537
115538
115540
115556
115560
115596
115599
115600
115603
115606
115609
115614
115618
115619
115620
115623
115625
115626
115629
115633
115635
115638
115644
115646
115649
115655
115675
115869
115873
115908
115950
115977
115980
115990
116004
116078
116130
116142
116191
116194
116206
116209
116213
116216
116219
116222
116224
116233
116235
116268
116278
116280
116354
116359
116376
116377
116378
116379
116388
116389
116403
116408
116409
116412
116423
116424
116425
116437
116438
116440
116443
116459
116460
116476
116477
116486
116487
116488
116489
116490
116493
116495
116498
116500
116504
116505
116509
116515
116519
116521
116525
116526
116530
116531
116542
116551
116554
116591
116594
116600
116603
116606
116625
116672
116683
116684
116685
116694
116695
116762
116763
116766
116767
116769
116770
116771
116772
116774
116775
116776
116777
116794
116799
116802
116804
116806
116807
116809
116810
116811
116815
116818
116854
116857
116858
116885
116886
116887
116888
116889
116890
116918
116941
116942
116943
116960
116961
116963
116966
116986
116988
116989
116991
116993
116994
116996
116997
117010
117030
117031
117041
117042
117047
117057
117060
117077
117079
117089
117103
117109
117110
117120
117135
117162
117163
117167
117169
117182
117191
117192
117199
117208
117213
117215
117229
117233
117238
117244
117405
117411
117416
117419
117427
117428
117435
117437
117439
117441
117443
117446
117450
117451
117456
117462
117466
117476
117477
117488
117489
117493
117498
117503
117507
117509
117510
117511
117514
117516
117526
117529
117539
117541
117546
117577
117587
117602
117608
117609
117610
117619
117626
117627
117628
117630
117635
117639
117644
117645
117646
117647
117649
117669
117674
117677
117681
117683
117684
117685
117689
117696
117700
117704
117710
117711
117727
117732
117734
117737
117742
117744
117745
117746
117749
117750
117751
117756
117759
117765
117768
117781
117799
117823
117824
117837
117839
117857
117861
117871
117875
117893
117894
117895
117897
117910
117915
117930
117933
117934
117936
117966
117967
117968
117972
117981
118002
118010
118014
118017
118018
118021
118023
118034
118042
118047
118049
118083
118112
118114
118116
118117
118127
118130
118141
118143
118162
118171
118187
118189
118199
118221
118234
118235
118238
118249
118272
118273
118274
118275
118311
118312
118316
118317
118318
118320
118330
118335
118379
118384
118385
118396
118401
118413
118414
118415
118423
118424
118428
118437
118460
118470
118480
118481
118496
118499
118504
118512
118516
118523
118526
118541
118542
118547
118549
118551
118557
118570
118584
118585
118586
118599
118603
118605
118612
118620
118621
118622
118626
118640
118645
118646
118651
118653
118657
118661
118665
118666
118671
118672
118680
118684
118689
118691
118696
118708
118720
118734
118736
118748
118756
118758
118791
118793
118796
118799
118808
118809
118811
118813
118821
118827
118836
118838
118844
118845
118857
118865
118888
118891
118895
118897
118899
118900
118901
118902
118904
118931
118932
118952
118957
118974
118980
118983
119004
119005
119022
119025
119040
119041
119046
119048
119054
119057
119075
119076
119077
119080
119084
119085
119088
119099
119106
119107
119114
119115
119118
119123
119125
119127
119135
119136
119142
119148
119149
119151
119152
119154
119155
119158
119159
119163
119167
119168
119169
119173
119178
119188
119191
119195
119200
119201
119202
119203
119208
119209
119221
119228
119229
119230
119238
119245
119249
119250
119262
119265
119270
119282
119283
119287
119288
119300
119309
119310
119342
119360
119368
119381
119408
119416
119418
119419
119427
119430
119443
119447
119448
119450
119464
119465
119470
119491
119492
119496
119500
119503
119513
119514
119516
119517
119532
119540
119541
119542
119544
119553
119554
119566
119570
119589
119591
119617
119621
119625
119626
119628
119629
119645
119648
119649
119651
119656
119658
119660
119662
119666
119701
119702
119706
119707
119708
119709
119718
119719
119726
119733
119734
119735
119736
119737
119738
119746
119782
119785
119852
119862
119874
119875
119880
119885
119887
119895
119900
119918
119919
119920
119921
119931
119933
119941
119942
119958
119961
119968
119970
119977
119986
120002
120021
120022
120023
120024
120027
120038
120039
120046
120047
120050
120051
120055
120056
120064
120065
120066
120067
120069
120070
120075
120078
120081
120090
120113
120129
120130
120138
120186
120202
120207
120222
120229
120242
120243
120245
120265
120269
120270
120271
120317
120318
120341
120393
120407
120408
120409
120410
120411
120412
120417
120421
120453
120458
120477
120485
120555
120558
120572
120573
120591
120594
120596
120597
120599
120601
120611
120620
120638
120639
120640
120641
120648
120649
120650
120661
120662
120669
120671
120674
120675
120679
120682
120683
120687
120709
120711
120712
120714
120716
120719
120727
120758
120760
120761
120763
120764
120768
120769
120770
120801
120817
120820
120825
120834
120861
120868
120871
120876
120877
120879
120889
120893
120903
120909
120942
120954
120959
120960
120966
120968
120970
120973
120976
120978
120980
120987
120988
120994
120995
121004
121005
121010
121011
121015
121019
121021
121022
121023
121025
121027
121031
121033
121038
121042
121044
121050
121052
121076
121077
121078
121080
121081
121082
121093
121094
121110
121111
121131
121141
121147
121164
121171
121180
121181
121186
121197
121198
121199
121204
121208
121212
121213
121218
121220
121224
121228
121234
121240
121250
121253
121255
121260
121261
121267
121269
121270
121272
121273
121274
121288
121289
121291
121293
121294
121297
121302
121305
121313
121314
121317
121320
121325
121329
121337
121341
121342
121348
121358
121359
121360
121361
121364
121371
121374
121375
121378
121391
121401
121402
121403
121405
121407
121420
121422
121423
121424
121425
121426
121432
121436
121439
121440
121442
121448
121453
121454
121460
121461
121462
121470
121474
121478
121479
121483
121493
121494
121496
121499
121501
121503
121506
121515
121519
121528
121529
121530
121532
121533
121538
121542
121545
121549
121550
121583
121585
121586
121591
121611
121612
121616
121617
121618
121619
121631
121632
121633
121634
121635
121636
121637
121638
121639
121641
121642
121643
121644
121645
121646
121647
121648
121649
121650
121666
121669
121671
121672
121678
121685
121686
121687
121718
121719
121740
121741
121744
121745
121751
121752
121753
121755
121759
121839
121842
121844
121846
121848
121856
121857
121861
121876
121907
121908
121909
121935
121936
121938
121939
121940
121941
121942
121943
121944
121946
121950
121951
121952
121964
121974
121981
121986
121988
121996
122002
122023
122042
122048
122067
122068
122077
122080
122084
122085
122086
122090
122117
122118
122145
122148
122151
122154
122157
122160
122173
122177
122184
122191
122204
122211
122212
122213
122218
122220
122222
122223
122237
122238
122239
122240
122241
122242
122243
122251
122285
122291
122298
122311
122321
122397
122405
122430
122432
122433
122517
122523
122527
122548
122550
122578
122638
122640
122666
122668
122675
122676
122700
122727
122730
122736
122740
122741
122747
122752
122760
122811
122813
122820
122831
122848
122866
122868
122873
122874
122880
122883
122884
122885
122886
122887
122888
122952
122953
122957
122958
122968
123060
123062
123073
123074
123147
123158
123168
123190
123193
123263
123290
123291
123300
123303
123304
123324
123390
123427
123428
123429
123453
123455
123493
123495
123502
123504
123505
123507
123534
123539
123581
123582
123587
123588
123589
123612
123623
123698
123699
123701
123703
123706
123710
123733
123740
123743
123745
123746
123747
123750
123752
123753
123754
123769
123793
123794
123837
123858
123859
123862
123873
123915
123916
123960
124009
124013
124020
124023
124025
124052
124055
124061
124063
124067
124068
124142
124148
124149
124172
124180
124185
124186
124207
124242
124244
124274
124291
124297
124340
124350
124353
124408
124413
124441
124480
124485
124488
124508
124526
124528
124531
124533
124580
124581
124661
124688
124689
124691
124719
124757
124758
124760
124821
124823
124853
124856
124874
124879
124891
124896
124897
124901
124905
124910
124921
124929
124942
124950
124968
124983
124988
124999
125004
125009
125034
125036
125043
125057
125059
125060
125067
125072
125073
125074
125080
125081
125088
125089
125090
125091
125092
125096
125097
125098
125099
125101
125116
125117
125119
125120
125122
125123
125126
125127
125128
125133
125136
125137
125142
125145
125151
125156
125180
125184
125189
125208
125211
125220
125227
125236
125256
125258
125261
125266
125300
125313
125338
125353
125359
125361
125382
125386
125389
125394
125395
125415
125421
125488
125490
125501
125503
125505
125507
125517
125526
125551
125554
125562
125568
125569
125583
125584
125589
125598
125599
125613
125626
125638
125650
125653
125656
125672
125686
125692
125694
125701
125705
125710
125718
125734
125748
125752
125754
125767
125773
125774
125778
125785
125788
125810
125828
125846
125849
125876
125880
125900
125939
125941
125944
125965
125976
125989
126003
126011
126019
126022
126025
126026
126030
126050
126055
126061
126067
126073
126075
126081
126083
126084
126089
126095
126096
126099
126117
126139
126141
126145
126148
126169
126176
126178
126186
126189
126216
126220
126221
126232
126234
126236
126257
126267
126280
126281
126301
126303
126313
126319
126370
126371
126374
126381
126382
126384
126404
126405
126413
126415
126422
126458
126460
126468
126471
126474
126485
126488
126490
126493
126494
126497
126507
126509
126515
126539
126541
126542
126556
126597
126607
126609
126619
126636
126640
126652
126654
126656
126678
126681
126682
126687
126690
126718
126726
126728
126749
126761
126763
126765
126778
126791
126793
126795
126797
126799
126803
126804
126812
126814
126821
126839
126848
126864
126866
126870
126871
126873
126901
126903
126904
126907
126909
126911
126918
126921
126925
126934
126956
126962
126967
126974
126978
126980
126984
126985
126990
126992
127003
127042
127046
127048
127051
127073
127084
127089
127092
127095
127107
127110
127113
127115
127135
127153
127155
127179
127180
127187
127196
127214
127218
127221
127231
127234
127236
127255
127259
127260
127286
127288
127299
127324
127349
127350
127351
127358
127376
127414
127422
127427
127468
127473
127486
127507
127535
127536
127580
127586
127594
127596
127598
127619
127697
127717
127720
127728
127735
127739
127742
127759
127763
127791
127797
127821
127984
127994
127999
128017
128062
128100
128312
128343
128345
128423
128467
128611
128686
128879
128923
128986
129287
129508
129539
129592
129593
129611
129618
129642
129657
129663
129677
129751
129753
129862
129863
129864
129883
129913
129991
130031
130046
130049
130063
130115
130172
130174
130175
130177
130180
130183
130198
130219
130225
130231
130232
130233
130240
130244
130245
130263
130264
130268
130270
130287
130288
130293
130296
130299
130304
130308
130315
130337
130340
130341
130343
130346
130347
130349
130355
130357
130363
130364
130368
130420
130422
130428
130433
130439
130447
130448
130452
130453
130470
130504
130506
130511
130520
130521
130523
130524
130526
130527
130542
130546
130550
130555
130556
130561
130599
130600
130602
130606
130627
130631
130632
130642
130646
130652
130748
130790
130798
130799
130806
130813
130814
130815
130836
130840
130848
130851
130854
130857
130860
130863
130866
130869
130870
130871
130872
130888
130889
130890
130891
130894
130896
130900
130905
130908
130918
130936
130937
130938
130939
130940
130941
130942
130946
130948
130952
130957
130961
130963
130966
130967
130981
130987
130988
130998
131020
131032
131037
131046
131053
131057
131064
131070
131080
131081
131084
131092
131095
131096
131099
131100
131105
131108
131112
131115
131119
131123
131126
131134
131195
131197
131204
131211
131217
131224
131231
131240
131245
131250
131256
131261
131266
131272
131283
131293
131304
131309
131357
131362
131369
131372
131373
131391
131399
131400
131401
131402
131403
131404
131434
131437
131455
131456
131463
131470
131477
131482
131490
131499
131505
131511
131517
131543
131549
131553
131556
131557
131560
131573
131576
131577
131578
131591
131592
131596
131598
131600
131601
131609
131612
131615
131619
131620
131623
131655
131658
131735
131749
131802
131817
131818
131819
131822
131826
131827
131828
131838
131840
131849
131866
131870
131884
131887
131920
131993
132020
132034
132041
132042
132088
132153
132172
132246
132255
132258
132266
132276
132277
132279
132283
132324
132326
132344
132346
132352
132386
132387
132389
132393
132440
132442
132443
132444
132445
132447
132450
132478
132487
132488
132494
132495
132520
132527
132528
132529
132531
132555
132585
132588
132605
132614
132642
132652
132663
132675
132696
132736
132770
132771
132772
132774
132777
132778
132780
132782
132783
132785
132787
132788
132790
132793
132798
132799
132807
132808
132809
132810
132811
132812
132813
132814
132815
132821
132822
132823
132826
132827
132831
132832
132834
132836
132852
132867
132869
132884
132887
132982
133010
133048
133049
133056
133057
133065
133066
133097
133152
133154
133212
133244
133258
133264
133265
133287
133333
133334
133335
133339
133427
133428
133431
133432
133454
133455
133504
133505
133507
133508
133509
133512
133530
133531
133532
133533
133534
133537
133588
133606
133607
133609
133612
133615
133616
133625
133629
133634
133635
133636
133637
133638
133640
133647
133648
133653
133665
133680
133694
133695
133696
133699
133713
133714
133722
133724
133726
133750
133751
133752
133758
133764
133800
133802
133804
133807
133808
133810
133812
133813
133816
133820
133838
133839
133841
133842
133845
133862
133863
133872
133878
133879
133882
133883
133884
133892
133893
133902
133904
133906
133916
133935
133937
133944
133945
133946
133967
133978
133988
133989
134001
134002
134012
134014
134015
134017
134018
134024
134025
134026
134028
134077
134079
134087
134090
134095
134099
134103
134107
134111
134115
134118
134124
134127
134130
134136
134140
134146
134149
134159
134160
134169
134170
134171
134173
134181
134182
134186
134188
134190
134192
134197
134201
134204
134211
134212
134214
134215
134216
134218
134223
134238
134239
134241
134243
134246
134248
134251
134259
134260
134263
134264
134267
134269
134273
134283
134284
134285
134306
134307
134330
134331
134343
134345
134406
134417
134420
134490
134519
134520
134521
134522
134523
134524
134525
134526
134527
134528
134529
134530
134531
134532
134533
134534
134535
134536
134537
134538
134540
134545
134597
134598
134783
134787
134788
134793
134798
134803
134830
134834
134886
134902
134911
134944
134973
134975
134983
135009
135014
135045
135053
135155
135185
135187
135219
135290
135291
135292
135309
135314
135321
135329
135333
135439
135441
135546
135712
135748
135749
135838
136169
136172
136173
136281
136445
136702
136705
136856
136864
136971
136986
136987
137046
137068
137215
137286
137298
137574
137788
137801
137825
137901
137902
137937
138028
138038
138067
138086
138088
138089
138131
138149
138156
138167
138181
138219
138225
138227
138233
138275
138366
138367
138390
138399
138409
138410
138419
138420
138428
138430
138432
138437
138464
138469
138476
138483
138488
138499
138512
138530
138572
138574
138575
138578
138579
138580
138606
138607
138617
138618
138619
138682
138683
138684
138685
138695
138701
138707
138821
138828
138832
138834
138847
138853
138855
138863
138873
138876
138914
138968
138992
138993
138995
139012
139040
139050
139091
139127
139138
139139
139307
139327
139349
139363
139377
139378
139384
139390
139407
139412
139414
139466
139483
139489
139548
139565
139598
139599
139600
139601
139614
139619
139622
139637
139710
139720
139731
139734
139741
139751
139752
139771
139783
139785
139786
139794
139795
139799
139819
139820
139826
139827
139841
139843
139846
139849
139867
139872
139902
139909
139927
139940
139949
139952
139967
139969
140030
140034
140056
140118
140166
140175
140178
140197
140210
140226
140228
140236
140263
140266
140341
140346
140359
140398
140400
140414
140433
140435
140443
140504
140506
140539
140540
140543
140583
140592
140648
140652
140662
140663
140670
140673
140675
140680
140682
140683
140691
140703
140724
140727
140736
140745
140747
140775
140782
140806
140809
140817
140821
140827
140828
140836
140838
140870
140877
140879
140882
140883
140887
140888
140891
140894
140903
140906
140910
140920
140944
140946
140962
140964
141006
141063
141067
141081
141084
141085
141088
141093
141095
141111
141116
141124
141137
141151
141153
141155
141156
141204
141212
141228
141236
141241
141343
141344
141391
141397
141420
141485
141490
141492
141671
141810
141818
141836
141847
141853
141860
141880
141972
142007
142056
142070
142072
142085
142102
142115
142179
142202
142238
142303
142316
142334
142337
142350
142359
142366
142380
142407
142418
142465
142518
142526
142535
142540
142541
142551
142568
142571
142672
142680
142693
142704
142707
142708
142731
142740
142751
142762
142763
142766
142775
142776
142777
142781
142796
142797
142800
142801
142808
142809
142813
142819
142820
142823
142824
142825
142829
142833
142865
142866
142876
142894
142923
142925
142927
142955
142959
142960
142970
142985
142993
143008
143012
143016
143039
143053
143054
143055
143058
143059
143113
143116
143124
143125
143126
143139
143157
143159
143184
143186
143190
143191
143216
143257
143261
143262
143313
143314
143336
143341
143358
143360
143367
143369
143378
143379
143381
143382
143449
143523
143524
143532
143552
143556
143563
143575
143580
143582
143585
143629
143640
143668
143699
143736
143811
143818
143901
143920
144014
144015
144016
144018
144019
144021
144022
144023
144030
144050
144073
144074
144075
144080
144082
144084
144085
144088
144098
144099
144119
144122
144125
144126
144138
144141
144142
144150
144151
144161
144168
144169
144171
144172
144175
144203
144204
144206
144209
144210
144211
144227
144228
144244
144247
144248
144249
144251
144252
144266
144267
144294
144330
144339
144358
144360
144376
144377
144378
144379
144381
144382
144407
144408
144409
144411
144412
144414
144415
144416
144418
144419
144421
144459
144460
144473
144474
144476
144477
144486
144488
144491
144498
144507
144522
144523
144524
144525
144529
144537
144541
144542
144554
144555
144593
144594
144597
144599
144607
144640
144642
144644
144645
144653
144668
144678
144691
144692
144694
144695
144720
144748
144778
144803
144809
144811
144812
144815
144816
144823
144827
144833
144835
144879
144880
144913
144917
144938
144939
144942
144943
145001
145002
145004
145005
145007
145008
145009
145010
145014
145015
145016
145017
145019
145020
145021
145034
145063
145064
145078
145108
145111
145114
145115
145120
145124
145133
145134
145157
145178
145181
145196
145202
145213
145239
145248
145249
145262
145264
145315
145318
145327
145332
145338
145345
145346
145352
145356
145363
145364
145392
145408
145444
145471
145476
145479
145498
145505
145507
145608
145612
145616
145619
145630
145635
145637
145641
145649
145879
145908
145912
145962
145988
146259
146303
146319
146329
146331
146333
146407
146424
146425
146426
146427
146428
146429
146430
146431
146432
146433
146434
146435
146436
146437
146496
146499
146511
146512
146513
146514
146531
146532
146575
146586
146679
146699
146745
146917
147293
147309
147310
147466
147469
147472
147473
147491
147529
147535
147536
147582
147584
147636
147668
147670
147691
147692
147693
147710
147769
147820
147821
147822
147911
147940
148221
148225
148228
148251
148252
148258
148264
148268
148273
148276
148278
148281
148282
148283
148288
148297
148299
148346
148356
148362
148363
148388
148391
148406
148410
148415
148418
148426
148436
148442
148444
148446
148448
148462
148472
148473
148476
148477
148478
148479
148480
148486
148497
148500
148502
148504
148507
148509
148535
148539
148540
148541
148544
148575
148580
148584
148585
148590
148594
148595
148596
148603
148605
148641
148649
148656
148659
148660
148694
148696
148715
148717
148720
148759
148801
148803
148854
148857
148858
148864
148869
148875
148881
148882
148896
148921
148960
148962
149028
149029
149067
149069
149073
149074
149085
149089
149094
149096
149113
149143
149144
149162
149164
149175
149218
149228
149229
149230
149231
149232
149233
149234
149236
149241
149243
149244
149245
149246
149262
149273
149274
149279
149284
149303
149304
149354
149400
149428
149431
149437
149438
149441
149443
149542
149544
149622
149638
149643
149644
149656
149661
149667
149668
149697
149703
149705
149719
149724
149730
149769
149888
149898
149901
149902
149907
149911
149917
149918
149958
149963
150012
150014
150074
150165
150166
150196
150198
150203
150235
150343
150384
150399
150425
150427
150429
150430
150432
150433
150435
150437
150438
150440
150441
150443
150445
150447
150448
150497
150553
150573
150574
150579
150610
150731
150732
150733
150734
150735
150752
150753
150763
150764
150765
150766
150769
150770
150771
150806
150807
150808
150809
150810
150811
150816
150825
150829
150834
150837
150841
150845
150846
150853
150944
150945
150951
150953
150955
150956
150957
150959
150960
151058
151059
151060
151071
151072
151181
151189
151190
151195
151203
151235
151245
151246
151262
151263
151268
151275
151283
151289
151292
151294
151370
151371
151392
151401
151500
151516
151517
151532
151543
151552
151581
151597
151601
151619
151622
151628
151629
151630
151646
151648
151676
151688
151719
151720
151730
151814
151821
151836
151863
151913
151918
151919
151938
151940
151954
151992
152005
152016
152063
152082
152139
152140
152141
152142
152155
152182
152219
152220
152288
152294
152296
152350
152351
152352
152353
152440
152456
152472
152593
152600
152601
152680
152693
152718
152736
152743
152748
152771
152883
152899
152905
152906
152907
152908
152909
152910
152917
152918
152922
152923
152924
152925
152936
152937
152938
152945
152956
152965
152967
152968
152978
152987
152990
152991
153006
153019
153029
153044
153052
153061
153064
153065
153101
153286
153288
153293
153312
153342
153345
153361
153364
153365
153367
153368
153370
153371
153372
153380
153381
153382
153383
153384
153385
153386
153387
153388
153389
153390
153391
153392
153393
153394
153395
153406
153411
153412
153413
153416
153436
153437
153438
153439
153463
153464
153465
153521
153522
153523
153524
153525
153532
153533
153542
153549
153590
153591
153592
153593
153594
153595
153601
153605
153606
153607
153608
153609
153610
153611
153612
153613
153614
153615
153616
153617
153618
153619
153639
153640
153682
153683
153684
153686
153687
153759
153762
153765
153768
153773
153779
153780
153781
153849
153874
153875
153902
153914
153916
153918
153920
153921
153922
153923
153937
153952
154021
154024
154032
154037
154053
154054
154096
154147
154148
154149
154150
154151
154236
154412
154436
154540
154577
154585
154587
154593
154597
154602
154630
154640
154641
154642
154643
154644
154645
154646
154648
154650
154652
154653
154654
154655
154689
154690
154868
154871
154873
154897
154910
154970
154988
155090
155095
155096
155098
155100
155180
155193
155198
155207
155210
155277
155290
155341
155361
155578
155593
155688
156145
156645
156647
156648
156649
156656
156706
156880
156926
156932
156973
156978
157034
157035
157054
157055
157071
157074
157075
157083
157087
157127
157131
157139
157141
157175
157176
157179
157181
157186
157201
157202
157204
157228
157251
157253
157259
157273
157288
157289
157291
157295
157296
157302
157303
157321
157337
157344
157353
157354
157381
157387
157390
157391
157410
157424
157432
157435
157436
157440
157441
157446
157447
157449
157452
157500
157509
157556
157557
157560
157561
157574
157577
157580
157582
157584
157588
157608
157616
157617
157621
157642
157646
157655
157663
157676
157680
157681
157686
157705
157706
157718
157722
157724
157725
157740
157743
157749
157750
157751
157752
157753
157754
157775
157780
157801
157802
157803
157809
157813
157815
157816
157817
157853
157854
157855
157862
157877
157880
157881
157938
157944
157946
157947
157992
157993
157996
158012
158016
158018
158024
158029
158038
158039
158161
158162
158163
158164
158166
158167
158190
158191
158203
158217
158218
158222
158223
158226
158227
158230
158231
158253
158254
158255
158307
158325
158332
158333
158341
158344
158345
158346
158347
158357
158365
158369
158370
158390
158393
158394
158395
158401
158403
158407
158412
158464
158482
158523
158527
158543
158544
158558
158559
158649
158650
158651
158652
158653
158654
158677
158678
158680
158682
158684
158687
158690
158691
158692
158693
158696
158699
158723
158726
158747
158749
158767
158792
158848
158851
158852
158875
158876
158877
158878
158886
159042
159043
159045
159046
159047
159048
159050
159052
159053
159054
159056
159086
159088
159106
159145
159147
159324
159341
159349
159351
159352
159364
159598
159601
159602
159630
159631
159673
159848
159882
159917
159926
160015
160016
160018
160019
160020
160023
160026
160030
160038
160039
160048
160058
160060
160061
160069
160070
160081
160082
160107
160109
160110
160113
160114
160118
160120
160122
160149
160150
160155
160157
160160
160167
160168
160173
160178
160187
160191
160203
160204
160208
160210
160212
160351
160408
160461
160462
160463
160464
160465
160466
160471
160472
160473
160474
160475
160478
160479
160481
160483
160485
160489
160493
160496
160499
160713
160739
160838
160853
160973
160975
161045
161046
161072
161289
161298
161324
161326
161327
161402
161404
161407
161408
161446
161447
161449
161453
161458
161562
162233
162302
162320
162322
162324
162327
162329
162334
162345
162346
162352
162357
162360
162362
162367
162368
162370
162383
162384
162386
162387
162389
162392
162397
162398
162406
162409
162418
162423
162677
162688
162691
162693
162695
162701
162703
162704
162705
162707
162710
162713
162729
162730
162731
162736
162737
162739
162742
162744
162757
162758
162770
162771
162772
162773
162779
162787
162793
162798
162850
162851
162860
162863
162865
162866
162897
162921
162926
162977
162982
163060
163074
163077
163096
163103
163108
163160
163163
163170
163176
163191
163307
163309
163311
163518
163526
163529
163530
163535
163539
163544
163545
163584
163588
163589
163613
163618
163702
163716
163738
163825
163883
163885
163937
163938
163975
164004
164005
164009
164034
164035
164042
164043
164077
164081
164130
164156
164163
164164
164178
164236
164240
164242
164243
164265
164276
164278
164283
164287
164291
164292
164296
164301
164334
164337
164338
164350
164354
164360
164361
164367
164371
164393
164396
164398
164441
164443
164495
164498
164553
164587
164591
164592
164593
164603
164604
164611
164617
164623
164790
164813
164817
164826
164958
164967
164970
164973
164981
164993
165006
165031
165038
165049
165301
165305
165307
165315
165381
165383
165400
165448
165475
165489
165499
165503
165507
165511
165512
165518
165525
165539
165635
165717
165755
165785
165789
165804
165810
165819
165906
165993
166137
166140
166145
166154
166333
166366
166430
166431
166845
167031
167160
167161
167229
167230
167469
167470
167472
167473
167475
167476
167564
167565
167581
167584
167657
167658
167659
167830
167837
167838
168041
168043
168046
168069
168071
168079
168080
168081
168085
168106
168108
168110
168112
168120
168122
168141
168143
168173
168223
168227
168228
168262
168269
168273
168274
168277
168279
168372
168386
168397
168403
168407
168424
168478
168481
168484
168489
168490
168497
168502
168504
168506
168507
168510
168513
168518
168521
168522
168527
168528
168529
168532
168535
168538
168539
168540
168544
168548
168549
168563
168564
168565
168566
168568
168569
168572
168574
168575
168577
168578
168580
168582
168586
168588
168589
168592
168593
168595
168596
168600
168601
168606
168607
168611
168613
168616
168618
168621
168627
168632
168634
168638
168641
168782
168791
168795
168797
168802
168935
168936
168938
168950
168953
168955
168987
168994
168995
168996
168997
168999
169000
169002
169004
169008
169012
169013
169014
169017
169018
169019
169020
169022
169026
169030
169032
169034
169035
169039
169048
169054
169055
169061
169079
169084
169087
169128
169138
169139
169142
169146
169151
169152
169160
169181
169183
169185
169186
169188
169189
169190
169290
169292
169293
169303
169317
169318
169319
169321
169347
169350
169353
169380
169389
169441
169442
169445
169459
169460
169464
169465
169466
169488
169498
169550
169568
169602
169621
169622
169624
169628
169631
169689
169749
169770
169771
169772
169773
169777
169818
169819
169824
169826
169853
169854
169885
169886
169933
169944
169960
169961
169965
169990
170029
170064
170065
170066
170105
170108
170109
170113
170118
170172
170176
170180
170182
170194
170197
170289
170290
170304
170305
170307
170309
170324
170329
170344
170345
170351
170352
170354
170355
170408
170409
170410
170412
170413
170414
170415
170452
170453
170457
170505
170520
170521
170530
170531
170535
170540
170541
170561
170590
170698
170699
170712
170713
170753
170756
170763
170767
170781
170790
170823
170824
170849
170850
170851
170853
170865
170866
170867
170875
170882
170883
170885
170889
170895
170896
170897
170900
170904
170938
170949
170950
170951
170953
170954
170989
170990
170997
171001
171002
171003
171007
171018
171019
171021
171027
171062
171242
171243
171244
171255
171289
171290
171292
171296
171297
171302
171303
171304
171305
171311
171320
171362
171363
171388
171406
171407
171410
171411
171418
171479
171483
171484
171489
171491
171509
171510
171523
171535
171546
171552
171576
171581
171594
171598
171614
171625
171644
171649
171650
171654
171655
171656
171676
171677
171682
171687
171697
171698
171701
171705
171730
171736
171756
171788
171792
171807
171814
171829
171836
171837
171840
171844
171857
171858
171862
171868
171872
171873
171874
171876
171892
171896
171907
171908
171912
171916
171922
171928
171950
171956
171973
171979
171982
171983
171984
171987
171990
171991
171992
171993
171996
172013
172014
172015
172016
172017
172018
172019
172023
172029
172035
172041
172046
172052
172055
172083
172090
172095
172097
172106
172107
172108
172109
172111
172131
172143
172145
172167
172169
172176
172183
172201
172207
172243
172250
172269
172274
172282
172283
172284
172326
172327
172328
172337
172338
172339
172343
172351
172352
172358
172362
172377
172378
172380
172381
172389
172390
172407
172420
172422
172439
172440
172447
172448
172449
172452
172455
172456
172457
172460
172473
172474
172481
172486
172499
172502
172506
172526
172527
172528
172529
172572
172573
172596
172607
172631
172632
172678
172680
172696
172709
172710
172712
172713
172714
172733
172735
172749
172751
172753
172754
172758
172762
172766
172774
172775
172786
172787
172799
172822
172827
172838
172842
172843
172855
172856
172857
172858
172882
172887
172908
172909
172911
172917
172922
172923
172935
172936
172951
172982
172989
172990
172991
172992
173000
173007
173012
173016
173017
173020
173021
173030
173040
173041
173042
173043
173055
173065
173067
173068
173070
173072
173102
173103
173111
173112
173113
173116
173117
173118
173120
173129
173130
173285
173286
173287
173295
173299
173333
173384
173386
173441
173454
173466
173494
173502
173503
173504
173505
173506
173508
173509
173510
173524
173526
173551
173556
173564
173565
173602
173608
173613
173622
173629
173635
173674
173679
173681
173684
173706
173710
173729
173746
173754
173782
173783
173788
173819
173833
173837
173840
173842
173845
173847
173855
173867
173868
173869
173870
173871
173872
173874
173875
173881
173885
173889
173892
173897
173901
173928
173929
173930
173934
173936
173937
173939
173946
173962
173963
173986
173987
174001
174002
174003
174009
174012
174016
174022
174043
174060
174061
174062
174069
174070
174072
174075
174091
174092
174097
174098
174126
174128
174131
174133
174172
174176
174177
174215
174216
174226
174227
174228
174240
174241
174247
174259
174260
174261
174262
174267
174270
174275
174277
174278
174282
174357
174369
174378
174390
174395
174402
174413
174415
174427
174429
174430
174431
174434
174442
174443
174446
174447
174448
174449
174450
174459
174460
174465
174476
174477
174478
174484
174485
174486
174487
174495
174498
174500
174501
174502
174503
174505
174508
174511
174518
174522
174525
174533
174534
174563
174571
174575
174578
174581
174584
174587
174589
174602
174637
174651
174652
174724
174726
174728
174730
174731
174735
174736
174752
174753
174755
174757
174758
174778
174781
174784
174788
174790
174791
174796
174798
174804
174885
174889
174890
174892
174895
174896
174899
174900
174909
174914
174915
174925
174926
174935
174936
174938
174940
174949
174950
174951
174956
174961
174962
174963
174964
174965
174991
174992
174993
175000
175001
175002
175004
175010
175013
175015
175023
175056
175077
175089
175102
175103
175114
175126
175127
175128
175142
175143
175144
175167
175170
175177
175178
175179
175180
175181
175182
175184
175185
175186
175187
175188
175189
175190
175201
175205
175217
175221
175222
175250
175253
175256
175258
175263
175264
175265
175282
175283
175302
175303
175304
175308
175322
175323
175326
175327
175328
175331
175340
175349
175359
175367
175375
175386
175387
175403
175410
175415
175416
175432
175442
175454
175457
175458
175459
175500
175504
175537
175538
175539
175540
175547
175557
175569
175571
175572
175577
175585
175587
175591
175592
175593
175597
175608
175609
175610
175611
175612
175615
175621
175622
175626
175627
175628
175637
175643
175690
175691
175692
175694
175710
175711
175846
175858
175872
175897
175934
175935
175936
175950
175951
175952
175953
175954
175955
175956
176003
176004
176016
176017
176021
176022
176034
176047
176049
176050
176051
176052
176053
176057
176070
176071
176072
176073
176082
176083
176084
176098
176099
176100
176104
176112
176115
176116
176126
176129
176130
176131
176136
176162
176164
176166
176168
176169
176170
176176
176177
176180
176193
176202
176203
176204
176206
176213
176226
176228
176234
176235
176236
176239
176246
176256
176257
176260
176267
176270
176274
176280
176281
176285
176286
176291
176308
176330
176360
176361
176362
176363
176393
176394
176395
176396
176397
176398
176399
176403
176408
176410
176414
176415
176416
176418
176425
176428
176431
176433
176434
176435
176436
176439
176444
176447
176454
176474
176475
176479
176481
176482
176509
176513
176515
176519
176567
176571
176574
176577
176579
176582
176584
176587
176590
176597
176601
176603
176604
176605
176608
176609
176610
176611
176612
176613
176614
176615
176616
176617
176618
176621
176623
176628
176629
176633
176642
176643
176651
176666
176667
176681
176682
176685
176686
176687
176688
176690
176693
176697
176706
176707
176708
176718
176721
176725
176728
176729
176730
176732
176741
176745
176746
176747
176755
176759
176761
176762
176778
176779
176783
176792
176793
176800
176804
176806
176807
176815
176816
176830
176835
176837
176880
176882
176883
176884
176888
176890
176892
176893
176894
176897
176899
176901
176904
176909
176910
176912
176915
176918
176922
176924
176926
176928
176930
176932
176934
176935
176937
176939
176941
176943
176974
176977
176978
176985
176998
177008
177016
177020
177022
177089
177106
177107
177108
177117
177131
177132
177159
177167
177168
177169
177171
177172
177173
177174
177177
177217
177218
177232
177237
177247
177249
177250
177251
177267
177268
177269
177281
177289
177291
177301
177302
177305
177307
177310
177315
177321
177329
177332
177339
177364
177365
177368
177370
177372
177373
177375
177376
177378
177379
177380
177381
177385
177386
177387
177389
177393
177401
177404
177432
177439
177462
177483
177486
177495
177496
177516
177518
177528
177529
177541
177542
177549
177551
177552
177553
177557
177567
177568
177577
177579
177581
177583
177586
177592
177600
177601
177654
177660
177661
177662
177671
177673
177676
177685
177697
177698
177706
177707
177708
177714
177734
177741
177746
177751
177771
177773
177776
177778
177780
177782
177785
177791
177792
177801
177881
177882
177883
177884
177886
177888
177890
177895
177896
177897
177899
177900
177901
177903
177904
177905
177932
177938
177952
177954
177956
177957
177960
177963
177966
177968
177970
177972
177980
177984
177990
177992
177997
177999
178000
178001
178003
178004
178022
178037
178038
178056
178057
178059
178060
178065
178082
178083
178125
178126
178127
178139
178141
178142
178145
178155
178172
178174
178176
178178
178179
178180
178181
178183
178186
178188
178190
178193
178198
178207
178211
178224
178226
178229
178232
178234
178237
178271
178274
178275
178276
178277
178279
178282
178293
178297
178314
178317
178321
178322
178323
178327
178331
178337
178351
178358
178359
178360
178362
178377
178382
178389
178400
178403
178416
178417
178418
178424
178425
178438
178439
178489
178490
178505
178511
178512
178528
178530
178601
178609
178610
178611
178643
178654
178655
178679
178702
178715
178716
178717
178730
178731
178732
178735
178779
178780
178781
178782
178783
178784
178785
178786
178794
178796
178797
178798
178799
178822
178829
178836
178844
178847
178848
178849
178873
178874
178925
178927
178933
178934
178935
178936
178942
179012
179013
179030
179037
179044
179110
179111
179144
179146
179163
179167
179173
179174
179185
179201
179203
179244
179245
179246
179251
179259
179260
179261
179265
179279
179288
179309
179311
179323
179352
179375
179377
179380
179381
179409
179410
179422
179424
179426
179515
179574
179575
179601
179607
179614
179621
179662
179663
179664
179678
179679
179695
179696
179700
179707
179710
179715
179716
179720
179731
179749
179763
179777
179778
179780
179953
179956
179957
179963
179967
179986
180003
180010
180051
180082
180084
180115
180116
180117
180127
180128
180129
180154
180157
180189
180211
180212
180213
180226
180298
180301
180313
180314
180328
180334
180335
180358
180366
180373
180374
180405
180406
180454
180461
180473
180474
180505
180509
180536
180540
180541
180543
180544
180547
180551
180553
180582
180583
180584
180593
180594
180595
180662
180664
180666
180668
180670
180683
180684
180685
180699
180702
180703
180716
180720
180729
180731
180750
180751
180754
180756
180758
180759
180761
180763
180764
180766
180770
180771
180773
180776
180778
180825
180826
180841
180842
180843
180844
180854
180857
180859
180860
180862
180873
180875
180877
180978
180991
180995
180997
180999
181022
181024
181043
181068
181078
181080
181090
181117
181118
181119
181121
181128
181130
181131
181141
181142
181146
181148
181156
181172
181206
181208
181212
181216
181247
181250
181252
181254
181263
181268
181272
181276
181280
181281
181283
181284
181285
181287
181288
181307
181308
181309
181322
181328
181331
181332
181333
181337
181345
181346
181347
181355
181358
181360
181364
181383
181386
181393
181399
181402
181410
181411
181423
181424
181426
181437
181465
181496
181507
181546
181570
181612
181616
181617
181618
181621
181631
181632
181633
181634
181639
181722
181741
181742
181752
181791
181798
181799
181837
181842
181849
181856
181890
181940
181941
181942
181967
181969
182313
183135
183152
183155
183156
183161
183165
183173
183175
183185
183199
183200
183201
183205
183219
183222
183322
183334
183355
183378
183379
183418
183505
183533
183568
183584
183616
183630
183638
183643
183644
183786
183808
183809
183833
183866
183867
183868
183876
183879
183883
183884
183912
183920
183969
183975
183998
184016
184017
184021
184030
184031
184049
184074
184108
184122
184126
184147
184173
184180
184202
184221
184222
184223
184224
184225
184228
184241
184245
184249
184257
184258
184259
184260
184261
184262
184275
184277
184292
184293
184315
184400
184423
184426
184443
184448
184469
184489
184538
184545
184561
184567
184570
184574
184575
184580
184583
184584
184585
184592
184605
184641
184650
184677
184678
184679
184682
184683
184684
184709
184710
184715
184718
184727
184731
184782
184783
184807
184809
184813
184815
184827
184841
184842
184878
184885
184886
184912
184924
184929
184930
184935
184936
184939
184947
184948
184949
184952
184960
184961
185007
185047
185050
185097
185099
185101
185102
185114
185119
185120
185122
185143
185146
185158
185163
185181
185182
185183
185201
185214
185216
185220
185231
185240
185242
185244
185269
185270
185281
185282
185283
185284
185301
185308
185316
185324
185329
185351
185352
185356
185360
185377
185382
185387
185388
185391
185397
185399
185403
185406
185410
185430
185457
185475
185492
185500
185503
185514
185521
185524
185525
185526
185527
185583
185584
185585
185589
185620
185621
185622
185623
185624
185625
185626
185629
185633
185635
185640
185643
185655
185680
185682
185689
185703
185730
185732
185733
185734
185735
185737
185738
185741
185744
185745
185746
185748
185749
185765
185766
185791
185793
185795
185796
185797
185799
185802
185804
185805
185807
185809
185810
185812
185813
185838
185839
185843
185845
185898
185899
185900
185901
185902
185903
185904
185905
185906
185907
185908
185909
185910
185911
185912
185913
185914
185916
185917
185918
185919
185920
185921
185922
185923
185924
185925
185928
185929
185939
185941
185943
185944
185948
185950
185951
185954
185955
185957
185962
185967
185968
185969
185972
185978
185979
185995
186001
186004
186018
186102
186107
186108
186123
186130
186148
186174
186208
186299
186320
187479
187621
188304
188307
188319
188338
188350
188354
188396
188397
188409
188410
188411
188412
188418
188448
188449
188453
188457
188462
188463
188471
188472
188473
188476
188480
188500
188509
188512
188571
188572
188577
188578
188602
188604
188655
188656
188696
188742
188773
189305
189308
189331
189333
189340
189342
189344
189345
189349
189360
189383
189386
189519
189552
189558
189567
189571
189574
189577
189580
189592
189594
189596
189598
189600
189601
189602
189603
189606
189608
189621
189624
189625
189631
189635
189640
189645
189674
189685
189689
189692
189701
189718
189721
189722
189728
189730
189867
189870
189914
189915
189919
189922
189925
189932
189952
189958
189964
189971
189973
189980
189983
189989
190001
190004
190007
190008
190010
190012
190013
190019
190029
190030
190031
190041
190048
190049
190053
190056
190076
190081
190547
190548
190549
190550
190551
190552
190553
190554
190555
190556
190557
190558
190559
190560
190590
190591
191089
191123
191124
191136
191142
191151
191153
191183
191193
191194
191207
191221
191223
191237
191323
191328
191331
191335
191356
191378
191448
191454
191466
191487
191488
191490
191496
191506
191507
191508
191516
191523
191524
191529
191530
191591
191593
191600
191608
191609
191711
191715
191725
191728
191732
191735
191740
191756
191928
191951
191952
191957
191964
191968
192302
192303
192304
192305
192306
192307
192308
192309
192340
192357
192395
192397
192407
192411
192418
192473
192501
192504
192505
192508
192510
192844
192897
193197
193366
193367
194176
194219
194222
194233
194236
194237
194238
194241
194263
194274
194275
194277
194284
194296
194307
194313
194314
194315
194316
194319
194326
194331
194336
194339
194373
194497
194595
194596
194597
194600
194602
194604
194605
194607
194610
194611
194612
194614
194616
194620
194622
194623
194624
194629
194630
194631
194632
194634
194636
194638
194641
194645
195011
195013
195016
195017
195020
195021
195022
195025
195026
195027
195028
195029
195030
195031
195035
195037
195038
195039
195043
195044
195045
195047
195048
195050
195051
195052
195054
195058
195059
195060
195061
195062
195063
195066
195069
195072
195073
195075
195078
195081
195083
195088
195090
195094
195096
195098
195100
195103
195106
195108
195111
195138
195139
195140
195198
195212
195214
195230
195231
195233
195235
195236
195237
195242
195244
195246
195247
195249
195251
195253
195255
195256
195259
195278
195281
195284
195295
195313
195314
195316
195317
195331
195333
195335
195337
195339
195341
195343
195345
195347
195370
195371
195380
195384
195392
195394
195412
195414
195416
195418
195419
195420
195421
195424
195425
195426
195428
195429
195431
195433
195434
195436
195438
195458
195459
195475
195476
195477
195478
195479
195483
195499
195501
195504
195506
195507
195510
195535
195538
195539
195549
195550
195552
195553
195554
195558
195560
195562
195578
195579
195593
195594
195609
195610
195612
195616
195618
195624
195629
195640
195642
195647
195690
195715
195724
195726
195728
195729
195731
195732
195734
195751
195755
195757
195759
195761
195769
195772
195773
195782
195788
195789
195803
195805
195807
195808
195809
195813
195815
195817
195818
195819
195822
195843
195856
195860
195863
195864
195866
195867
195887
195888
195890
195892
195894
195975
195976
196068
196069
196070
196071
196072
196073
196074
196085
196108
196123
196124
196168
196169
196170
196177
196178
196206
196207
196214
196215
196250
196255
196256
196266
196270
196276
196279
196280
196282
196288
196292
196300
196303
196304
196307
196308
196311
196312
196315
196328
196329
196331
196332
196504
196505
196508
196511
196512
196517
196526
196536
196537
196539
196544
196545
196546
196556
196565
196573
196574
196578
196579
196584
196586
196587
196597
196598
196599
196606
196608
196610
196637
196644
196651
196652
196662
196671
196699
196700
196701
196745
196748
196749
196759
196765
196774
196776
196786
196787
196793
196797
196811
196815
196821
196829
196830
196833
196840
196841
196851
196852
196854
196855
196881
196887
196897
196901
196907
196913
196915
196919
196923
196925
196927
196930
196931
196934
196964
196999
197004
197006
197008
197043
197205
197209
197210
197211
197212
197213
197214
197215
197216
197217
197218
197219
197220
197221
197222
197223
197278
197279
197287
197305
197319
197323
197357
197358
197360
197361
197362
197363
197378
197384
197391
197397
197419
197420
197421
197423
197424
197431
197435
197437
197445
197534
197576
197579
197580
197587
197591
197596
197597
197783
197788
197846
197854
197857
197860
197937
197939
197943
198000
198019
198035
198049
198052
198053
198193
198197
198202
198203
198232
198242
198246
198250
198256
198269
198276
198282
198285
198286
198294
198534
198537
198538
198556
198566
198573
198605
198609
198612
198622
198628
198642
198643
198645
198646
198651
198656
198671
198672
198674
198675
198678
198679
198715
198717
198719
198720
198722
198724
198726
198728
198730
198731
198733
198734
198745
198751
198754
198755
198762
198787
198788
198795
198798
198803
198808
198820
198821
198822
198824
198826
198827
198850
198851
198853
198854
198861
198888
198890
198891
198905
198909
198918
198920
198921
198922
198938
198944
198946
198949
198974
198983
199000
199019
199039
199041
199047
199048
199051
199057
199068
199070
199072
199110
199112
199136
199138
199167
199169
199172
199173
199175
199202
199204
199206
199207
199209
199211
199213
199214
199216
199218
199220
199222
199224
199227
199242
199243
199245
199247
199248
199249
199251
199255
199257
199258
199264
199265
199299
199300
199319
199324
199325
199330
199334
199356
199363
199431
199461
199462
199463
199480
199482
199483
199506
199525
199527
199529
199609
199611
199639
199644
199648
199653
199658
199666
199668
199675
199683
199700
199703
199704
199711
199715
199720
199721
199734
199737
199738
199741
199743
199890
199991
199995
