0
3
6
9
12
15
18
21
24
27
30
32
50
59
65
67
71
73
77
79
83
85
89
91
95
97
101
103
107
109
113
115
119
121
125
128
131
134
137
140
142
146
148
152
154
158
160
164
166
170
172
179
181
185
187
191
194
198
201
204
207
210
212
216
223
227
229
233
235
239
241
245
247
251
253
257
260
263
265
269
271
276
279
281
285
294
298
306
308
311
315
318
321
324
327
330
333
336
339
342
345
348
351
354
357
360
363
365
379
385
388
392
395
398
400
404
408
410
414
417
419
423
427
428
432
435
438
441
444
449
452
457
460
463
465
469
471
475
478
480
484
487
490
493
496
499
502
505
509
510
514
517
521
524
530
533
536
539
541
545
548
551
553
556
559
562
565
568
571
574
577
580
583
586
589
592
595
598
601
604
607
610
613
616
657
660
663
666
669
672
675
678
685
688
693
696
699
702
707
711
715
718
721
728
729
734
737
740
743
746
749
752
755
758
761
764
767
770
773
776
779
782
785
787
790
820
823
826
829
832
837
841
843
847
849
855
894
897
900
903
906
909
912
915
918
921
924
927
930
933
936
939
942
945
948
958
963
965
969
971
975
981
983
987
991
998
999
1003
1005
1010
1012
1015
1018
1020
1023
1027
1030
1032
1036
1038
1044
1046
1052
1054
1058
1060
1064
1066
1070
1073
1077
1079
1083
1086
1088
1092
1094
1098
1100
1115
1165
1235
1239
1241
1244
1257
1263
1268
1271
1275
1278
1280
1281
1282
1304
1311
1316
1320
1333
1335
1353
1354
1355
1357
1362
1371
1403
1406
1449
1462
1465
1475
1492
1493
1501
1521
1522
1523
1525
1531
1643
1646
1664
1667
1673
1676
1730
1749
1750
1755
1770
1771
1772
1774
1780
1824
1891
1899
1904
1909
1918
1920
1924
1927
1929
1934
1970
1971
2064
2090
2093
2096
2097
2098
2102
2103
2104
2105
2106
2107
2108
2113
2117
2120
2166
2173
2221
2224
2227
2266
2404
2425
2489
2510
2511
2678
2775
2787
2788
2789
2793
2794
2795
2797
2831
2832
2833
2834
2845
2852
2853
2854
2855
2858
2859
2863
2864
2874
2884
2885
2889
2893
2901
2905
2929
2930
2939
2949
2954
2958
2962
2963
2992
3031
3032
3033
3037
3038
3039
3072
3107
3124
3127
3135
3139
3143
3146
3167
3172
3173
3174
3175
3176
3177
3178
3179
3182
3193
3194
3195
3253
3259
3268
3281
3282
3729
3906
3910
3985
4005
4062
4074
4106
4171
4273
4280
4352
4532
5340
5361
5362
5363
5450
5456
5457
5655
5804
5815
5827
5906
5915
5966
6003
6014
6477
6478
6485
6567
6568
6573
6583
6584
6585
6602
6606
6612
6665
6673
6792
6801
6804
6914
6915
6916
6982
6984
7055
7086
7090
7114
7123
7212
7213
7214
7252
7263
7264
7277
7280
7284
7298
7304
7307
7313
7325
7347
7348
7349
7350
7360
7362
7401
7402
7529
7634
7644
7648
7653
7662
7668
7697
7700
7724
8078
8197
8271
8289
8307
8323
8383
8411
8512
8603
8684
8696
8698
8703
8710
8737
8764
8765
8777
8796
8800
8806
8809
8810
8811
8841
8871
8875
8903
8944
8947
8958
8961
8966
8967
8975
8986
8993
9035
9042
9043
9086
9089
9097
9098
9100
9104
9134
9135
9188
9215
9218
9323
9388
9394
9412
9428
9429
9440
9447
9449
9490
9494
9507
9511
9552
9559
9621
9712
9713
9723
9724
9745
9752
9754
9759
9814
9826
9830
9903
9904
9905
9910
9912
9922
9950
9969
9971
9973
9974
9983
10006
10014
10031
10105
10114
10115
10118
10119
10121
10122
10136
10146
10148
10149
10152
10155
10169
10171
10177
10184
10185
10219
10220
10221
10222
10223
10225
10231
10232
10233
10234
10235
10236
10237
10238
10239
10240
10241
10242
10243
10244
10245
10246
10247
10248
10249
10250
10251
10252
10253
10254
10255
10256
10257
10258
10259
10260
10262
10263
10265
10281
10286
10355
10388
10394
10414
10421
10465
10473
10474
10476
10484
10485
10486
10523
10527
10539
10548
10576
10577
10587
10592
10593
10599
10600
10602
10603
10604
10605
10608
10613
10614
10622
10623
10625
10628
10661
10725
10731
10737
10740
10741
10758
10759
10777
10787
10788
10789
10790
10799
10800
10801
10805
10806
10807
10808
10809
10813
10816
10821
10825
11046
11065
11066
11075
11076
11077
11078
11079
11094
11095
11096
11097
11098
11101
11102
11107
11119
11120
11155
11158
11160
11162
11164
11176
11192
11196
11198
11200
11218
11219
11220
11231
11237
11239
11241
11242
11245
11247
11254
11255
11257
11258
11261
11265
11269
11273
11274
11278
11305
11306
11307
11313
11314
11318
11327
11336
11353
11355
11356
11424
11487
11488
11490
11492
11494
11495
11524
11525
11526
11538
11544
11563
11571
11575
11578
11580
11581
11593
11595
11597
11605
11607
11609
11611
11652
11708
11720
11732
11735
11736
11767
11776
11777
11778
11780
11787
11789
11792
11823
11834
11837
11864
11865
11866
11867
11868
11896
12134
12179
12186
12187
12197
12198
12214
12216
12217
12223
12230
12231
12233
12235
12257
12260
12261
12281
12288
12313
12329
12436
12438
12444
12445
12453
12467
12501
12557
12573
12582
12585
12586
12587
12631
12634
12646
12649
12653
12656
12671
12674
12676
12679
12722
12740
12771
12820
12847
12848
12849
12850
12855
12881
12931
12932
12933
12940
12954
12971
12988
12990
12994
13000
13002
13006
13051
13091
13121
13218
13227
13228
13239
13250
13251
13268
13331
13332
13431
13724
13748
14018
14025
14062
14073
14651
14829
14831
14841
14866
14965
14968
14974
15028
15452
15478
15999
16000
16001
16006
16016
16046
16055
16065
16066
16071
16075
16093
16104
16107
16110
16115
16124
16125
16131
16134
16147
16148
16149
16150
16151
16152
16153
16154
16157
16174
16175
16176
16177
16181
16183
16185
16190
16198
16200
16280
16300
16323
16325
16327
16355
16361
16362
16364
16366
16368
16370
16372
16376
16385
16389
16396
16400
16401
16403
16404
16405
16408
16409
16410
16411
16412
16414
16416
16417
16418
16419
16421
16422
16425
16428
16430
16431
16432
16433
16434
16438
16439
16466
16485
16488
16495
16497
16504
16522
16535
16549
16552
16554
16562
16576
16655
16666
16822
16833
16856
16858
16859
16861
16882
16926
16927
16937
16939
16944
16953
16958
16959
16962
16963
16974
16975
16979
16980
16984
16985
17011
17012
17019
17020
17021
17022
17023
17024
17025
17026
17088
17098
17125
17126
17131
17182
17266
17275
17320
17335
17346
17353
17356
17359
17362
17365
17371
17374
17375
17376
17377
17386
17387
17395
17396
17400
17401
17404
17409
17474
17476
17562
17570
17628
17637
17645
17777
17778
17781
17813
17822
17843
17850
17859
17860
17864
17871
17946
17947
17948
17949
17950
17958
17959
17969
17983
17987
17988
18044
18047
18064
18210
18211
18212
18213
18214
18215
18216
18217
18218
18219
18220
18221
18222
18223
18224
18225
18226
18227
18228
18229
18230
18231
18232
18233
18234
18235
18236
18237
18238
18268
18269
18314
18329
18333
18341
18344
18349
18353
18360
18361
18362
18363
18364
18371
18372
18385
18386
18387
18389
18411
18416
18417
18418
18419
18420
18421
18422
18423
18442
18519
18521
18524
18547
18556
18568
18619
18626
18629
18630
18632
18640
18654
18657
18670
18682
18683
18696
18698
18700
18701
18703
18708
18709
18711
18717
18718
18720
18722
18724
18728
18734
18735
18743
18744
18745
18746
18747
18751
18757
18758
18760
18769
18777
18779
18780
18781
18783
18816
18824
18999
19000
19001
19002
19003
19004
19005
19006
19007
19008
19009
19010
19014
19055
19410
19417
19430
19431
19432
19433
19446
19451
19458
19466
19467
19478
19483
19484
19490
19494
19500
19508
19578
19679
19680
19681
19683
19684
19692
19694
19698
19708
19713
19719
19929
19985
19990
20030
20031
20034
20035
20038
20066
20071
20123
20151
20665
20669
20670
20690
20776
20779
20801
20802
20805
20806
20809
20810
20811
20836
20869
20895
20896
20897
20898
20948
20955
20960
20961
21019
21028
21263
21265
21268
21272
21273
21274
21279
21280
21281
21282
21283
21284
21285
21289
21293
21296
21299
21305
21363
21435
21441
21443
21444
21453
21456
21657
21700
21793
21795
21872
21918
21919
21944
21947
21948
21950
22002
22003
22008
22013
22022
22023
22036
22190
22272
22528
22581
22654
22736
22790
22793
22794
22795
22802
22844
22890
22969
23033
23039
23073
23097
23101
23102
23105
23107
23108
23111
23114
23116
23117
23127
23128
23133
23135
23142
23143
23161
23166
23168
23180
23183
23195
23197
23259
23264
23265
23286
23295
23336
23338
23339
23342
23344
23345
23411
23417
23430
23433
23434
23435
23449
23452
23455
23458
23460
23464
23467
23475
23488
23489
23495
23496
23499
23502
23515
23531
23540
23546
23547
23549
23550
23565
23575
23578
23599
23601
23641
23649
23759
23765
23767
23769
23774
23784
23785
23786
23787
23788
23789
23798
23799
23813
23814
23815
23867
23876
23958
23961
23967
23970
23979
23981
23982
24100
24140
24173
24272
24274
24275
24284
24285
24286
24287
24288
24289
24292
24293
24308
24309
24310
24360
24361
24362
24392
24399
24401
24405
24407
24408
24410
24437
24438
24439
24443
24459
24483
24732
24907
25079
25229
25230
25232
25363
25538
25706
25873
26036
26042
26081
26083
26088
26228
26236
26239
26246
26250
26256
26428
26436
26442
26507
26533
26561
26567
26570
26577
26689
26693
26720
26729
26755
26871
26987
27016
27023
27031
27095
27231
27232
27233
27324
27335
27336
27337
27338
27343
27344
27346
27349
27375
27381
27391
27399
27444
27452
27567
27570
27698
27702
27708
27723
27729
27736
27749
27759
27784
27803
27813
27816
27817
27818
27826
27831
27856
27865
27870
27872
27901
27905
28012
28025
28028
28030
28106
28110
28117
28122
28134
28143
28147
28234
28295
28330
28331
28359
28413
28426
28436
28441
28496
28500
28524
28546
28558
28559
28593
28597
28609
28786
28792
28800
28805
28826
28842
28847
28906
29109
29311
29418
29710
29791
29973
29978
29983
30064
30196
30205
30210
30240
30264
30269
30275
30285
30368
30383
30386
30400
30431
30456
30459
30463
30464
30465
30660
31295
31300
31331
31334
31335
31338
31367
31369
31372
31380
31432
31437
31442
31446
31484
31485
31536
31554
31608
32218
32439
32452
32457
32460
32554
32576
32579
32580
32582
32585
32586
32587
32588
32598
32601
32604
32609
32610
32626
32627
32632
32662
32683
32685
32697
32716
32721
32722
32726
32763
32780
32800
32814
32819
32820
32832
32833
32834
32835
32861
32989
32997
33004
33054
33059
33133
33367
33376
33430
33443
33459
33469
33488
33490
33496
33497
33498
33507
33519
33538
33569
33602
33731
33733
33734
33736
33757
33761
33762
33781
33794
33795
33796
33797
33809
33811
33816
33819
33820
33824
33825
33826
33862
33869
33870
33871
33927
34070
34092
34199
34200
34359
34374
34396
34539
34584
34684
34793
34806
34880
35125
35128
35176
35509
35586
35830
36038
36040
36155
36357
36422
36521
36626
36816
36983
37168
37201
37214
37240
37456
37462
37464
37658
37738
37832
37835
37836
37902
37912
37953
37959
38107
38299
38445
38457
38504
38507
38509
38515
38520
38541
38570
38585
38588
38594
38601
38607
38611
38727
38844
38847
38856
39150
39267
39366
39380
39386
39392
39652
39658
39664
39756
39759
40019
40079
40133
40174
40176
40177
40178
40180
40181
40182
40184
40188
40216
40233
40236
40244
40257
40258
40262
40263
40267
40268
40271
40273
40329
40333
40334
40337
40345
40347
40348
40349
40370
40381
40466
40472
40651
40654
40659
40664
40665
40668
40688
40691
40697
40703
40706
40714
40717
40720
40723
40842
40852
40860
40899
40912
40918
40935
40993
40999
41012
41023
41028
41046
41052
41058
41068
41086
41151
41193
41227
41230
41255
41286
41291
41496
41497
41513
41514
41527
41528
41530
41531
41605
41608
41709
41710
41720
41721
41722
41784
41788
41791
41792
41800
41808
41813
41818
41825
41853
41900
41918
41933
41947
41956
41975
41993
42020
42021
42022
42023
42024
42033
42040
42046
42055
42060
42063
42066
42070
42094
42099
42117
42125
42131
42152
42156
42168
42169
42170
42171
42175
42210
42231
42236
42319
42320
42352
42374
42388
42432
42462
42614
42615
42893
42920
42921
42929
42982
42993
43030
43031
43032
43043
43086
43112
43185
43190
43195
43199
43200
43206
43209
43210
43217
43218
43224
43236
43242
43248
43282
43287
43306
43307
43316
43320
43323
43354
43358
43361
43375
43376
43392
43395
43406
43413
43420
43428
43433
43454
43457
43467
43479
43558
43606
43610
43611
43612
43614
43615
43616
43617
43639
43644
43662
43668
43673
43679
43691
43715
43716
43745
43774
43786
43803
43804
43833
43835
43840
43849
43850
43867
43877
43895
43900
43901
44033
44047
44058
44091
44101
44131
44135
44149
44150
44157
44162
44163
44265
44272
44278
44279
44283
44284
44329
44336
44340
44358
44359
44361
44372
44373
44381
44438
44699
44761
44839
44840
44841
44863
44864
44867
44872
44873
44874
44875
44886
44961
44962
45210
45211
45229
45230
45233
45234
45240
45244
45248
45251
45269
45272
45297
45312
45313
45363
45366
45367
45371
45372
45379
45408
45409
45410
45411
45436
45560
45593
45611
45633
45659
45664
45673
45683
45690
45695
45700
45745
45746
45747
45748
45754
45781
45782
45783
45789
45790
45791
45792
45793
45796
45797
45798
45800
45801
45833
45834
45868
45873
45881
45905
45913
45921
45923
45931
45961
45973
45996
45997
45998
45999
46016
46025
46030
46038
46090
46091
46097
46103
46111
46215
46226
46642
46661
46662
46676
46683
46685
46686
46690
46692
46697
46698
46699
46711
46713
46714
46722
46727
46731
46738
46745
46746
46747
46757
46762
46770
46785
46806
46817
46821
46831
46839
46848
46868
46869
46883
46926
46953
47010
47018
47035
47057
47182
47193
47194
47196
47199
47200
47218
47231
47243
47357
47358
47359
47369
47370
47377
47400
47403
47449
47450
47461
47462
47518
47553
47556
47557
47558
47565
47672
47674
47675
47676
47677
47678
47679
47680
47688
47689
47690
47691
47692
47698
47700
47702
47703
47705
47710
47713
47717
47718
47720
47724
47725
47726
47729
47730
47732
47733
47737
47740
47758
47759
47760
47783
47792
47793
47794
47799
47802
47803
47805
47806
47813
47814
47818
47819
47823
47824
47829
47830
47834
47835
47845
47875
47906
47927
47936
47953
47968
47987
47988
48031
48032
48058
48066
48068
48192
48193
48199
48200
48204
48207
48208
48224
48230
48236
48305
48318
48324
48338
48339
48347
48360
48368
48377
48381
48401
48408
48409
48425
48430
48449
48457
48473
48479
48491
48513
48519
48530
48542
48546
48572
48588
48589
48590
48609
48612
48613
48632
48633
48646
48682
48683
48802
48803
48806
48807
48810
48811
48813
48814
48815
48816
48819
48822
48824
48825
48829
48831
48833
48836
48844
48855
48881
48890
48900
48904
48905
48906
48907
48908
48912
48918
48926
48931
48961
48972
48988
48989
48991
48997
49001
49002
49006
49007
49014
49016
49023
49033
49062
49064
49065
49068
49069
49070
49102
49143
49148
49153
49158
49159
49164
49168
49171
49181
49192
49281
49312
49334
49386
49387
49390
49405
49409
49411
49412
49413
49426
49483
49556
49557
49565
49569
49598
49599
49600
49601
49603
49607
49633
49644
49645
49646
49647
49648
49650
49664
49665
49670
49671
49677
49689
49692
49703
49713
49724
49727
49746
49747
49748
49757
49761
49777
49788
49804
49810
49811
49812
49813
49817
49818
49835
49836
49844
49878
49936
49972
49974
49975
49976
49977
49978
49989
50003
50004
50014
50017
50034
50038
50053
50054
50057
50078
50101
50102
50104
50106
50145
50154
50158
50175
50176
50180
50184
50203
50204
50206
50208
50209
50210
50212
50213
50214
50215
50232
50244
50260
50288
50289
50294
50303
50307
50313
50321
50332
50341
50371
50372
50394
50396
50416
50417
50418
50419
50420
50434
50444
50621
50632
50636
50647
50661
50668
50671
50836
50842
50844
50846
50849
50878
50879
50880
50881
50882
51052
51067
51072
51076
51079
51081
51089
51091
51094
51096
51104
51110
51117
51119
51121
51126
51130
51131
51132
51133
51134
51163
51164
51165
51166
51173
51176
51179
51180
51202
51204
51221
51253
51254
51257
51260
51279
51280
51286
51296
51297
51299
51301
51313
51319
51323
51347
51348
51356
51363
51392
51399
51413
51427
51433
51500
51519
51520
51528
51545
51549
51554
51557
51560
51566
51568
51569
51570
51571
51572
51575
51576
51579
51637
51638
51641
51643
51645
51646
51651
51657
51665
51673
51680
51703
51705
51741
51742
51748
51749
51750
51752
51762
51778
51779
51780
51781
51792
51793
51794
51795
51796
51797
51798
51799
51800
51801
51802
51803
51804
51805
51821
51823
51824
51825
51826
51827
51860
51861
51934
51983
51984
51987
51990
52002
52003
52005
52016
52017
52019
52021
52035
52040
52045
52066
52069
52073
52117
52125
52128
52131
52144
52150
52170
52180
52204
52228
52247
52249
52251
52259
52272
52273
52274
52275
52290
52307
52318
52344
52345
52348
52363
52386
52387
52389
52398
52399
52401
52420
52424
52430
52445
52451
52455
52464
52467
52475
52477
52480
52485
52490
52497
52502
52503
52508
52509
52510
52511
52512
52513
52530
52532
52542
52550
52554
52557
52562
52584
52590
52610
52620
52626
52630
52662
52666
52670
52672
52679
52694
52695
52696
52697
52699
52714
52731
52735
52739
52741
52744
52745
52781
52787
52791
52796
52801
52802
52803
52809
52818
52819
52821
52859
52863
52868
52916
52949
52953
52974
52990
52992
53008
53026
53038
53061
53102
53106
53107
53109
53111
53112
53115
53129
53133
53137
53138
53148
53150
53151
53152
53192
53196
53200
53204
53220
53221
53222
53223
53240
53253
53257
53268
53271
53286
53292
53296
53311
53312
53314
53326
53327
53331
53334
53338
53348
53349
53396
53401
53405
53409
53412
53421
53423
53425
53429
53436
53439
53440
53441
53442
53446
53485
53500
53502
53506
53565
53600
53608
53620
53622
53623
53624
53626
53627
53630
53633
53635
53638
53646
53648
53650
53655
53693
53696
53699
53700
53701
53702
53703
53705
53706
53716
53738
53743
53744
53748
53750
53765
53766
53767
53776
53777
53779
53780
53781
53798
53801
53836
53837
53840
53841
53842
53843
53844
53845
53883
53896
53898
53899
53900
53910
53911
53913
53916
53923
53924
53925
53929
53935
53955
53961
53969
53971
53983
53985
53987
53993
53994
53996
54009
54043
54044
54046
54047
54114
54115
54119
54122
54218
54301
54304
54323
54326
54330
54370
54379
54380
54401
54414
54425
54426
54429
54462
54465
54476
54517
54518
54519
54523
54528
54530
54536
54543
54545
54547
54554
54558
54559
54561
54569
54582
54584
54596
54598
54617
54618
54622
54623
54624
54631
54632
54634
54644
54656
54658
54662
54731
54762
54763
54766
54767
54782
54789
54799
54814
54836
54839
54887
54994
55000
55038
55045
55046
55049
55052
55057
55060
55112
55118
55237
55241
55281
55291
55503
55511
55571
55578
55671
55689
55696
55701
55754
55789
55793
55830
55831
55890
55917
55920
55932
55944
55945
55962
56485
56502
56512
56517
56653
56729
56738
56740
56751
56754
56766
56785
56789
56796
56801
56808
56831
56861
56986
57020
57043
57141
57146
57164
57184
57186
57250
57263
57270
57271
57294
57295
57312
57314
57319
57325
57345
57395
57433
57454
57455
57457
57458
57490
57494
57499
57502
57504
57547
57573
57586
57591
57610
57629
57681
57724
57725
57736
57737
57754
57755
57785
57799
57813
57833
57938
57941
57944
57953
58032
58047
58053
58062
58064
58078
58080
58081
58088
58089
58097
58101
58116
58124
58142
58147
58156
58163
58167
58176
58196
58205
58206
58216
58232
58233
58234
58235
58254
58345
58384
58795
58831
58853
58862
58874
58951
58955
58970
58979
59017
59018
59136
59207
59264
59360
59389
59393
59455
59457
59467
59470
59484
59488
59509
59556
59557
59566
59613
59614
59616
59717
59742
59743
59759
59808
59809
59832
59840
59872
59873
59888
59896
59900
59947
59949
59986
59988
60046
60055
60056
60057
60058
60059
60066
60071
60076
60078
60083
60088
60419
60420
60839
60846
60849
60859
60860
60865
60867
60886
60889
60894
61102
61103
61134
61139
61184
61185
61187
61188
61190
61192
61331
61336
61345
61348
61351
61364
61418
61436
61448
61468
61561
61564
61577
61592
61654
61659
61702
61708
61721
61756
61777
61834
61877
61880
61944
61966
61967
61970
61977
61982
61987
61988
61996
62003
62011
62015
62096
62100
62127
62139
62160
62162
62202
62203
62206
62209
62211
62222
62256
62338
62721
62722
62724
62733
62745
62752
62753
62756
62790
62944
62959
62960
63791
63881
64138
64593
64621
64623
64636
64637
64721
64722
64723
64724
64734
64750
64772
64773
64791
64900
64904
65025
65028
65063
65073
65101
65291
65293
65294
65297
65299
65301
65303
65685
65687
65785
65816
65980
65981
65987
66023
66074
66075
66264
66304
66305
66307
66311
66345
66413
66414
66415
66416
66417
66418
66419
66698
66701
66709
66710
66725
66732
66735
66737
66744
66762
66764
66770
66824
66873
66968
66970
66971
66977
67016
67020
67022
67024
67033
67036
67040
67044
67046
67047
67049
67052
67060
67062
67269
67271
67272
67275
67278
67285
67408
67410
67412
67423
67503
67582
67620
67831
67833
67864
67866
67973
68046
68047
68054
68055
68062
68090
68097
68132
68146
68161
68179
68259
68260
68306
68307
68323
68326
68329
68334
68336
68352
68354
68356
68358
68366
68367
68374
68377
68381
68414
68417
68470
68471
68473
68474
68476
68477
68485
68499
68702
68774
68776
68777
68779
68782
68785
68798
68857
68859
68864
68874
68928
68998
69025
69028
69322
69348
69353
69354
69468
69479
69487
69520
69523
69525
69531
69575
69582
69586
69590
69618
69640
69677
69723
69730
69802
69805
69806
69811
69824
69834
69874
69895
69905
69933
69940
69949
69965
69994
69996
70000
70007
70018
70019
70024
70032
70035
70084
70102
70108
70209
70215
70222
70225
70235
70244
70253
70305
70310
70322
70381
70388
70410
70440
70516
70556
70558
70605
70804
70829
71120
71121
71122
71123
71130
71131
71160
71999
72002
72005
72214
72220
72226
72272
72275
72278
72281
72287
72308
72338
72370
72392
72398
72408
72417
72636
72638
72640
72642
72672
72700
72708
72713
72717
72725
72729
72747
72755
72771
72785
72807
72808
72809
72810
72828
72834
72845
72857
72863
72883
72959
72987
73009
73015
73026
73028
73029
73030
73051
73078
73088
73091
73100
73108
73113
73134
73139
73143
73146
73166
73171
73196
73201
73214
73227
73233
73241
73242
73243
73259
73264
73265
73266
73271
73281
73391
73397
73434
73435
73436
73438
73444
73446
73447
73450
73460
73471
73472
73480
73496
73497
73498
73506
73513
73514
73517
73527
73529
73534
73542
73555
73561
73564
73589
73707
73800
73833
73840
73847
73851
73855
73861
73891
73898
73916
73921
73928
73933
73934
73940
73951
74016
74026
74033
74034
74059
74061
74080
74093
74102
74108
74123
74129
74134
74139
74144
74160
74169
74173
74176
74178
74195
74204
74210
74242
74246
74257
74265
74270
74273
74293
74294
74326
74349
74366
74404
74414
74416
74437
74479
74483
74486
74491
74504
74509
74517
74521
74524
74527
74528
74550
74552
74558
74562
74563
74610
74613
74626
74657
74658
74679
74689
74695
74703
74705
74712
74744
74746
74751
74776
74780
74784
74795
74809
74811
74814
74839
74852
74853
74925
74940
74942
74980
74986
75009
75014
75020
75034
75035
75039
75051
75056
75057
75059
75063
75091
75097
75108
75162
75199
75432
75519
75554
75571
75592
75612
75755
75757
75777
75791
75807
76081
76092
76108
76109
76129
76132
76135
76147
76160
76163
76174
76179
76185
76194
76196
76197
76199
76278
76318
76353
76356
76357
76358
76359
76360
76361
76362
76363
76364
76365
76366
76367
76368
76369
76399
76400
76401
76407
76409
76410
76411
76412
76413
76414
76415
76416
76419
76423
76424
76435
76439
76444
76447
76458
76466
76486
76492
76502
76503
76508
76545
76562
76573
76574
76587
76611
76613
76634
76656
76689
76694
76711
76728
76760
76771
76782
76900
76901
76933
76938
76939
76957
76960
76965
76966
76968
76977
76981
76995
76997
77002
77008
77011
77019
77023
77026
77027
77030
77037
77038
77039
77040
77042
77043
77046
77052
77074
77078
77099
77101
77109
77121
77165
77168
77204
77209
77252
77288
77335
77370
77372
77390
77403
77406
77420
77432
77458
77480
77487
77496
77523
77528
77537
77538
77543
77586
77589
77595
77601
77636
77650
77656
77679
77708
77715
77722
77729
77816
77827
77849
77885
77925
78032
78123
78332
78333
78334
78335
78336
78337
78338
78339
78413
78616
78617
78618
78621
78622
78639
78643
78644
78686
78716
78719
78720
78736
78742
78771
78772
78775
78776
78777
78778
78781
78782
78783
78784
78785
78786
78787
78790
78795
78798
78803
78805
78908
78909
78910
78911
78912
78913
78914
78915
78916
78917
78918
78919
78920
78921
78922
78923
78924
78925
78934
78936
78938
78940
78941
78942
78943
78944
78945
78946
78947
78948
78949
78988
78989
78990
78991
78992
79045
79066
79069
79070
79238
79243
79247
79259
79260
79261
79264
79273
79281
79441
79451
79549
79550
79552
79555
79567
79569
79571
79574
79576
79634
79635
79639
79640
79643
79646
79650
79657
79667
79669
79673
79681
79792
79793
79800
79803
79808
79824
79889
80147
80148
80149
80150
80151
80179
80292
80310
80342
80343
80371
80381
80426
80427
80443
80444
80446
80447
80505
80506
80534
80535
80537
80538
80542
80543
80571
80573
80574
80577
80597
80598
80620
80652
80653
80740
80741
80745
80862
80868
80869
80884
80893
80897
80899
80901
80904
80905
80907
80909
80910
80919
80921
80922
80923
80927
80931
80935
80939
80944
80948
80949
80950
80952
80967
81063
81064
81067
81068
81080
81093
81157
81160
81161
81163
81167
81170
81175
81176
81181
81182
81183
81184
81191
81192
81193
81197
81198
81199
81202
81205
81209
81213
81214
81215
81216
81224
81225
81226
81229
81230
81231
81233
81236
81237
81239
81241
81245
81247
81249
81250
81252
81256
81266
81270
81274
81276
81347
81361
81378
81379
81398
81400
81401
81402
81445
81446
81449
81450
81488
81489
81510
81530
81545
81546
81552
81553
81554
81555
81557
81568
81572
81573
81687
81724
81811
81812
81813
81814
81896
81897
81963
81969
81970
81980
81981
81982
82032
82033
82034
82055
82057
82058
82059
82060
82066
82077
82115
82128
82132
82137
82140
82168
82178
82188
82190
82197
82242
82244
82261
82291
82292
82297
82298
82309
82310
82311
82315
82324
82341
82388
82389
82391
82536
82538
82554
82558
82559
82677
82685
82694
82695
82702
82703
82748
82757
82762
82763
82768
82769
82788
82791
82806
82807
82808
82809
82810
82811
82813
82814
82817
82820
82823
82825
82840
82841
82845
82846
82861
82864
82909
82910
82915
82916
82949
82952
82956
82960
82964
82969
83013
83074
83076
83077
83141
83147
83167
83170
83175
83176
83185
83189
83202
83209
83234
83236
83247
83248
83249
83254
83255
83259
83260
83261
83262
83276
83278
83302
83304
83306
83307
83310
83311
83312
83313
83314
83315
83318
83320
83321
83452
83591
83642
83648
83657
83663
83664
83665
83686
83688
83745
83746
83800
83809
83813
83819
83820
83821
83822
83825
83845
83846
83849
83850
83860
83878
83893
83895
83908
83909
83924
83942
83964
83966
83967
83968
83970
83971
83974
83976
83978
83980
83982
84000
84001
84013
84016
84022
84024
84025
84041
84056
84057
84074
84082
84096
84115
84118
84121
84139
84148
84149
84153
84157
84173
84176
84186
84191
84192
84193
84194
84215
84216
84235
84237
84243
84244
84250
84251
84252
84255
84264
84280
84295
84324
84330
84334
84340
84342
84343
84345
84351
84352
84353
84376
84377
84397
84426
84430
84436
84451
84452
84458
84459
84492
84498
84500
84540
84550
84563
84571
84576
84585
84632
84642
84674
84675
84679
84689
84694
84697
84700
84704
84718
84721
84725
84726
84730
84731
84735
84804
84805
84818
84822
84823
84825
84845
84846
84849
84850
84871
84872
84873
84874
84875
84876
84877
84885
84886
84887
84891
84895
84899
84917
84938
84945
84946
84955
84966
84983
84986
84988
84989
85008
85011
85015
85017
85018
85025
85040
85061
85101
85104
85107
85109
85151
85161
85165
85177
85178
85179
85180
85193
85195
85198
85200
85209
85210
85214
85216
85246
85258
85297
85310
85313
85314
85317
85318
85325
85339
85340
85349
85350
85351
85361
85362
85371
85391
85395
85438
85440
85441
85442
85443
85444
85445
85446
85447
85448
85449
85450
85451
85452
85453
85486
85487
85490
85491
85539
85541
85546
85547
85548
85553
85554
85610
85621
85726
85740
85742
85745
85747
85766
85799
85805
85814
85815
85826
85838
85841
85842
85852
85853
85859
85863
85877
85910
85911
85912
85917
85918
85923
85968
85981
85993
85996
86000
86002
86005
86007
86008
86051
86052
86054
86063
86064
86065
86074
86119
86120
86121
86138
86139
86143
86145
86178
86181
86183
86288
86411
86495
86500
86501
86502
86504
86542
86543
86544
86562
86567
86568
86583
86599
86602
86603
86608
86614
86615
86640
86681
86988
86989
86996
87000
87001
87008
87009
87019
87020
87026
87027
87028
87042
87043
87044
87050
87053
87055
87063
87068
87075
87077
87078
87081
87084
87090
87093
87098
87102
87113
87115
87117
87120
87123
87125
87141
87190
87201
87203
87205
87206
87207
87210
87212
87218
87222
87228
87242
87243
87244
87258
87260
87288
87291
87292
87293
87329
87330
87346
87359
87385
87403
87409
87521
87545
87582
87589
87611
87614
87615
87619
87638
87639
87642
87644
87645
87648
87653
87654
87655
87659
87710
87713
87719
87720
87726
87727
87728
87750
87754
87769
87770
87774
87775
87787
87788
87790
87791
87794
87797
87802
87806
87813
87814
87815
87818
87819
87820
87821
87824
87829
87830
87884
87921
87935
87936
87938
87948
87951
87952
87953
87955
87958
87961
87963
87969
87971
87973
87974
87988
87998
88000
88001
88007
88010
88012
88014
88017
88029
88030
88031
88037
88065
88080
88085
88086
88087
88088
88089
88090
88092
88097
88128
88137
88139
88141
88143
88147
88148
88149
88150
88151
88156
88172
88182
88240
88525
88526
88528
88543
88549
88560
88561
88564
88565
88566
88585
88589
88590
88591
88603
88607
88609
88610
88614
88617
88621
88622
88623
88626
88630
88633
88640
88652
88658
88664
88667
88668
88681
88682
88691
88693
88695
88725
88734
88735
88737
88747
88751
88752
88755
88757
88758
88759
88765
88770
88772
88777
88782
88799
88800
88801
88803
88804
88805
88806
88810
88841
88843
88857
88881
88888
88889
88914
88915
88917
88918
88919
88922
88942
88945
88993
88994
88995
89040
89041
89042
89043
89044
89045
89046
89047
89050
89053
89066
89068
89072
89073
89082
89083
89084
89087
89099
89100
89114
89119
89129
89131
89132
89134
89135
89142
89143
89144
89155
89168
89173
89185
89280
89320
89321
89349
89355
89379
89380
89381
89382
89395
89398
89403
89404
89405
89410
89411
89421
89430
89431
89432
89449
89452
89455
89456
89457
89460
89465
89466
89512
89513
89516
89520
89521
89522
89537
89538
89556
89569
89570
89614
89616
89646
89647
89648
89649
89650
89655
89656
89657
89658
89659
89665
89666
89667
89668
89670
89675
89682
89686
89691
89693
89697
89701
89702
89703
89707
89712
89713
89718
89719
89720
89724
89765
89767
89788
89811
89847
89882
89893
89895
89901
89902
89911
89912
89913
89914
89919
89928
89933
89978
89979
89982
89983
89984
90008
90010
90012
90021
90022
90026
90051
90076
90077
90078
90081
90086
90109
90113
90175
90180
90182
90185
90194
90211
90216
90242
90245
90246
90251
90280
90281
90284
90287
90324
90381
90383
90425
90456
90511
90517
90523
90524
90525
90546
90559
90589
90590
90591
90592
90593
90594
90595
90596
90597
90598
90602
90603
90604
90611
90617
90618
90619
90622
90626
90627
90628
90630
90632
90640
90641
90665
90670
90676
90680
90686
90687
90691
90697
90708
90709
90714
90715
90717
90718
90719
90726
90733
90739
90749
90750
90755
90757
90760
90762
90763
90767
90769
90773
90775
90776
90796
90798
90821
90846
90864
90878
90879
90881
90884
90889
90890
90906
90908
90909
90921
90929
90943
90945
90958
90982
91002
91042
91048
91050
91053
91063
91067
91070
91073
91075
91077
91078
91080
91093
91095
91096
91097
91098
91102
91104
91112
91136
91147
91151
91160
91161
91169
91213
91216
91222
91228
91230
91237
91239
91247
91248
91270
91271
91274
91276
91278
91279
91281
91282
91283
91285
91286
91287
91291
91321
91322
91323
91325
91344
91397
91398
91405
91406
91407
91408
91425
91426
91427
91431
91432
91436
91439
91443
91560
91561
91570
91583
91586
91590
91594
91596
91597
91602
91603
91608
91609
91610
91614
91622
91623
91624
91631
91635
91641
91644
91646
91647
91650
91672
91708
91721
91722
91771
91772
91776
91778
91782
91783
91786
91789
91791
91792
91798
91800
91806
91809
91810
91823
91825
91889
91890
91891
91892
91896
91900
91907
91915
91921
91924
91928
91930
91934
91935
91938
91947
91959
91960
91964
91966
91973
91975
91981
91982
91983
91991
92008
92029
92041
92046
92049
92051
92056
92057
92061
92064
92095
92096
92103
92104
92113
92121
92160
92161
92163
92164
92165
92169
92191
92197
92200
92205
92206
92207
92211
92226
92254
92256
92262
92268
92271
92275
92276
92278
92300
92302
92307
92308
92311
92317
92322
92329
92333
92334
92351
92369
92372
92380
92397
92400
92402
92403
92407
92408
92411
92413
92415
92417
92434
92439
92450
92458
92462
92466
92469
92485
92486
92520
92523
92525
92526
92527
92529
92530
92533
92535
92537
92538
92540
92541
92543
92547
92553
92554
92556
92557
92559
92560
92561
92564
92567
92585
92587
92608
92630
92639
92659
92662
92664
92667
92671
92674
92676
92677
92679
92682
92683
92716
92719
92726
92728
92730
92745
92750
92751
92755
92756
92757
92758
92763
92769
92772
92773
92778
92784
92811
92818
92819
92820
92823
92824
92825
92826
92836
92845
92846
92848
92849
92850
92851
92852
92853
92855
92859
92860
92888
92890
92895
92898
92899
92900
92902
92904
92912
92915
92917
92918
92919
92921
92943
92946
92947
92952
92956
92972
92980
92989
93011
93016
93019
93021
93040
93043
93046
93047
93055
93061
93064
93067
93068
93071
93075
93081
93082
93084
93085
93103
93108
93125
93139
93141
93157
93166
93168
93170
93174
93177
93179
93182
93307
93363
93408
93492
93496
93497
93498
93503
93506
93537
93541
93545
93548
93557
93558
93626
93724
93725
93727
93736
93737
93865
93866
93867
93871
93877
93885
93892
93895
93896
93897
93922
93987
94010
94014
94038
94045
94136
94142
94262
94296
94297
94307
94308
94309
94313
94345
94348
94355
94358
94361
94363
94370
94371
94375
94388
94401
94405
94406
94562
94566
94575
94579
94610
94616
94619
94625
94632
94642
94646
94648
94654
94658
94662
94663
94694
94706
94709
94710
94711
94722
94723
94727
94732
94740
94745
94759
94761
94768
94774
94789
94792
94795
94796
94799
94821
94877
94878
94881
94884
94947
94948
94949
94950
94958
94962
94966
94970
94974
94975
94976
95010
95011
95012
95013
95015
95022
95025
95031
95043
95044
95048
95049
95071
95075
95084
95087
95092
95094
95100
95118
95157
95158
95236
95237
95239
95244
95246
95431
95433
95447
95450
95451
95461
95463
95464
95473
95474
95485
95486
95492
95497
95513
95515
95516
95517
95523
95529
95550
95572
95574
95579
95590
95593
95594
95597
95674
95675
95678
95704
95705
95719
95720
95745
95746
95761
95767
95768
95773
95774
95775
95818
95819
95820
95821
95825
95826
95828
95831
95832
95835
95842
95843
95844
95899
95904
95913
95914
95916
95918
95920
95922
95936
95938
95939
95967
95975
95983
95984
95999
96010
96011
96013
96016
96025
96026
96044
96049
96060
96061
96071
96074
96080
96081
96101
96103
96104
96113
96128
96136
96137
96138
96139
96146
96147
96173
96174
96175
96179
96198
96200
96207
96208
96221
96222
96225
96226
96227
96232
96278
96279
96309
96311
96322
96354
96359
96372
96373
96379
96382
96425
96428
96431
96434
96448
96523
96524
96525
96542
96544
96552
96554
96555
96556
96557
96568
96578
96579
96582
96584
96598
96606
96615
96616
96617
96639
96652
96654
96656
96660
96661
96662
96665
96669
96688
96716
96718
96719
96725
96726
96727
96728
96730
96733
96736
96743
96746
96765
96767
96769
96770
96774
96784
96785
96787
96794
96796
96797
96802
96833
96836
96845
96847
96870
96872
96874
96877
96911
96912
96929
96942
96962
96964
96965
96967
96968
96969
97001
97002
97014
97023
97026
97048
97053
97071
97074
97093
97094
97095
97101
97102
97107
97114
97115
97125
97128
97129
97130
97148
97150
97152
97163
97164
97165
97167
97169
97172
97176
97226
97228
97229
97230
97231
97232
97233
97252
97254
97257
97262
97266
97280
97288
97289
97302
97309
97310
97311
97316
97317
97319
97320
97321
97327
97331
97335
97336
97337
97363
97364
97365
97368
97372
97375
97377
97390
97391
97392
97402
97409
97422
97424
97431
97432
97433
97436
97447
97460
97461
97462
97463
97479
97482
97485
97487
97491
97549
97550
97551
97552
97603
97604
97606
97614
97615
97649
97651
97657
97658
97661
97662
97663
97669
97670
97680
97683
97689
97690
97691
97694
97704
97705
97714
97731
97738
97740
97752
97756
97757
97770
97780
97782
97783
97784
97791
97792
97798
97800
97812
97814
97825
97836
97842
97845
97852
97855
97860
97867
97870
97872
97887
97891
97892
97916
97938
97939
97945
97947
97987
97990
97992
97993
98002
98025
98029
98030
98049
98060
98070
98099
98128
98129
98132
98155
98156
98157
98158
98166
98176
98178
98179
98191
98198
98203
98204
98209
98210
98212
98214
98220
98221
98244
98249
98352
98353
98355
98447
98456
98457
98476
98504
98507
98508
98509
98510
98519
98521
98522
98523
98524
98525
98530
98532
98539
98540
98541
98545
98548
98552
98556
98568
98569
98575
98576
98587
98595
98596
98608
98613
98614
98657
98658
98662
98672
98713
98715
98816
98824
98887
98898
98900
98958
98964
98968
98983
98992
99029
99031
99037
99047
99061
99062
99066
99083
99103
99104
99109
99110
99124
99125
99143
99145
99154
99155
99156
99159
99170
99171
99178
99180
99183
99184
99186
99200
99207
99218
99219
99232
99236
99246
99247
99248
99249
99250
99251
99252
99254
99281
99282
99285
99288
99289
99291
99294
99296
99300
99301
99305
99306
99308
99311
99312
99316
99328
99329
99330
99331
99332
99333
99334
99335
99336
99337
99348
99351
99378
99405
99409
99412
99413
99441
99451
99453
99455
99458
99460
99466
99492
99510
99511
99512
99513
99517
99522
99527
99530
99543
99569
99643
99645
99648
99649
99650
99653
99654
99655
99656
99657
99669
99675
99682
99687
99692
99696
99710
99711
99729
99749
99751
99758
99759
99760
99761
99768
99769
99790
99794
99801
99802
99819
99821
99827
99828
99829
99833
99834
99841
99856
99857
99858
99860
99864
99867
99868
99881
99892
99893
99900
99901
99904
99908
99910
99919
99937
99940
99960
99964
99965
99967
99969
99970
99977
99978
99990
99993
99994
99998
99999
100000
100002
100003
100006
100029
100030
100046
100072
100077
100103
100105
100108
100121
100152
100153
100154
100156
100159
100161
100184
100185
100186
100189
100210
100215
100217
100220
100221
100222
100223
100227
100229
100237
100238
100239
100240
100241
100242
100249
100259
100260
100263
100265
100267
100285
100286
100289
100295
100296
100302
100307
100308
100326
100327
100333
100334
100343
100349
100357
100358
100362
100374
100377
100379
100391
100395
100396
100399
100401
100405
100407
100408
100410
100414
100422
100439
100440
100441
100442
100443
100456
100459
100465
100475
100477
100479
100484
100493
100499
100500
100509
100510
100523
100527
100529
100534
100535
100547
100553
100554
100555
100556
100560
100577
100578
100580
100593
100594
100595
100602
100603
100605
100607
100609
100611
100621
100636
100637
100644
100648
100657
100658
100663
100668
100673
100676
100677
100703
100718
100744
100752
100754
100756
100757
100770
100773
100774
100782
100786
100787
100788
100799
100802
100804
100806
100810
100811
100816
100818
100820
100844
100848
100864
100865
100871
100872
100873
100874
100877
100885
100888
100904
100910
100918
100923
100925
100926
100927
100928
100930
101013
101034
101037
101038
101057
101060
101061
101069
101072
101078
101081
101082
101084
101092
101108
101110
101111
101112
101114
101116
101118
101120
101122
101142
101148
101149
101161
101166
101167
101181
101184
101186
101189
101192
101227
101228
101232
101243
101245
101251
101252
101256
101258
101259
101260
101261
101265
101283
101287
101289
101332
101335
101337
101340
101350
101357
101372
101373
101375
101378
101379
101381
101383
101386
101389
101391
101392
101397
101398
101412
101413
101425
101451
101453
101454
101455
101460
101471
101474
101481
101482
101484
101489
101510
101542
101545
101546
101550
101551
101555
101557
101564
101570
101574
101578
101579
101583
101586
101594
101598
101599
101607
101621
101664
101677
101682
101684
101688
101690
101695
101701
101703
101707
101708
101710
101713
101715
101747
101750
101751
101760
101764
101765
101766
101767
101804
101813
101825
101830
101834
101835
101838
101857
101870
101871
101873
101881
101882
101883
101884
101892
101895
101896
101897
101902
101905
101947
101948
101966
102017
102023
102024
102038
102054
102116
102125
102128
102129
102130
102131
102147
102148
102155
102163
102170
102178
102185
102192
102221
102241
102261
102271
102371
102391
102695
103038
103242
103286
103354
103384
103400
103405
103409
103410
103418
103423
103425
103433
103436
103453
103463
103464
103465
103523
103621
103639
103661
103662
103663
103664
103705
103750
103757
103762
103812
103814
103821
103834
103842
103854
103859
103868
103877
103879
103909
103937
103965
103971
103989
104015
104030
104122
104171
104182
104201
104210
104222
104226
104231
104241
104250
104253
104271
104287
104290
104322
104327
104328
104348
104374
104379
104517
104518
104559
104565
104645
104647
104672
104690
104832
104841
104842
104844
104845
104911
104919
104951
104954
104961
104963
105029
105044
105188
105235
105287
105307
105315
105321
105334
105338
105347
105350
105372
105381
105435
105495
105506
105512
105530
105594
105609
105612
105632
105695
105703
105724
105760
105774
105920
105943
105989
105993
105997
106000
106006
106017
106024
106033
106039
106101
106107
106113
106168
106177
106180
106181
106222
106243
106255
106309
106345
106386
106448
106505
106506
106509
106535
106540
106545
106550
106560
106883
106991
107067
107070
107093
107094
107095
107096
107105
107113
107154
107163
107218
107225
107226
107308
107331
107340
107362
107367
107396
107406
107432
107435
107446
107453
107491
107496
107507
107508
107509
107532
107545
107550
107552
107553
107557
107559
107562
107607
107610
107626
107628
107630
107632
107653
107654
107662
107702
107719
107727
107731
107734
107750
107753
107755
107757
107758
107759
107760
107782
107792
107814
107843
107844
107847
107848
107851
107857
107873
107889
107912
107917
107942
108006
108019
108037
108072
108075
108076
108082
108092
108154
108162
108164
108225
108226
108299
108300
108325
108330
108356
108357
108368
108373
108391
108394
108402
108403
108406
108408
108418
108426
108428
108435
108453
108456
108457
108468
108484
108487
108493
108500
108506
108507
108513
108524
108525
108530
108542
108569
108588
108594
108602
108615
108621
108629
108673
108674
108676
108680
108682
108683
108684
108714
108715
108720
108740
108763
108768
108777
108802
108826
108838
108855
108869
108870
108878
108906
108910
108962
109002
109006
109022
109060
109061
109107
109138
109140
109148
109155
109159
109174
109193
109194
109199
109201
109206
109209
109210
109211
109230
109235
109238
109264
109282
109309
109310
109324
109329
109337
109348
109353
109376
109377
109378
109390
109401
109404
109405
109409
109410
109412
109421
109468
109485
109487
109498
109501
109514
109519
109520
109532
109535
109538
109546
109551
109563
109587
109590
109592
109606
109618
109624
109625
109636
109662
109668
109672
109684
109690
109702
109733
109738
109763
109764
109780
109783
109806
109807
109809
109824
109826
109876
109880
109888
109890
109897
109907
109984
109986
109993
109994
109999
110001
110002
110004
110005
110006
110077
110079
110080
110085
110095
110100
110101
110102
110104
110119
110122
110130
110132
110133
110152
110159
110163
110165
110174
110175
110177
110178
110182
110183
110186
110194
110196
110206
110221
110232
110236
110263
110274
110306
110313
110317
110321
110332
110334
110335
110340
110349
110350
110351
110352
110360
110379
110380
110401
110403
110408
110409
110415
110418
110422
110432
110437
110443
110467
110493
110496
110502
110506
110510
110520
110547
110548
110549
110550
110558
110575
110595
110652
110699
110701
110715
110716
110717
110718
110722
110723
110726
110727
110740
110779
110791
110811
110812
110815
110816
110844
110846
110853
110863
110869
110910
110924
110927
110944
111027
111028
111056
111057
111113
111127
111178
111194
111204
111221
111228
111236
111237
111263
111305
111309
111313
111340
111363
111370
111371
111478
111484
111584
111585
111597
111598
111599
111699
111703
111704
111855
111924
111980
112054
112146
112148
112151
112152
112164
112201
112204
112212
112213
112217
112218
112224
112225
112240
112250
112255
112262
112263
112267
112271
112280
112284
112299
112321
112358
112365
112392
112406
112411
112426
112427
112438
112445
112478
112479
112487
112488
112503
112504
112524
112527
112541
112547
112566
112583
112591
112595
112602
112615
112618
112622
112637
112653
112656
112673
112675
112677
112679
112680
112682
112684
112685
112687
112694
112700
112765
112767
112773
112809
112820
112823
112824
112825
112829
112830
112831
112861
112865
112897
112902
112906
112908
112915
112980
112981
113019
113030
113041
113046
113054
113056
113057
113073
113081
113087
113099
113117
113134
113137
113155
113183
113186
113198
113238
113239
113257
113258
113281
113295
113300
113302
113311
113324
113339
113400
113405
113419
113452
113454
113472
113475
113477
113511
113513
113515
113521
113528
113533
113539
113545
113551
113552
113555
113556
113558
113562
113563
113600
113602
113605
113622
113626
113651
113653
113655
113656
113674
113679
113682
113688
113691
113692
113700
113710
113736
113742
113745
113746
113748
113749
113750
113754
113760
113767
113768
113769
113781
113787
113789
113790
113798
113807
113813
113820
113825
113827
113830
113831
113833
113835
113843
113851
113883
113890
113892
113893
113902
113935
113944
113946
113968
113972
113975
113977
113980
113981
113983
113985
113993
113998
114009
114021
114027
114033
114050
114052
114070
114075
114081
114094
114102
114107
114111
114120
114122
114129
114140
114141
114142
114145
114151
114153
114154
114156
114168
114170
114171
114174
114177
114181
114183
114189
114192
114194
114197
114199
114200
114201
114206
114213
114214
114216
114218
114220
114233
114247
114252
114254
114255
114256
114260
114288
114295
114325
114330
114356
114357
114358
114379
114390
114396
114398
114425
114426
114429
114432
114435
114440
114441
114444
114450
114452
114453
114455
114456
114458
114459
114460
114462
114465
114467
114470
114473
114489
114490
114516
114523
114524
114525
114544
114548
114604
114612
114615
114616
114627
114650
114661
114672
114691
114692
114693
114711
114713
114714
114730
114733
114737
114742
114749
114755
114759
114771
114796
114798
114805
114814
114834
114837
114878
114901
114914
114950
114951
114966
114984
114994
114998
114999
115003
115011
115042
115053
115079
115110
115117
115159
115206
115210
115226
115231
115257
115258
115260
115278
115282
115296
115297
115310
115312
115313
115324
115325
115329
115332
115333
115334
115343
115356
115397
115398
115401
115402
115404
115410
115414
115415
115429
115448
115461
115462
115464
115467
115477
115479
115481
115482
115499
115511
115512
115514
115527
115534
115544
115552
115567
115581
115591
115606
115648
115664
115693
115723
115742
115743
115769
115775
115818
115822
115845
115914
115928
115931
115962
115965
115967
115968
115969
115970
115971
115974
115976
115989
116001
116014
116015
116019
116028
116029
116031
116033
116034
116035
116037
116068
116069
116070
116081
116093
116100
116146
116165
116166
116167
116171
116174
116182
116183
116184
116185
116187
116188
116203
116207
116212
116213
116214
116229
116250
116273
116306
116364
116365
116367
116371
116372
116373
116374
116375
116376
116379
116380
116381
116382
116383
116385
116386
116387
116389
116423
116443
116445
116447
116448
116450
116451
116455
116456
116458
116460
116473
116501
116503
116505
116507
116510
116511
116513
116514
116515
116516
116517
116518
116519
116522
116523
116524
116525
116526
116528
116530
116531
116538
116551
116557
116570
116572
116575
116576
116578
116605
116607
116616
116635
116636
116639
116640
116642
116644
116646
116648
116649
116651
116653
116656
116658
116700
116702
116720
116736
116740
116754
116756
116757
116759
116761
116762
116764
116770
116787
116817
116821
116824
116829
116833
116836
116849
116850
116853
116854
116865
116877
116884
116905
117057
117072
117085
117097
117098
117102
117128
117183
117186
117189
117192
117202
117220
117229
117240
117359
117364
117367
117376
117384
117397
117408
117459
117466
117482
117500
117540
117555
117575
117623
117657
117671
117686
117713
117894
117909
117921
117961
117967
117996
118001
118004
118037
118065
118066
118069
118072
118092
118099
118105
118110
118141
118142
118197
118202
118218
118219
118220
118221
118250
118254
118259
118263
118283
118303
118307
118331
118373
118528
118560
118568
118608
118620
118633
118634
118656
118667
118712
118713
118720
118721
118724
118731
118837
118862
118868
118869
118870
118879
118890
118899
118908
118973
118992
119038
119111
119121
119123
119144
119220
119223
119252
119297
119304
119362
119992
119994
120081
120086
120087
120154
120184
120185
120213
120215
120267
120309
120313
120314
120315
120316
120325
120344
120472
120473
120474
120489
120639
120641
120643
120646
120647
120649
120650
120652
120654
120656
120658
120660
120662
120665
120667
120668
120669
120673
120674
120676
120677
120681
120684
120685
120712
120726
120728
120730
120731
120733
120735
120736
120738
120740
120742
120744
120746
120747
120820
120835
120837
120839
120840
120847
120848
120882
120911
120936
120938
120939
120941
120944
120946
120948
120950
120951
120954
120967
121021
121023
121025
121026
121028
121029
121031
121032
121034
121035
121037
121039
121040
121042
121045
121047
121066
121068
121069
121074
121076
121078
121080
121085
121087
121098
121099
121101
121103
121105
121107
121109
121111
121113
121115
121116
121118
121119
121121
121125
121126
121130
121145
121147
121149
121150
121152
121153
121154
121157
121158
121161
121164
121165
121167
121168
121171
121173
121180
121191
121193
121195
121196
121200
121209
121249
121251
121253
121255
121257
121258
121260
121261
121262
121264
121265
121267
121269
121270
121271
121272
121273
121276
121278
121279
121281
121282
121285
121289
121291
121293
121294
121295
121297
121298
121301
121305
121313
121314
121315
121316
121317
121320
121338
121346
121384
121386
121388
121390
121392
121394
121396
121398
121400
121405
121406
121407
121472
121474
121475
121621
121730
121731
121754
121772
121773
121775
121777
121778
121781
121783
121807
122030
122101
122245
122294
122295
122301
122302
122329
122330
122355
122360
122385
122401
122402
122403
122404
122407
122408
122409
122410
122411
122412
122413
122414
122415
122418
122419
122420
122483
122484
122485
122486
122514
122515
122517
122518
122520
122521
122523
122524
122548
122549
122552
122586
122605
122606
122607
122608
122637
122643
122644
122660
122663
122672
122727
122729
122730
122731
122733
122734
122742
122743
122745
122746
122751
122752
122792
122815
122816
122817
122823
122826
122828
122829
122830
122831
122834
122835
122839
122841
122844
122848
122872
122974
122977
122980
122981
122991
123005
123012
123040
123060
123071
123072
123122
123123
123127
123128
123140
123187
123190
123192
123193
123199
123201
123202
123203
123205
123206
123240
123244
123249
123274
123277
123279
123281
123285
123286
123287
123291
123293
123298
123302
123310
123311
123316
123319
123325
123330
123363
123365
123366
123367
123369
123373
123375
123376
123379
123380
123381
123382
123388
123389
123395
123396
123398
123401
123405
123411
123432
123433
123435
123443
123452
123463
123464
123467
123472
123473
123484
123485
123488
123492
123495
123512
123513
123514
123516
123522
123523
123541
123542
123544
123553
123558
123569
123570
123571
123573
123584
123585
123586
123589
123590
123591
123627
123632
123637
123643
123648
123683
123684
123687
123688
123689
123690
123691
123692
123693
123694
123695
123696
123697
123698
123699
123700
123701
123702
123730
123732
123761
123763
123790
123830
123833
123957
123958
123985
123986
123988
123994
123996
124011
124012
124013
124016
124020
124021
124029
124030
124031
124032
124055
124056
124057
124058
124071
124072
124126
124128
124129
124156
124168
124171
124176
124178
124179
124180
124182
124205
124208
124209
124210
124232
124268
124459
124631
124800
124960
125110
125295
125461
125620
125780
125787
125816
125839
125877
125921
125931
125962
126001
126024
126049
126061
126062
126063
126064
126065
126066
126067
126068
126070
126086
126092
126112
126113
126120
126125
126157
126163
126173
126174
126176
126177
126178
126179
126180
126198
126211
126212
126213
126214
126238
126240
126242
126244
126246
126248
126260
126261
126263
126264
126265
126267
126270
126278
126282
126287
126302
126303
126304
126305
126306
126307
126310
126311
126313
126314
126316
126317
126318
126334
126335
126338
126340
126342
126376
126377
126379
126380
126391
126420
126421
126468
126523
126531
126532
126542
126544
126550
126556
126557
126566
126567
126572
126647
126654
126655
126783
126784
126786
126787
126789
126790
126793
126861
126871
126936
126972
127014
127018
127248
127311
127319
127351
127368
127411
127425
127448
127479
127485
127569
127640
127646
127657
127704
127707
127826
127856
127860
128024
128032
128035
128036
128038
128052
128053
128059
128067
128068
128074
128076
128157
128162
128276
128365
128381
128450
128451
128452
128453
128454
128459
128492
128510
128517
128519
128524
128526
128530
128584
128630
128693
128694
128746
128766
128771
128772
128773
128776
128824
128866
128872
128875
128879
128893
128904
128919
129405
129410
129411
129429
129432
129436
129488
129499
129508
129512
129526
129533
129619
129622
129630
129639
130297
130313
130377
130380
130512
130527
130769
130816
130837
130887
130965
130993
130996
131011
131343
131434
131452
131469
131502
131565
131592
131593
131710
131732
131733
131771
131772
131775
131776
131780
132002
132005
132010
132011
132022
132028
132049
132137
132138
132139
132311
132317
132331
132391
132432
132435
132459
132460
132461
132465
132466
132471
132472
132473
132555
132557
132560
132561
132573
132574
132575
132577
132578
132616
132625
132627
132647
132830
132842
132904
132905
132964
132968
133148
133195
133254
133271
133286
133304
133307
133309
133342
133347
133390
133427
133444
133445
133446
133450
133451
133452
133457
133481
133507
133514
133538
133539
133555
133777
133778
134059
134075
134090
134098
134126
134127
134131
134162
134171
134261
134326
134328
134342
134344
134387
134391
134402
134414
134473
134553
134620
134716
134731
134756
134758
134760
134774
134778
134780
134781
134792
134821
134843
134845
134847
134849
134851
134853
134855
134857
134868
134893
134935
134941
134979
135015
135127
135131
135188
135203
135229
135238
135268
135417
135418
135419
135432
135444
135470
135475
135480
135485
135490
135492
135679
135682
135684
135687
135697
135740
135744
135748
135754
135777
135805
135947
135961
135968
135975
135986
136019
136020
136021
136025
136028
136030
136032
136037
136040
136043
136044
136048
136049
136051
136053
136054
136056
136058
136059
136061
136062
136063
136073
136075
136131
136166
136170
136289
136326
136334
136348
136354
136377
136383
136395
136415
136449
136483
136495
136596
136655
136664
136682
136698
136701
136748
136749
136750
136758
136767
136802
136989
137003
137016
137038
137053
137062
137117
137249
137255
137259
137273
137281
137283
137320
137323
137324
137338
137352
137359
137371
137378
137381
137383
137488
137506
137511
137518
137523
137533
137539
137545
137548
137568
137570
137571
137587
137589
137591
137601
137602
137648
137655
137656
137667
137695
137696
137697
137879
137917
137919
137937
137986
137988
137995
138006
138080
138104
138107
138145
138238
138247
138257
138271
138273
138287
138291
138297
138305
138308
138331
138332
138334
138336
138351
138356
138449
138455
138512
138545
138548
138550
138555
138631
138632
138633
138634
138635
138636
138643
138648
138654
138658
138661
138664
138688
138716
138723
138743
138752
138753
138754
138755
138756
138757
138758
138759
138760
138761
138762
138763
138764
138765
138792
138793
138800
138801
138888
138975
139014
139067
139068
139069
139070
139071
139074
139075
139076
139077
139078
139079
139083
139086
139091
139093
139121
139143
139146
139151
139158
139159
139160
139164
139165
139172
139173
139209
139212
139214
139218
139228
139229
139243
139280
139281
139283
139300
139304
139366
139368
139522
139523
139524
139539
139588
139595
139618
139631
139632
139645
139676
139677
139678
139679
139680
139681
139718
139719
139721
139722
139723
139725
139738
139739
139746
139754
139756
139837
139873
139885
139969
139974
139976
139977
140078
140080
140082
140087
140100
140102
140128
140130
140132
140133
140134
140189
140192
140193
140194
140286
140289
140290
140291
140330
140341
140343
140344
140345
140346
140347
140396
140397
140398
140399
140402
140406
140407
140409
140518
140556
140558
140577
140578
140631
140633
140637
140641
140642
140664
140665
140666
140673
140742
140760
140761
140762
140763
140764
140765
140769
140770
140809
140810
140811
140813
140814
140818
140822
140826
140828
140831
140834
140840
140904
140905
140906
140916
140917
140926
140933
140934
140939
140942
140947
140948
140952
140978
140989
140990
140991
140994
140999
141006
141011
141014
141033
141049
141052
141054
141055
141056
141057
141061
141065
141096
141108
141138
141139
141164
141165
141168
141169
141170
141171
141176
141178
141180
141182
141251
141302
141426
141464
141465
141469
141512
141517
141518
141522
141531
141567
141569
141570
141586
141587
141589
141636
141700
141714
141718
141720
141746
141749
141750
141871
141988
141989
142000
142001
142013
142015
142132
142144
142203
142204
142220
142223
142283
142287
142303
142304
142307
142308
142309
142310
142311
142312
142313
142320
142321
142322
142326
142340
142342
142349
142353
142357
142384
142385
142397
142398
142407
142412
142441
142449
142454
142455
142459
142495
142496
142497
142498
142499
142520
142556
142557
142558
142560
142562
142563
142564
142565
142571
142574
142576
142606
142610
142614
142645
142674
142721
142725
142734
142735
142736
142737
142756
142757
142758
142759
142760
142784
142785
142789
142790
142791
142793
142806
142807
142808
142812
142815
142820
142836
142849
142850
142856
142866
142867
142868
142902
142921
142922
142947
142948
142951
142989
142990
142993
142996
142998
143051
143109
143118
143141
143183
143184
143189
143190
143191
143195
143198
143199
143205
143207
143220
143221
143222
143223
143224
143225
143226
143228
143229
143230
143231
143232
143233
143234
143235
143236
143239
143240
143242
143243
143245
143247
143250
143255
143257
143261
143262
143263
143264
143272
143273
143282
143292
143296
143301
143306
143310
143331
143348
143349
143368
143369
143379
143381
143394
143395
143415
143420
143428
143429
143465
143466
143495
143500
143505
143517
143531
143532
143533
143576
143580
143584
143585
143623
143624
143627
143662
143703
143706
143711
143826
143829
143869
143875
143880
143881
143889
143893
143896
143897
143898
143900
143910
143911
144114
144116
144117
144123
144159
144160
144161
144162
144166
144169
144171
144172
144173
144180
144181
144183
144187
144188
144189
144190
144192
144194
144196
144198
144202
144204
144209
144212
144216
144315
144317
144341
144342
144343
144370
144406
144481
144517
144518
144535
144558
144559
144560
144564
144596
144610
144634
144635
144636
144637
144639
144640
144649
144652
144654
144659
144660
144662
144665
144666
144667
144670
144671
144673
144675
144677
144685
144686
144692
144693
144697
144721
144722
144723
144729
144732
144737
144739
144743
144745
144748
144751
144766
144771
144772
144782
144804
144820
144836
144842
144853
144854
144857
144869
144870
144871
144872
144884
144885
144886
144899
144931
144937
144956
144967
144972
144973
144980
144981
145010
145011
145013
145014
145056
145077
145087
145098
145109
145134
145142
145154
145157
145159
145170
145172
145174
145209
145246
145251
145259
145260
145264
145265
145296
145297
145298
145308
145317
145318
145375
145387
145434
145438
145439
145440
145441
145442
145443
145444
145445
145446
145447
145448
145449
145451
145455
145461
145469
145473
145477
145481
145485
145490
145495
145496
145497
145498
145501
145506
145510
145513
145514
145515
145516
145570
145690
145725
145726
145727
145734
145769
145818
145856
145858
145859
145860
145861
145863
145867
145868
145870
145879
145884
145894
145911
145961
145963
145972
145977
145978
146031
146041
146042
146059
146065
146066
146077
146081
146082
146093
146100
146101
146114
146115
146118
146119
146120
146121
146122
146128
146132
146137
146140
146147
146151
146152
146153
146154
146173
146174
146178
146183
146184
146189
146190
146224
146225
146228
146258
146262
146273
146274
146299
146303
146305
146308
146318
146325
146328
146331
146334
146336
146337
146339
146340
146341
146342
146344
146348
146352
146355
146357
146362
146366
146371
146374
146378
146382
146389
146437
146443
146444
146459
146474
146490
146491
146492
146493
146496
146498
146501
146503
146512
146515
146518
146521
146525
146534
146536
146537
146538
146542
146543
146544
146546
146571
146575
146577
146580
146581
146584
146588
146591
146592
146597
146601
146605
146606
146610
146613
146618
146622
146623
146624
146631
146633
146637
146640
146641
146649
146651
146655
146659
146662
146663
146664
146667
146671
146681
146682
146683
146684
146685
146690
146691
146706
146719
146720
146723
146725
146726
146727
146729
146734
146738
146741
146742
146746
146750
146755
146758
146762
146765
146766
146770
146771
146797
146812
146815
146820
146822
146832
146835
146858
146862
146872
146873
146882
146884
146890
146919
146921
146940
146941
146946
146951
146953
146954
146959
146972
146975
146977
146978
147012
147019
147077
147084
147090
147115
147125
147126
147129
147135
147141
147144
147165
147173
147178
147180
147181
147184
147198
147240
147241
147253
147274
147281
147300
147301
147315
147320
147321
147328
147334
147424
147552
147681
147682
147683
148006
148008
148527
148554
148572
148715
148748
148767
148771
148824
148827
149044
149094
149104
149105
149108
149110
149112
149114
149116
149118
149120
149122
149124
149144
149145
149147
149149
149151
149296
149298
149300
149303
149305
149308
149310
149312
149314
149316
149385
149529
149533
149551
149686
149689
149691
149694
149695
149697
149699
149711
149717
149718
149736
149813
149814
149818
149858
149863
149868
149869
149870
149871
149872
149877
149878
149883
149966
150258
150290
150344
150471
150474
150475
150480
150906
150908
150911
150926
150928
150930
150955
151041
151042
151043
151048
151050
151058
151069
151071
151086
151122
151128
151130
151132
151136
151138
151142
151144
151162
151165
151168
151171
151194
151195
151196
151200
151210
151229
151235
151243
151252
151254
151257
151266
151269
151270
151273
151284
151285
151286
151289
151292
151294
151297
151303
151306
151311
151312
151317
151320
151321
151324
151364
151366
151369
151370
151372
151374
151377
151381
151383
151389
151395
151397
151401
151406
151408
151414
151419
151420
151423
151425
151433
151434
151436
151439
151440
151442
151444
151451
151452
151456
151459
151462
151487
151498
151500
151501
151504
151506
151508
151511
151513
151515
151518
151525
151526
151528
151530
151552
151553
151554
151559
151560
151561
151570
151575
151576
151577
151581
151585
151587
151637
151639
151641
151643
151650
151691
151695
151703
151706
151709
151710
151713
151716
151742
151745
151747
151749
151751
151758
151759
151760
151764
151766
151767
151769
151795
151799
151800
151809
151921
151926
151928
151936
151939
151966
151979
151981
151987
152014
152016
152020
152022
152032
152034
152036
152037
152042
152044
152045
152096
152098
152100
152102
152107
152119
152133
152136
152146
152150
152153
152160
152196
152199
152302
152303
152306
152312
152313
152315
152316
152318
152336
152337
152382
152384
152386
152388
152403
152404
152410
152412
152414
152457
152458
152461
152466
152497
152499
152514
152519
152521
152527
152528
152531
152533
152536
152546
152549
152553
152554
152575
152577
152581
152583
152587
152589
152590
152595
152602
152603
152605
152607
152611
152614
152618
152620
152621
152625
152627
152630
152634
152635
152637
152641
152642
152651
152652
152654
152656
152662
152663
152665
152676
152678
152680
152684
152695
152696
152698
152700
152709
152715
152718
152722
152724
152726
152729
152730
152731
152735
152741
152742
152743
152748
152753
152755
152757
152759
152769
152776
152778
152780
152783
152785
152787
152792
152794
152796
152802
152809
152811
152815
152818
152821
152826
152829
152831
152835
152840
152841
152843
152845
152847
152849
152851
152853
152854
152856
152858
152860
152862
152866
152868
152870
152877
152879
152881
152883
152884
152887
152890
152891
152892
152893
152900
152915
152926
152928
152930
152934
152936
152938
152940
152943
152945
152947
152949
152951
152955
152957
152958
152961
152962
152966
152971
152975
152977
152988
153001
153017
153018
153035
153048
153053
153055
153060
153061
153062
153066
153071
153080
153086
153087
153089
153091
153095
153097
153103
153106
153111
153114
153118
153119
153133
153145
153149
153153
153164
153168
153186
153193
153194
153198
153206
153213
153222
153224
153228
153233
153235
153241
153244
153249
153266
153271
153280
153281
153283
153285
153289
153294
153297
153302
153305
153316
153317
153319
153321
153338
153339
153352
153369
153373
153375
153377
153379
153393
153404
153408
153410
153412
153425
153430
153432
153434
153436
153438
153439
153444
153446
153449
153450
153456
153458
153460
153462
153466
153472
153474
153476
153489
153497
153500
153502
153507
153514
153516
153518
153520
153521
153525
153528
153536
153538
153540
153541
153545
153547
153549
153551
153555
153559
153563
153565
153566
153574
153577
153580
153581
153590
153592
153593
153595
153601
153602
153608
153611
153615
153630
153632
153634
153638
153642
153646
153648
153650
153652
153658
153668
153670
153686
153688
153691
153695
153697
153707
153720
153728
153731
153737
153751
153756
153758
153764
153770
153779
153785
153787
153789
153794
153801
153809
153813
153841
153851
153852
153855
153857
153881
153896
153934
153962
154030
154036
154038
154057
154062
154063
154071
154165
154286
154307
154314
154315
154316
154380
154425
154427
154448
154542
154545
154552
154564
154591
154615
154640
154641
154648
154649
154651
154656
154672
154673
154677
154678
154691
154730
154739
154742
154766
154804
154807
154825
154837
154841
154842
154848
154860
154861
154996
155048
155050
155059
155061
155065
155178
155235
155236
155241
155256
155265
155324
155333
155334
155342
155350
155351
155354
155362
155364
155373
155374
155423
155432
155435
155492
155501
155537
155576
155582
155583
155584
155587
155594
155600
155613
155634
155636
155637
155645
155653
155654
155664
155665
155691
155694
155695
155700
155711
155712
155713
155716
155750
155789
155790
155791
155798
155801
155814
155815
155838
155839
155850
155861
155862
155873
155882
155889
155890
155891
155901
155932
155934
155947
155951
155972
155973
156003
156011
156012
156042
156043
156111
156125
156142
156143
156144
156147
156160
156172
156174
156184
156190
156202
156229
156235
156244
156246
156247
156255
156272
156273
156275
156284
156287
156303
156304
156312
156322
156326
156329
156374
156395
156396
156401
156404
156415
156416
156420
156424
156439
156441
156446
156451
156456
156457
156479
156480
156489
156494
156495
156506
156510
156513
156521
156522
156547
156548
156550
156552
156564
156574
156578
156580
156584
156585
156588
156599
156600
156608
156609
156616
156620
156622
156632
156634
156635
156641
156648
156649
156660
156669
156683
156684
156702
156704
156719
156722
156723
156724
156725
156726
156729
156734
156737
156742
156750
156753
156757
156758
156849
156850
156873
156881
157066
157108
157109
157117
157129
157138
157145
157180
157208
157211
157218
157223
157231
157313
157328
157337
157345
157346
157351
157353
157374
157464
157466
157520
157539
157549
157564
157591
157603
157610
157622
157626
157627
157628
157633
157667
157668
157669
157670
157746
157750
157770
157779
157795
157812
157840
157850
157871
157876
158156
158216
158223
158227
158229
158230
158231
158232
158233
158236
158264
158272
158285
158286
158287
158291
158293
158295
158300
158304
158307
158311
158316
158321
158328
158352
158383
158414
158428
158436
158442
158474
159144
159145
159146
159149
159150
159166
159175
159183
159265
159292
159310
159400
159476
159659
159661
159662
159665
159666
159676
159751
159765
159768
159797
159806
159815
159839
159864
159865
159918
159922
160054
160055
160060
160061
160064
160065
160069
160122
160127
160129
160208
160210
160250
160270
160271
160278
160310
160339
160409
160428
160460
160477
160480
160486
160499
160516
160517
160528
160549
160552
160636
160637
160638
160641
160644
160666
160673
160674
160711
160717
160751
160752
160794
160824
160831
160836
160849
160855
160862
160863
160865
160867
160892
160914
160944
160946
160970
160973
160985
160990
160991
160994
161004
161027
161042
161158
161159
161171
161175
161304
161318
161361
161419
161491
161503
161506
161508
161549
161582
161625
161626
161627
161628
161629
161630
161631
161632
161633
161634
161637
161638
161639
161640
161642
161643
161644
161645
161647
161648
161653
162128
162145
162153
162167
162199
162201
162203
162205
162268
162284
162316
162321
162464
162469
162597
162625
162626
162637
162656
162914
162922
162933
162956
162969
162970
162974
162975
162978
162986
162993
162997
162998
163001
163003
163007
163009
163012
163021
163024
163029
163034
163038
163046
163136
163152
163225
163268
163270
163305
163311
163329
163332
163348
163352
163365
163369
163374
163408
163436
163456
163457
163474
163489
163512
163515
163516
163594
163599
163619
163626
163643
163644
163651
163659
163661
163662
163667
163673
163678
163681
163704
163705
163727
163728
163740
163741
163747
163751
163752
163753
163784
163785
163799
163800
163845
163850
163851
163854
163865
163917
164402
164407
164442
164491
164496
164506
164511
164514
164516
164521
164526
164527
164531
164536
164539
164554
164556
164558
164574
164577
164665
164666
164671
164672
164675
164676
164679
164680
164683
164685
164686
164707
164708
164711
164716
164717
164721
164722
164723
164739
164741
164755
164756
164759
164761
164763
164764
164772
164773
164777
164779
164780
164783
164785
164786
164787
164791
164793
164795
164803
164804
164805
164815
164824
164828
164838
164840
164842
164844
164863
164864
164888
164932
165002
165003
165039
165040
165041
165042
165043
165044
165045
165046
165047
165048
165049
165050
165051
165052
165081
165082
165083
165084
165100
165101
165108
165114
165124
165125
165127
165135
165143
165176
165178
165183
165184
165188
165193
165194
165195
165198
165202
165203
165205
165208
165210
165216
165219
165222
165224
165231
165237
165256
165258
165260
165265
165267
165268
165270
165276
165283
165304
165309
165314
165317
165318
165321
165330
165331
165332
165333
165334
165335
165339
165343
165346
165348
165352
165356
165374
165381
165389
165391
165396
165398
165401
165403
165405
165406
165408
165409
165410
165414
165416
165422
165424
165440
165446
165457
165490
165505
165528
165529
165531
165546
165563
165565
165567
165568
165571
165906
165954
165955
165956
165958
165960
165962
165964
165985
165993
165994
166036
166037
166040
166043
166049
166060
166065
166066
166078
166079
166083
166098
166108
166109
166129
166130
166132
166133
166134
166135
166136
166139
166140
166142
166143
166144
166145
166241
166242
166269
166271
166277
166278
166289
166291
166297
166298
166299
166300
166301
166302
166303
166304
166316
166318
166366
166369
166373
166378
166435
166474
166475
166484
166485
166486
166487
166495
166499
166507
166509
166513
166520
166580
166601
166613
166615
166617
166655
166658
166668
166674
166684
166687
166688
166694
166695
166698
166701
166707
166713
166716
166717
166718
166733
166736
166742
166743
166745
166749
166757
166758
166764
166768
166770
166771
166774
166775
166776
166779
166791
166794
166796
166824
166935
166940
167130
167286
167292
167310
167314
167378
167379
167381
167396
167405
167411
167414
167415
167422
167423
167433
167437
167447
167482
167488
167505
167521
167533
167547
167556
167559
167572
167578
167600
167601
167605
167608
167612
167623
167627
167633
167672
167691
167701
167706
167726
167728
167729
167736
167742
167751
167754
167755
167762
167764
167765
167769
167771
167787
167791
167793
167799
167801
168008
168013
168126
168129
168137
168139
168154
168155
168157
168168
168172
168183
168184
168190
168192
168347
168350
168366
168367
168417
168419
168431
168439
168443
168445
168446
168449
168455
168456
168457
168459
168461
168463
168622
168627
168628
168667
168753
168755
168756
168758
168766
168790
168793
168797
168798
168799
168804
168812
168813
168814
168815
168816
168817
168818
168819
168929
168934
168936
168951
168952
168960
169129
169130
169138
169139
169140
169143
169231
169241
169285
169286
169287
169288
169289
169290
169291
169293
169294
169297
169298
169299
169300
169301
169302
169303
169305
169309
169312
169315
169318
169389
169392
169393
169397
169399
169403
169408
169409
169410
169416
169422
169426
169427
169432
169439
169440
169489
169577
169581
169614
169662
169665
169679
169682
169685
169713
169715
169716
169736
169745
169749
169756
169765
169766
169770
169776
169795
169837
169838
169839
169850
169869
169871
169911
169918
169919
169922
169923
169948
169954
169967
169969
169979
169981
169983
169984
170010
170012
170023
170024
170025
170026
170027
170028
170032
170045
170046
170057
170062
170067
170082
170083
170084
170085
170091
170092
170094
170095
170103
170132
170231
170233
170234
170235
170236
170237
170238
170239
170249
170251
170264
170265
170266
170267
170268
170276
170277
170279
170280
170282
170283
170308
170310
170312
170313
170314
170315
170318
170320
170322
170325
170333
170337
170344
170345
170346
170383
170384
170385
170386
170388
170392
170393
170396
170397
170399
170417
170418
170419
170426
170427
170429
170430
170436
170437
170451
170455
170468
170482
170484
170485
170486
170491
170540
170549
170550
170551
170559
170560
170562
170563
170565
170566
170655
170820
170855
170859
170860
170888
170893
170908
170911
170912
170913
170928
170929
170967
170972
170975
170980
170987
170988
170992
170995
171013
171014
171015
171016
171017
171018
171019
171025
171026
171027
171028
171032
171033
171034
171035
171036
171037
171041
171043
171046
171049
171054
171114
171122
171123
171124
171125
171185
171186
171187
171188
171193
171195
171210
171263
171294
171299
171306
171321
171322
171323
171324
171325
171329
171344
171355
171365
171366
171370
171371
171379
171380
171388
171397
171398
171400
171404
171408
171442
171444
171448
171449
171450
171461
171463
171464
171465
171466
171468
171469
171521
171522
171583
171601
171605
171608
171611
171624
171645
171648
171668
171669
171670
171671
171694
171695
171701
171710
171711
171712
171716
171720
171722
171757
171784
171868
171869
171873
171874
171876
171877
171879
171880
171882
171884
171886
171887
171925
171946
171963
171966
171967
171968
171969
171975
171976
171983
171992
171997
172000
172006
172034
172035
172053
172069
172070
172071
172072
172073
172074
172075
172079
172080
172081
172082
172083
172084
172087
172091
172096
172098
172107
172156
172157
172164
172194
172199
172204
172213
172236
172312
172313
172314
172315
172318
172319
172321
172322
172326
172328
172332
172339
172420
172422
172427
172429
172432
172450
172457
172535
172541
172546
172549
172552
172564
172570
172584
172596
172609
172610
172611
172612
172615
172616
172626
172631
172637
172642
172650
172651
172653
172664
172666
172675
172677
172686
172689
172690
172695
172696
172705
172706
172713
172723
172726
172749
172760
172771
172799
172829
172855
172856
172860
172870
172872
172873
172881
172891
172894
172901
172902
172905
172917
172919
172930
172939
172970
172996
173001
173049
173055
173059
173064
173083
173092
173095
173111
173118
173124
173136
173139
173146
173157
173162
173165
173202
173208
173269
173272
173275
173281
173301
173307
173310
173316
173324
173334
173374
173375
173376
173424
173426
173434
173439
173440
173452
173459
173460
173465
173487
173494
173503
173641
173711
173712
173715
173716
173722
173723
173724
173732
173735
173745
173752
173760
173765
173768
173808
173811
173822
173826
173839
173840
173851
173867
173929
173969
173976
173988
173995
174000
174021
174028
174035
174038
174040
174076
174078
174096
174130
174134
174234
174256
174287
174297
174301
174304
174319
174334
174336
174344
174357
174360
174366
174390
174396
174401
174501
174502
174522
174525
174533
174539
174548
174561
174569
174570
174571
174593
174594
174598
174612
174621
174634
174658
174679
174684
174739
174798
174809
174811
174829
174861
174863
174866
174901
174966
174980
175030
175051
175054
175079
175085
175090
175095
175129
175151
175159
175191
175209
175211
175215
175231
175232
175235
175251
175252
175264
175266
175310
175404
175407
175443
175460
175488
175635
175675
175735
175737
175861
175883
175927
175973
175994
176001
176006
176013
176017
176039
176064
176079
176092
176096
176122
176123
176129
176171
176175
176182
176189
176194
176196
176205
176209
176214
176215
176234
176250
176251
176254
176256
176278
176290
176298
176302
176318
176321
176322
176323
176324
176341
176348
176352
176355
176360
176370
176409
176447
176449
176499
176500
176508
176513
176515
176521
176527
176528
176539
176551
176562
176574
176587
176588
176596
176603
176616
176622
176625
176631
176632
176633
176634
176643
176663
176672
176699
176730
176799
176804
176837
176843
176859
176880
176881
176884
176912
176919
176941
176986
176989
177086
177091
177117
177119
177125
177127
177197
177215
177227
177265
177269
177289
177320
177324
177357
177379
177380
177381
177549
177551
177558
177607
177616
177671
177698
177700
177724
177725
177726
177798
177806
177838
177841
177844
177847
177851
177856
177861
177866
178000
178017
178054
178088
178090
178109
178110
178112
178113
178115
178116
178118
178119
178291
178292
178338
178339
178340
178351
178367
178369
178385
178423
178425
178429
178435
178440
178442
178448
178451
178453
178458
178600
178603
178607
178622
178669
178725
178727
178732
178737
178742
178744
178747
178750
178752
178755
178802
178807
178810
178818
178819
178820
178848
178909
178913
178917
178921
178925
178928
178929
178930
178931
178939
178940
178941
178945
178946
178948
178950
178955
178959
178962
178964
178965
178966
178968
178969
178971
178974
178975
178976
178978
178980
179003
179005
179006
179007
179012
179013
179026
179036
179040
179076
179079
179085
179100
179115
179127
179129
179130
179132
179146
179153
179166
179181
179195
179196
179199
179204
179205
179206
179207
179208
179212
179213
179216
179217
179220
179226
179256
179267
179270
179272
179274
179276
179283
179285
179287
179289
179291
179293
179300
179302
179304
179305
179315
179320
179321
179322
179326
179350
179351
179460
179470
179746
179776
179778
179809
179842
179861
179867
179871
179874
179943
179969
179975
179978
179980
179981
179999
180001
180002
180041
180052
180055
180058
180067
180068
180072
180073
180074
180075
180087
180117
180122
180250
180271
180363
180427
180429
180441
180447
180448
180458
180459
180460
180463
180476
180488
180490
180491
180494
180495
180499
180500
180501
180502
180507
180509
180523
180528
180529
180530
180537
180543
180545
180581
180591
180604
180605
180607
180610
180634
180635
180636
180639
180644
180701
180705
180712
180713
180723
180757
180759
180769
180773
180777
180778
180780
180870
180967
180968
181005
181066
181067
181073
181126
181128
181136
181147
181169
181171
181241
181250
181253
181296
181297
181301
181309
181323
181408
181410
181411
181412
181413
181972
181983
181993
181994
181995
182013
182107
182108
182128
182133
182134
182135
182142
182154
182156
182168
182208
182209
182210
182214
182217
182218
182224
182227
182230
182253
182257
182259
182260
182261
182281
182301
182309
182352
182353
182354
182355
182356
182357
182372
182373
182390
182411
182441
182578
182579
182593
182636
182641
182655
182662
182670
182705
182715
182718
182738
182754
182755
182756
182761
182791
182831
182835
182849
182856
182908
182909
182910
182914
182941
182942
182946
182948
183030
183075
183077
183133
183173
183195
183266
183310
183316
183337
183340
183341
183360
183382
183423
183430
183437
183439
183442
183444
183461
183462
183512
183544
183549
183609
183624
183626
183638
183685
183835
184000
184004
184124
184126
184318
184446
184447
184449
184458
184460
184470
184495
184497
184654
184657
184673
184678
184684
184693
184694
184695
184711
184749
184775
184796
184836
184887
184888
184889
184893
184894
184982
185041
185078
185124
185127
185128
185129
185130
185131
185173
185176
185248
185251
185270
185271
185272
185274
185277
185286
185289
185345
185420
185442
185676
185680
185689
185757
185758
185759
185811
185849
185855
185865
185866
185879
185881
185882
185886
185896
185897
185916
185917
185918
185943
185966
186010
186052
186068
186087
186094
186095
186108
186114
186123
186140
186183
186231
186240
186263
186268
186325
186327
186489
186596
186597
186599
186602
186617
186624
186633
186728
186740
186742
186828
186834
187078
187141
187167
187228
187252
187267
187291
187294
187295
187299
187300
187335
187336
187339
187364
187368
187378
187380
187386
187390
187391
187393
187397
187408
187411
187413
187418
187420
187421
187422
187424
187425
187447
187450
187473
187474
187478
187479
187480
187481
187483
187484
187490
187493
187505
187518
187526
187527
187528
187529
187534
187591
187648
187649
187651
187652
187654
187656
187657
187660
187662
187743
187802
187843
187844
187862
187892
187926
187927
187933
187934
187939
187951
187956
187969
187970
187982
187999
188034
188048
188070
188093
188101
188128
188136
188165
188166
188193
188198
188203
188211
188214
188216
188238
188240
188242
188244
188246
188255
188266
188270
188276
188277
188279
188313
188321
188355
188397
188399
188433
188439
188445
188446
188476
188485
188487
188503
188525
188540
188562
188564
188606
188607
188609
188610
188613
188614
188633
188662
188663
188666
188695
188699
188701
188711
188725
188726
188729
188731
188735
188737
188751
188760
188762
188771
188772
188776
188777
188779
188782
188850
188857
188858
188859
188919
189031
189059
189082
189085
189093
189094
189096
189097
189098
189099
189100
189107
189108
189109
189110
189113
189115
189121
189131
189133
189137
189138
189141
189147
189149
189151
189170
189182
189192
189200
189203
189206
189207
189212
189215
189216
189218
189228
189243
189244
189245
189246
189249
189250
189252
189269
189270
189271
189275
189277
189283
189284
189285
189290
189292
189336
189347
189372
189374
189379
189382
189424
189428
189432
189440
189445
189448
189461
189462
189467
189468
189469
189477
189483
189487
189491
189505
189506
189508
189510
189515
189525
189541
189542
189555
189556
189557
189559
189572
189593
189598
189616
189617
189619
189625
189630
189644
189645
189650
189664
189665
189669
189670
189673
189674
189676
189692
189717
189718
189732
189734
189735
189738
189744
189745
189746
189770
189771
189772
189773
189774
189775
189777
189784
189786
189791
189792
189798
189799
189800
189802
189829
189875
189885
189886
189887
189888
189889
189890
189891
189893
189894
189961
189962
189974
189975
189986
189993
189996
189998
190000
190003
190010
190011
190016
190020
190024
190029
190033
190045
190047
190050
190077
190079
190087
190088
190092
190109
190113
190120
190124
190129
190134
190135
190136
190156
190157
190158
190159
190213
190215
190216
190217
190218
190247
190250
190251
190255
190259
190262
190266
190267
190268
190269
190270
190279
190285
190286
190287
190290
190310
190311
190312
190314
190316
190319
190320
190325
190326
190332
190336
190340
190364
190366
190367
190368
190373
190379
190407
190415
190418
190427
190487
190488
190490
190491
190492
190493
190498
190508
190510
190521
190522
190593
190594
190595
190596
190597
190598
190599
190620
190624
190626
190645
190652
190654
190655
190656
190661
190664
190667
190677
190681
190686
190714
190723
190734
190749
190754
190766
190811
190812
190813
190821
190826
190827
190829
190831
190834
190874
190875
190981
191042
191043
191055
191060
191096
191101
191111
191123
191130
191209
191211
191237
191248
191249
191257
191259
191260
191277
191278
191281
191285
191371
191372
191373
191374
191376
191377
191393
191436
191466
191471
191474
191476
191482
191483
191488
191493
191497
191503
191530
191534
191543
191567
191574
191575
191576
191578
191580
191582
191587
191589
191593
191638
191639
191643
191658
191688
191689
191707
191708
191715
191725
191726
191729
191730
191732
191733
191734
191735
191745
191749
191775
191776
191777
191778
191783
191787
191789
191813
191829
191849
191850
191851
191936
192072
192076
192077
192095
192145
192170
192196
192200
192238
192282
192283
192286
192293
192303
192330
192357
192363
192364
192369
192377
192398
192403
192405
192407
192443
192445
192446
192447
192448
192449
192450
192451
192452
192453
192454
192455
192470
192475
192476
192477
192478
192484
192493
192495
192503
192504
192505
192506
192512
192514
192515
192516
192517
192520
192525
192526
192527
192549
192551
192553
192555
192560
192561
192562
192612
192613
192614
192615
192620
192631
192638
192641
192642
192646
192648
192649
192650
192652
192656
192662
192666
192670
192675
192679
192688
192690
192691
192692
192693
192712
192713
192730
192735
192737
192745
192746
192758
192761
192861
192903
192904
192905
192974
192996
192997
192998
193002
193111
193143
193156
193166
193175
193177
193180
193182
193185
193200
193211
193212
193219
193225
193266
193433
193437
193438
193452
193463
193488
193643
193697
193722
193778
193910
193990
194001
194025
194055
194056
194073
194075
194088
194089
194188
194278
194314
194316
194338
194536
194541
194542
194549
194557
194562
194564
194586
194587
194588
194625
194627
194653
194664
194684
194709
194817
194881
194905
194919
194955
194956
194962
194972
194973
194974
194975
194976
194989
195009
195011
195014
195033
195163
195166
195167
195186
195190
195210
195211
195324
195356
195357
195363
195380
195385
195386
195388
195389
195401
195418
195421
195423
195428
195440
195469
195472
195479
195484
195494
195495
195502
195508
195510
195513
195519
195534
195542
195547
195681
195690
195695
195787
195908
195937
196013
196482
196486
196515
196621
196622
196623
196624
196625
196780
196795
196829
196830
196862
196864
196865
196880
196881
196965
196966
196967
196969
196983
197005
197007
197009
197235
197273
197294
197311
197423
197431
197857
197865
197880
198138
198152
198169
198190
198343
198345
198440
198676
198735
198743
198938
199022
199123
199171
199172
199174
199296
199340
199360
199419
199463
199470
199479
199508
199549
199553
199838
199839
199840
199855
199860
199865
199873
199921
199926
199951
199969
