143
144
145
157
232
233
234
235
236
237
238
239
240
241
242
243
244
245
439
441
653
816
1059
1070
1072
1074
1128
1250
1411
1412
1413
1414
1415
1416
1417
1418
1419
1420
1421
1422
1423
1424
1493
1494
1612
1613
1614
1615
1638
1639
1640
1641
1668
1672
1699
1700
1701
1819
1836
1854
1855
1856
1857
1858
1859
1860
1861
1862
1863
1864
1865
1866
1867
2036
2037
2109
2110
2111
2112
2205
2206
2640
2641
2642
2643
2656
2657
2938
2939
2940
2941
2968
2969
2988
2989
3654
3655
3656
3657
3668
3669
3683
3684
3685
3688
3689
3690
3691
3694
3697
3700
3703
4003
4004
4005
4006
4008
4036
4054
4055
4056
4095
4151
4152
4153
4154
4155
4156
4157
4158
4159
4160
4161
4162
4163
4164
4294
4295
4327
4328
4329
4330
4349
4430
4433
4463
4464
4465
4466
4471
4472
4474
4824
4825
4827
4828
4829
4830
4832
4838
4875
4889
4890
4893
4894
4935
4936
4937
4939
4944
4945
4975
4978
5000
5009
5010
5013
5016
5358
5370
5433
5434
5438
5439
5440
5441
5446
5447
6168
6169
6170
6171
6173
6175
6220
6221
6246
6367
6391
6392
6393
6396
6401
7120
7139
7141
7194
7197
7198
7466
7467
7512
7513
7518
7519
7534
7535
7542
7543
7550
7551
7558
7559
7566
7567
7574
7575
7582
7583
7590
7591
7712
7713
7714
7715
7717
7719
7725
7726
7738
7739
7747
7748
7749
7752
7757
7773
7777
7794
7795
7796
7797
7798
7799
7800
7801
7896
7897
7970
8412
8413
8416
8433
8469
8966
8967
8990
8991
9014
9015
9022
9023
9108
9109
9132
9133
9156
9157
9164
9165
9246
9247
9254
9255
9262
9263
9265
9274
9275
9276
9277
9294
9307
9348
9349
9351
9360
9361
9362
9363
9396
9397
9398
9399
9461
9462
9485
9486
9509
9510
9517
9518
9571
9860
9861
9862
9863
9864
9865
9866
9867
9868
9869
9870
9871
9872
9873
9922
9925
10109
10113
10294
10295
10298
10299
10319
10326
10327
10328
10361
10385
10386
10387
10388
10390
10394
10395
10403
10404
10411
10415
10420
10421
10424
10431
10438
10443
10445
10446
10477
10478
10479
10528
10529
10530
10578
10586
10603
10604
10605
10608
10620
10623
10628
10630
10666
10667
10670
10673
10690
10695
10714
10717
10718
10719
10723
10737
10743
10749
10750
10755
10760
10761
10763
10767
10769
10808
10829
10901
10914
11037
11044
11045
11046
11048
11049
11050
11052
11053
11091
11092
11095
11096
11097
11098
11103
11105
11109
11154
11155
11227
11238
11239
11246
11247
11248
11249
11252
11256
11258
11259
11261
11271
11298
11318
11319
11323
11327
11394
11395
11396
11397
11398
11399
11403
11404
11406
11407
11409
11411
11412
11413
11440
11441
11442
11443
11483
11484
11485
11486
11593
11802
11803
11899
11900
11901
11904
11910
11913
11914
11915
11924
11932
11959
11960
11972
11973
11975
11979
11980
12010
12011
12012
12016
12017
12018
12020
12023
12033
12036
12039
12040
12041
12053
12054
12055
12056
12059
12060
12061
12067
12070
12072
12074
12076
12085
12086
12087
12112
12116
12117
12118
12119
12121
12124
12131
12140
12141
12142
12143
12152
12157
12160
12161
12162
12164
12165
12166
12168
12169
12170
12180
12181
12185
12192
12195
12204
12205
12206
12210
12211
12212
12213
12219
12232
12233
12234
12238
12247
12248
12249
12255
12256
12257
12258
12259
12263
12264
12273
12274
12275
12278
12282
12286
12290
12293
12296
12298
12299
12331
12332
12333
12335
12336
12337
12338
12370
12371
12372
12373
12374
12375
12376
12377
12469
12478
12479
12480
12483
12487
12488
12489
12491
12492
12495
12496
12613
12620
12621
12767
12768
12769
12786
12825
12945
12989
12995
13148
13150
13151
13279
13280
13281
13350
13401
13566
13734
13887
14031
14166
14308
14387
14552
14554
14721
14722
14723
14724
14799
14890
15055
15057
15058
15061
15062
15063
15064
15065
15081
15097
15106
15122
15123
15138
15150
15176
15177
15178
15179
15198
15199
15200
15201
15207
15208
15210
15232
15233
15234
15260
15265
15266
15267
15268
15291
15292
15293
15323
15332
15342
15351
15355
15357
15358
15359
15367
15386
15396
15415
15507
15562
15587
15617
15630
15631
15661
15662
15686
15695
15696
15697
15715
15728
15729
15749
15750
15751
15753
15757
15758
15759
15773
15825
15826
15882
15885
15886
15887
15893
15909
15922
15956
15957
16129
16142
16144
16145
16189
16192
16209
16241
16242
16243
16245
16259
16262
16264
16303
16304
16305
16306
16393
16400
16407
16411
16412
16413
16416
16422
16423
16426
16434
16435
16443
16444
16461
16480
16489
16490
16493
16497
16614
16615
16616
16617
16618
16619
16620
16621
16622
16623
16624
16625
16626
16627
16680
16683
16787
16802
16809
16810
16811
16819
16828
16829
16830
16835
16836
16838
16839
16895
16896
16899
16900
16901
16902
16903
16908
16945
16953
16962
16963
16968
16969
16973
16974
16976
16977
17008
17015
17016
17017
17021
17023
17027
17029
17030
17038
17039
17065
17157
17158
17162
17163
17171
17172
17187
17188
17203
17204
17270
17271
17307
17308
17322
17323
17335
17336
17351
17352
17356
17357
17526
17579
17631
17632
17681
17682
17707
17708
17716
17717
17718
17722
17724
17728
17729
17735
17736
17737
17738
17739
17758
17759
17762
17777
17780
17803
17804
17834
17855
17856
17863
17864
17865
17876
17877
17878
17879
17880
17902
17913
17918
17919
17922
17927
17935
17953
17954
17960
17961
17962
17963
17965
17967
17972
17973
17987
17991
17994
18018
18023
18031
18032
18038
18045
18048
18050
18051
18052
18053
18056
18058
18059
18060
18062
18065
18067
18068
18070
18071
18074
18075
18076
18077
18079
18080
18083
18084
18089
18090
18091
18093
18096
18097
18098
18099
18101
18102
18104
18106
18107
18108
18109
18111
18113
18114
18116
18119
18123
18127
18140
18141
18142
18143
18146
18147
18148
18151
18162
18163
18166
18169
18172
18174
18179
18180
18181
18182
18183
18184
18185
18190
18191
18197
18201
18212
18213
18214
18215
18216
18220
18226
18251
18252
18253
18254
18256
18259
18269
18272
18273
18274
18275
18276
18280
18284
18292
18295
18296
18297
18298
18299
18300
18303
18317
18325
18328
18329
18330
18331
18332
18333
18334
18350
18355
18356
18357
18358
18361
18365
18367
18370
18373
18376
18378
18380
18383
18384
18385
18386
18387
18388
18389
18390
18401
18403
18405
18406
18408
18409
18411
18415
18416
18417
18419
18421
18422
18431
18432
18433
18434
18435
18436
18437
18438
18439
18440
18441
18442
18443
18444
18445
18453
18455
18456
18459
18460
18463
18466
18468
18471
18473
18476
18477
18478
18479
18480
18481
18482
18483
18484
18485
18486
18487
18488
18489
18490
18491
18492
18493
18494
18495
18496
18497
18498
18508
18512
18513
18514
18515
18528
18529
18536
18544
18545
18546
18553
18554
18556
18567
18570
18582
18584
18586
18587
18588
18589
18591
18594
18600
18603
18604
18605
18606
18616
18626
18627
18628
18629
18631
18638
18644
18645
18646
18647
18648
18653
18660
18661
18662
18664
18672
18675
18682
18690
18691
18692
18695
18699
18701
18703
18708
18709
18712
18715
18720
18723
18724
18727
18730
18734
18737
18738
18739
18745
18746
18747
18748
18749
18750
18751
18753
18754
18755
18757
18758
18760
18761
18762
18764
18765
18767
18768
18770
18771
18772
18773
18774
18775
18782
18787
18788
18789
18793
18801
18802
18803
18805
18806
18807
18808
18809
18810
18815
18817
18819
18821
18823
18825
18846
18848
18850
18852
18854
18856
18858
18890
18891
18898
18899
18910
18911
18912
18924
18933
18934
18935
18942
18943
18944
18945
18946
18948
18949
18950
18953
18958
18973
18974
18975
18979
18980
18981
19252
19255
19256
19257
19268
19277
19278
19279
19282
19287
19288
19289
19290
19292
19299
19301
19303
19308
19316
19325
19326
19327
19330
19331
19332
19333
19336
19337
19342
19345
19347
19351
20339
21652
21654
21655
21678
21680
21684
21694
21695
21699
21700
21701
21704
21709
21711
21714
21716
21717
21719
21722
21724
21725
21726
21727
21728
21732
21734
21735
21738
21746
21748
21749
21752
21755
21757
21759
21761
21763
21765
21769
21771
21772
21773
21774
21775
21776
21778
21779
21780
21781
21782
21783
21784
21785
21786
21787
21788
21789
21790
21791
21792
21793
21800
21801
21802
21803
21805
21807
21812
21813
21828
21829
21836
21837
21838
21841
21872
21874
21875
21880
21881
21892
21893
21896
21897
21898
21899
21904
21907
21919
21920
21921
21922
21923
21956
21957
21959
21961
22030
22034
22041
22043
22044
22045
22046
22053
22062
22067
22068
22073
22076
22077
22080
22081
22082
22083
22084
22087
22089
22090
22091
22096
22099
22100
22101
22102
22106
22225
22226
22227
22228
22230
22275
22285
22286
22287
22502
22506
22507
22508
22509
22517
22518
22521
22522
22523
23221
23222
23223
23993
24400
24405
24409
24411
24412
26738
26739
26740
27530
27538
29970
29971
29972
30502
30536
30550
30553
30554
30555
30556
30562
30563
30567
30596
30598
30603
30609
30612
30613
30618
30625
30626
30627
30628
30632
30639
30648
30649
30654
30655
30656
30659
30660
30663
30665
30668
30674
30682
30688
30690
30696
30697
30698
30707
30708
30711
30712
30715
30716
30717
30718
30729
30730
30731
30732
30733
30745
30746
30754
30756
30757
30761
30765
30768
30771
30777
30778
30779
30789
30790
30796
30799
30800
30801
30802
30803
30805
30806
30807
30809
30810
30811
30813
30814
30815
30817
30818
30819
30820
30825
30829
30834
30836
30848
30849
30850
30855
30857
30858
30859
30862
30865
30874
30877
30878
30879
30884
30887
30899
30904
30907
30929
30930
30931
30932
30933
30934
30938
30946
30948
30954
30957
30964
30967
30969
30971
30976
30983
30991
30996
31109
31150
31151
31152
31155
31162
31165
31167
31170
31171
31175
31209
31211
31213
31214
31215
31216
31217
31218
31219
31227
31230
31232
31234
31236
31239
31241
31243
31245
31247
31250
31252
31253
31254
31255
31256
31283
31284
31285
31286
31287
31288
31289
31290
31291
31292
31293
31294
31295
31296
31297
31298
31299
31300
31301
31309
31315
31316
31317
31327
31328
31329
31339
31340
31352
31353
31354
31355
31356
31357
31358
31359
31362
31363
31364
31365
31366
31367
31369
31371
31372
31391
31392
31397
31400
31401
31402
31403
31407
31414
31417
31421
31423
31426
31427
31428
31431
31432
31433
31434
31435
31516
31517
31520
31524
31529
31530
31531
31532
31534
31538
31539
31544
31688
31831
31832
31867
31868
31869
32007
32008
32010
32038
32040
32042
32085
32127
32132
32133
32208
32346
32348
32378
32505
32616
32622
32672
32740
32838
32936
32939
32942
32945
33020
33021
33022
33025
33051
33052
33053
33054
33064
33065
33066
33070
33072
33207
33209
33213
33218
33221
33375
33378
33491
33599
33630
33639
33654
33657
33660
33664
33667
33673
33678
33681
33686
33689
33699
33715
33718
33719
33720
33721
33722
33726
33728
33729
33744
33749
33750
33754
33756
33777
33787
33814
33854
33893
33910
33929
33947
33957
33958
33971
33982
33993
33994
34007
34008
34009
34010
34016
34023
34032
34040
34041
34059
34063
34066
34075
34076
34077
34078
34085
34086
34087
34088
34089
34091
34093
34096
34097
34098
34102
34104
34106
34107
34110
34114
34118
34120
34125
34127
34131
34134
34136
34139
34142
34144
34148
34149
34167
34175
34178
34216
34220
34221
34239
34240
34248
34250
34252
34254
34257
34285
34287
34355
34468
34487
34528
34529
34543
34617
34764
34767
34772
34775
34778
34858
34888
34948
34967
34969
34975
34976
34978
35000
35004
35006
35008
35014
35016
35021
35023
35024
35025
35031
35032
35035
35037
35039
35072
35142
35205
35212
35213
35220
35221
35230
35241
35243
35246
35291
35299
35304
35305
35307
35312
35313
35317
35319
35320
35322
35341
35372
35375
35445
35447
35453
35454
35472
35499
35535
35567
35576
35580
35584
35585
35586
35587
35589
35616
35621
35624
35625
35634
35646
35648
35649
35653
35655
35656
35657
35670
35671
35672
35674
35677
35679
35682
35683
35684
35687
35689
35694
35709
35738
35756
35758
35759
35765
35767
35793
35797
35806
35807
35808
35814
35817
35818
35819
35821
35825
35826
35827
35850
35853
35921
35922
35967
35968
35973
35974
35989
35990
35997
35998
36005
36006
36013
36014
36021
36022
36029
36030
36037
36038
36045
36046
36067
36071
36072
36078
36079
36088
36095
36096
36097
36098
36112
36146
36156
36175
36176
36177
36183
36186
36187
36188
36189
36190
36191
36194
36195
36196
36199
36272
36281
36282
36285
36298
36300
36302
36304
36323
36324
36326
36328
36335
36348
36367
36377
36379
36383
36388
36391
36393
36397
36401
36404
36406
36408
36410
36411
36412
36413
36414
36415
36416
36417
36418
36419
36420
36442
36453
36454
36455
36458
36459
36461
36462
36463
36467
36468
36469
36470
36472
36473
36474
36478
36479
36480
36481
36483
36484
36485
36489
36490
36492
36493
36495
36496
36497
36501
36502
36503
36504
36506
36508
36511
36512
36514
36515
36517
36519
36523
36533
36535
36536
36538
36541
36543
36545
36548
36549
36550
36551
36552
36553
36554
36555
36556
36557
36558
36559
36560
36561
36562
36563
36564
36565
36566
36567
36568
36569
36670
36686
36687
36688
36689
36690
36691
36692
36693
36694
36695
36696
36697
36698
36699
36700
36753
36754
36852
36863
36867
36869
36871
36895
36896
36897
36898
36901
36902
37013
37025
37026
37049
37050
37073
37074
37081
37082
37132
37150
37151
37152
37153
37154
37155
37156
37215
37216
37217
37219
37220
37224
37235
37237
37238
37242
37245
37246
37247
37248
37249
37267
37268
37269
37270
37273
37277
37284
37285
37286
37288
37289
37293
37298
37302
37303
37304
37339
37341
37343
37344
37347
37349
37351
37384
37405
37406
37422
37455
37462
37463
37464
37467
37470
37487
37496
37497
37498
37501
37505
37508
37512
37526
37547
37548
37549
37550
37551
37555
37561
37569
37572
37579
37580
37581
37584
37587
37591
37593
37595
37605
37606
37607
37608
37611
37616
37619
37620
37621
37622
37625
37633
37635
37640
37643
37644
37650
37651
37652
37655
37658
37668
37669
37670
37671
37862
37868
37870
37878
37888
37889
37894
37895
37896
37897
37900
37903
37904
37910
37913
37916
37917
37918
38039
38058
38065
38088
38092
38093
38102
38105
38106
38109
38116
38126
38127
38128
38132
38135
38139
38140
38154
38155
38156
38157
38158
38160
38161
38163
38164
38177
38179
38180
38181
38183
38184
38185
38189
38192
38196
38197
38198
38201
38202
38210
38211
38214
38215
38223
38224
38225
38226
38227
38228
38229
38230
38248
38254
38257
38258
38293
38296
38302
38307
38313
38320
38324
38334
38335
38336
38339
38343
38344
38348
38349
38355
38356
38357
38360
38366
38367
38369
38380
38381
38382
38386
38389
38391
38396
38397
38399
38402
38404
38405
38408
38410
38412
38413
38414
38416
38417
38418
38419
38420
38421
38422
38423
38424
38425
38426
38427
38428
38442
38444
38446
38448
38450
38453
38455
38456
38459
38460
38461
38462
38463
38464
38465
38466
38467
38468
38469
38470
38471
38473
38474
38475
38476
38477
38478
38479
38486
38487
38488
38491
38496
38497
38502
38503
38510
38511
38515
38523
38524
38525
38532
38536
38537
38538
38544
38545
38546
38547
38554
38558
38572
38573
38574
38581
38584
38587
38590
38595
38596
38597
38598
38599
38600
38601
38602
38603
38604
38606
38607
38609
38610
38612
38613
38615
38616
38618
38619
38621
38622
38623
38624
38625
38626
38627
38628
38629
38630
38631
38632
38633
38637
38638
38639
38640
38641
38644
38675
38685
38687
38689
38714
38726
38727
38728
38730
38737
38740
38743
38744
38745
38746
38747
38748
38749
38750
38751
38752
38756
38757
38759
38761
38764
38766
38772
38774
38775
38776
38777
38951
38971
38972
38973
38976
38983
38984
38985
38986
38987
38988
38989
38990
38991
38994
38995
38997
38999
39001
39007
39008
39009
39010
39083
39084
39090
39095
39098
39100
39101
39103
39107
39108
39120
39124
39125
39126
39127
39135
39145
39149
39152
39153
39154
39157
39158
39161
39162
39167
39169
39170
39171
39172
39173
39174
39176
39178
39180
39183
39184
39195
39196
39198
39199
39203
39204
39205
39206
39207
39208
39209
39210
39211
39212
39213
39214
39215
39216
39233
39243
39244
39245
39246
39292
39296
39301
39303
39304
39305
39306
39309
39311
39312
39313
39318
39320
39321
39322
39323
39324
39327
39329
39330
39331
39342
39348
39355
39356
39364
39384
39385
39394
39396
39397
39400
39407
39412
39413
39415
39423
39424
39520
39521
39557
39558
39559
39560
39562
39563
39564
39565
39566
39568
39590
39591
39599
39600
39601
39602
39605
39606
39607
39609
39611
39612
39613
39618
39626
39627
39637
39638
39646
39647
39648
39653
39664
39665
39674
39676
39677
39705
39706
39736
39737
39760
39761
39784
39785
39792
39793
39826
39827
39833
39841
39842
39872
39873
39878
39879
39883
39884
39889
39890
39913
39914
39915
39916
39917
39919
39923
39924
39936
39948
39949
39954
39956
39957
39983
39986
39987
39988
39991
40000
40001
40002
40005
40006
40007
40008
40020
40031
40032
40033
40034
40035
40036
40047
40052
40056
40059
40062
40075
40076
40077
40078
40080
40082
40083
40084
40086
40087
40088
40093
40097
40106
40107
40120
40121
40122
40136
40137
40138
40141
40148
40153
40154
40155
40156
40157
40158
40159
40160
40161
40162
40163
40164
40167
40168
40170
40172
40173
40176
40179
40180
40183
40184
40187
40195
40197
40205
40206
40227
40229
40233
40234
40235
40269
40316
40317
40318
40323
40327
40328
40335
40362
40363
40395
40396
40400
40402
40407
40410
40413
40414
40415
40416
40421
40422
40425
40429
40430
40431
40433
40434
40435
40436
40438
40439
40445
40457
40470
40471
40472
40477
40482
40487
40488
40489
40490
40493
40503
40505
40507
40508
40520
40521
40522
40523
40529
40530
40531
40532
40536
40542
40546
40547
40548
40551
40554
40563
40564
40565
40576
40577
40581
40608
40609
40610
40636
40646
40647
40649
40650
40661
40662
40666
40667
40705
40709
40711
40712
40714
40718
40732
40733
40734
40735
40789
40796
40802
40811
40812
40813
40819
40820
40821
40822
40823
40829
40838
40839
40840
40843
40845
40846
40847
40854
40860
40861
40862
40883
40884
40953
40954
40968
40969
40976
40979
40983
40984
40985
40986
40987
40989
40991
40998
41006
41013
41016
41017
41018
41019
41020
41021
41022
41023
41024
41026
41027
41032
41034
41040
41042
41046
41048
41049
41051
41052
41054
41055
41056
41057
41063
41095
41143
41163
41164
41183
41185
41187
41205
41208
41209
41210
41215
41216
41220
41221
41232
41233
41234
41239
41240
41261
41313
41314
41385
41386
41387
41388
41409
41431
41436
41473
41487
41551
41552
41553
41572
41577
41632
41633
41634
41635
41638
41639
41642
41650
41685
41697
41698
41702
41707
41780
41785
41859
41860
41862
41885
41886
41892
41939
41940
42054
42222
42256
42257
42258
42461
42490
42661
42662
42691
42870
42871
42872
42873
43076
43077
43078
43081
43085
43089
43090
43125
43126
43127
43129
43130
43183
43211
43272
43275
43277
43374
43438
43459
43461
43464
43468
43472
43473
43649
43658
43659
43674
43879
43925
43952
44090
44091
44092
44096
44097
44098
44099
44143
44145
44169
44170
44173
44319
44321
44521
44533
44541
44555
44571
44591
44605
44606
44607
44619
44633
44646
44663
44680
44703
44732
44761
44783
44786
44800
44810
44812
44813
44827
44829
44831
44833
44843
44850
44857
44866
44873
44886
44894
44912
44914
44916
44918
44919
44920
45034
45099
45135
45177
45190
45191
45197
45209
45210
45212
45213
45233
45234
45257
45258
45281
45282
45289
45290
45339
45340
45342
45343
45344
45345
45347
45350
45360
45361
45375
45376
45379
45380
45386
45387
45393
45394
45399
45414
45415
45418
45426
45434
45435
45440
45441
45442
45443
45445
45449
45451
45452
45462
45463
45470
45474
45475
45482
45483
45515
45516
45547
45548
45604
45605
45606
45615
45616
45617
45724
45725
45729
45735
45736
45737
45738
45739
45740
45741
45770
45771
45775
45778
45780
45782
45785
45788
45791
45792
45800
45802
45804
45812
45819
45820
45821
45822
45824
45841
45842
45843
45844
45847
45848
45849
45850
45853
45854
45855
45856
45859
45860
45861
45862
45881
45887
45888
45889
45890
45893
45894
45895
45896
45913
45915
45928
45930
45935
45936
45937
45943
45948
45951
45954
45957
45961
45963
45966
45967
45968
45971
45992
46013
46015
46018
46027
46030
46037
46038
46041
46042
46049
46051
46054
46067
46069
46071
46072
46073
46076
46079
46083
46084
46085
46091
46092
46096
46098
46101
46103
46105
46106
46108
46124
46140
46141
46186
46195
46197
46201
46202
46207
46222
46230
46231
46249
46250
46251
46252
46364
46365
46366
46367
46370
46371
46372
46373
46375
46376
46377
46378
46379
46392
46451
46456
46457
46461
46470
46472
46473
46476
46478
46479
46482
46484
46486
46490
46491
46492
46494
46496
46497
46500
46502
46511
46512
46513
46549
46587
46588
46589
46596
46601
46605
46606
46610
46611
46612
46613
46619
46656
46801
46803
46806
46808
46810
46812
46813
46817
46928
46930
46932
46935
47088
47089
47137
47142
47143
47144
47145
47149
47150
47151
47152
47153
47195
47201
47207
47220
47222
47224
47225
47229
47253
47255
47272
47283
47286
47288
47292
47402
47538
47539
47540
47541
47591
47601
47602
47603
47606
47607
47608
47609
47612
47613
47614
47615
47618
47619
47620
47621
47624
47625
47626
47627
47630
47643
47644
47647
47650
47651
47653
47654
47693
47695
47697
47698
47713
47722
47723
47724
47725
47726
47730
47731
47732
47734
47735
47736
47739
47746
47757
47773
47779
47790
47793
47930
47940
47943
47945
47969
47974
48028
48096
48134
48384
48388
48389
48390
48391
48392
48401
48403
48404
48405
48406
48407
48408
48416
48417
48440
48443
48444
48446
48448
48453
48458
48465
48466
48470
48471
48472
48473
48478
48480
48482
48484
48486
48488
48490
48491
48504
48505
48508
48510
48514
48516
48517
48523
48526
48528
48535
48540
48543
48546
48547
48550
48552
48554
48567
48572
48574
48582
48583
48584
48585
48586
48587
48588
48610
48612
48614
48628
48630
48632
48633
48635
48639
48641
48644
48645
48647
48649
48652
48654
48656
48659
48660
48661
48662
48669
48670
48674
48675
48677
48678
48679
48686
48696
48699
48903
48904
48919
48957
48958
48960
48966
48967
48968
48969
49006
49008
49012
49014
49016
49100
49122
49124
49125
49126
49149
49159
49167
49168
49169
49170
49172
49173
49183
49188
49190
49224
49226
49297
49298
49305
49306
49327
49332
49333
49334
49335
49338
49341
49349
49353
49358
49360
49362
49365
49369
49372
49373
49390
49391
49393
49395
49398
49399
49410
49412
49428
49429
49431
49443
49445
49450
49461
49464
49467
49474
49475
49476
49477
49480
49481
49482
49483
49486
49487
49488
49489
49516
49517
49518
49519
49522
49523
49524
49525
49528
49529
49530
49531
49534
49535
49536
49537
49538
49540
49542
49545
49546
49547
49548
49555
49561
49562
49564
49565
49566
49569
49572
49583
49586
49587
49595
49596
49600
49605
49606
49609
49610
49613
49622
49625
49628
49629
49631
49634
49635
49637
49655
49659
49663
49664
49674
49675
49678
49679
49682
49683
49684
49685
49686
49691
49694
49696
49698
49702
49703
49713
49720
49721
49722
49723
49724
49741
49744
49752
49759
49760
49766
49768
49774
49775
49777
49778
49801
49811
49812
49813
49814
49815
49817
49824
49830
49831
49832
49833
49838
49841
49844
49862
49871
49873
49874
49875
49877
49891
49892
49893
49894
49898
49899
49903
49910
49911
49913
49914
49932
49933
49940
49941
49946
49953
49955
49957
49958
49960
49962
49964
49973
49974
49977
49981
49986
49987
49989
49991
49992
49993
49999
50001
50013
50014
50015
50016
50017
50018
50025
50030
50032
50036
50038
50040
50042
50045
50046
50047
50048
50051
50054
50064
50067
50072
50073
50078
50082
50083
50084
50085
50086
50091
50094
50116
50139
50148
50171
50176
50177
50179
50181
50192
50197
50205
50223
50230
50231
50232
50233
50235
50241
50248
50250
50252
50255
50256
50274
50279
50281
50293
50303
50304
50305
50306
50312
50313
50314
50315
50327
50356
50357
50358
50359
50365
50369
50373
50374
50376
50379
50380
50384
50385
50391
50393
50405
50408
50410
50416
50418
50419
50454
50458
50459
50460
50461
50464
50466
50468
50470
50477
50479
50481
50482
50484
50488
50491
50508
50510
50512
50516
50517
50523
50529
50531
50532
50533
50540
50542
50548
50549
50552
50555
50557
50565
50566
50567
50569
50595
50596
50597
50600
50603
50608
50615
50636
50638
50639
50641
50647
50652
50653
50657
50658
50682
50683
50684
50686
50687
50690
50691
50692
50693
50694
50695
50696
50697
50698
50699
50700
50710
50717
50719
50722
50723
50725
50730
50732
50734
50740
50743
50745
50747
50748
50750
50751
50753
50755
50757
50759
50761
50762
50764
50766
50773
50776
50783
50790
50791
50793
50801
50802
50803
50807
50816
50820
50830
50840
50842
50844
50854
50855
50856
50857
50863
50864
50865
50866
50870
50872
50887
50888
50889
50890
50897
50898
50899
50900
50901
50915
50916
50917
50918
50927
50928
50929
50930
50934
50935
50936
50937
50940
50941
50942
50943
50945
50946
50947
50953
50954
50955
50956
50957
50962
50968
50975
50987
50992
51007
51028
51029
51031
51035
51062
51066
51072
51076
51081
51082
51083
51084
51088
51090
51097
51102
51105
51108
51109
51113
51121
51128
51130
51134
51135
51137
51139
51141
51143
51145
51147
51151
51155
51157
51158
51161
51162
51166
51167
51168
51169
51172
51183
51185
51188
51189
51191
51193
51194
51197
51198
51200
51201
51203
51204
51206
51208
51209
51210
51211
51214
51217
51222
51230
51231
51233
51236
51242
51244
51246
51250
51252
51253
51259
51260
51261
51262
51270
51272
51279
51281
51285
51291
51297
51304
51305
51307
51325
51326
51327
51328
51334
51336
51338
51342
51343
51344
51348
51349
51350
51351
51360
51367
51368
51371
51373
51379
51380
51381
51382
51386
51387
51388
51389
51392
51393
51394
51395
51398
51399
51402
51403
51406
51407
51409
51410
51420
51421
51423
51424
51427
51429
51430
51437
51440
51441
51449
51450
51451
51452
51464
51465
51468
51469
51475
51476
51482
51483
51485
51486
51492
51496
51498
51500
51501
51507
51513
51538
51540
51546
51548
51554
51556
51558
51559
51564
51566
51567
51568
51571
51576
51577
51579
51580
51583
51584
51585
51587
51590
51599
51603
51604
51605
51607
51618
51631
51647
51651
51652
51657
51661
51662
51666
51668
51671
51673
51674
51676
51680
51685
51687
51695
51696
51727
51728
51729
51730
51731
51735
51740
51743
51744
51745
51746
51750
51751
51752
51759
51760
51761
51773
51775
51776
51781
51783
51786
51787
51788
51796
51798
51802
51803
51808
51809
51812
51814
51816
51818
51821
51825
51827
51830
51834
51838
51839
51843
51850
51852
51855
51857
51858
51859
51861
51863
51867
51868
51869
51870
51871
51875
51879
51880
51884
51885
51894
51898
51902
51907
51908
51913
51926
51927
51945
51946
51958
51963
51982
51983
51984
51985
51988
51989
51990
51992
51999
52001
52003
52004
52013
52014
52015
52016
52017
52020
52025
52027
52029
52030
52037
52045
52046
52047
52048
52057
52058
52059
52060
52062
52068
52080
52085
52087
52089
52090
52091
52093
52096
52099
52100
52101
52109
52110
52111
52112
52115
52116
52118
52119
52122
52123
52124
52125
52130
52140
52147
52176
52177
52178
52179
52183
52189
52202
52205
52218
52224
52236
52237
52238
52243
52253
52263
52266
52281
52282
52283
52284
52285
52288
52290
52309
52310
52311
52312
52316
52317
52318
52319
52320
52322
52324
52327
52337
52350
52354
52355
52357
52359
52368
52374
52407
52409
52411
52412
52419
52421
52423
52431
52435
52436
52437
52438
52456
52457
52458
52460
52461
52462
52469
52470
52471
52475
52477
52479
52492
52493
52497
52498
52500
52504
52506
52508
52519
52521
52523
52526
52530
52540
52543
52546
52550
52552
52555
52561
52562
52564
52569
52571
52573
52578
52591
52592
52604
52605
52606
52607
52620
52627
52628
52629
52630
52634
52636
52640
52641
52646
52658
52666
52671
52673
52676
52691
52693
52695
52699
52703
52713
52715
52717
52721
52728
52729
52730
52731
52741
52749
52751
52758
52760
52764
52769
52788
52790
52792
52796
52797
52802
52805
52811
52812
52813
52814
52818
52827
52830
52833
52838
52839
52840
52842
52844
52845
52849
52850
52851
52852
52854
52857
52858
52860
52861
52862
52866
52867
52869
52876
52887
52925
52934
52938
52945
52952
52961
52963
52970
52976
52993
52995
52998
52999
53001
53002
53003
53006
53007
53011
53013
53015
53023
53024
53025
53028
53030
53031
53032
53033
53034
53035
53036
53037
53038
53039
53062
53067
53068
53069
53070
53071
53138
53139
53144
53145
53148
53158
53178
53179
53180
53181
53184
53185
53186
53187
53203
53211
53218
53230
53232
53234
53235
53237
53239
53243
53244
53249
53250
53251
53252
53256
53262
53263
53264
53265
53268
53270
53272
53274
53275
53283
53285
53286
53290
53300
53307
53318
53322
53324
53326
53331
53333
53341
53342
53343
53344
53346
53348
53352
53362
53366
53368
53379
53380
53381
53382
53385
53387
53400
53407
53409
53411
53413
53414
53420
53424
53430
53446
53467
53468
53469
53470
53477
53479
53481
53483
53497
53508
53509
53512
53513
53516
53517
53519
53520
53529
53532
53538
53539
53540
53541
53547
53549
53550
53558
53560
53563
53564
53567
53573
53578
53585
53591
53593
53597
53604
53605
53607
53609
53610
53615
53616
53617
53624
53633
53635
53639
53640
53647
53649
53652
53657
53658
53659
53660
53661
53666
53670
53685
53699
53705
53708
53709
53710
53711
53717
53719
53721
53729
53746
53747
53748
53749
53753
53764
53773
53774
53775
53776
53791
53792
53793
53794
53799
53801
53804
53807
53811
53815
53822
53841
53843
53845
53846
53852
53857
53865
53866
53868
53869
53870
53885
53887
53889
53890
53902
53903
53904
53905
53912
53919
53920
53922
53923
53935
53948
53952
53959
53960
53961
53962
53965
53966
53968
53969
53971
53972
53973
53974
53977
53978
53979
53982
53983
53984
53985
53986
53989
53990
53991
53992
53995
53996
53997
53998
54011
54013
54015
54028
54029
54030
54031
54032
54035
54048
54049
54050
54051
54054
54056
54065
54071
54093
54094
54103
54105
54109
54116
54130
54137
54138
54147
54151
54152
54153
54162
54163
54164
54165
54167
54177
54185
54190
54192
54193
54195
54200
54201
54206
54208
54213
54219
54220
54221
54222
54223
54227
54233
54239
54241
54243
54245
54249
54250
54257
54261
54263
54275
54278
54279
54281
54286
54289
54294
54296
54314
54316
54318
54319
54327
54333
54334
54340
54348
54351
54354
54359
54360
54365
54369
54370
54373
54374
54377
54379
54381
54385
54388
54392
54393
54395
54401
54407
54413
54415
54421
54422
54423
54424
54425
54432
54433
54435
54436
54437
54439
54442
54444
54450
54452
54455
54459
54461
54462
54464
54467
54468
54470
54472
54479
54487
54488
54491
54495
54496
54497
54498
54500
54516
54526
54535
54537
54546
54548
54549
54550
54557
54559
54563
54580
54582
54584
54588
54590
54592
54593
54595
54599
54600
54602
54605
54607
54619
54620
54636
54638
54640
54642
54643
54644
54651
54652
54653
54658
54673
54687
54692
54694
54699
54700
54702
54705
54707
54713
54717
54728
54729
54730
54731
54732
54737
54740
54742
54744
54753
54754
54760
54761
54762
54763
54764
54769
54770
54771
54772
54778
54780
54782
54785
54787
54793
54794
54795
54796
54800
54801
54802
54803
54805
54807
54810
54827
54828
54829
54830
54831
54849
54853
54865
54867
54870
54874
54884
54887
54890
54900
54904
54940
54958
54960
54962
54970
54995
54997
55000
55005
55006
55011
55012
55015
55017
55019
55024
55027
55031
55033
55034
55036
55038
55044
55045
55046
55051
55052
55054
55056
55062
55098
55140
55150
55161
55170
55172
55174
55178
55188
55204
55205
55206
55234
55235
55236
55237
55238
55241
55269
55270
55273
55274
55277
55278
55282
55299
55308
55309
55310
55311
55326
55327
55328
55329
55339
55340
55341
55342
55355
55366
55368
55381
55382
55384
55386
55389
55390
55395
55397
55405
55407
55409
55415
55416
55424
55426
55428
55430
55433
55434
55436
55438
55442
55452
55458
55474
55476
55479
55480
55482
55502
55503
55504
55506
55510
55511
55512
55513
55538
55539
55540
55545
55556
55564
55565
55566
55567
55572
55740
55741
55742
55743
55747
55857
56172
56220
56421
56422
56424
56451
56471
56475
56477
56481
56484
56487
56528
56533
56548
56549
56553
56554
56865
56887
56920
56939
56963
56964
56966
56968
56984
57668
57670
57671
57728
57734
58139
58172
58188
58501
58502
58503
58504
58521
58784
58785
58787
58943
58950
58951
58952
58953
59034
59037
59063
59110
59111
59338
59387
59389
59417
59418
59419
59420
59437
59441
59460
59463
59569
59607
59797
59875
59876
59877
59878
59997
60001
60354
60888
60898
60947
60948
60949
60950
60964
61049
61360
61560
61772
61773
61774
61775
62465
62466
62467
62468
62667
62716
63061
63065
63066
63070
63072
63074
63077
63421
63719
63722
63982
63984
63986
64183
64661
64663
64665
64668
64673
64676
64679
64680
64681
64682
64732
64736
64738
64747
64748
64749
64750
64771
64772
64774
64777
64778
64781
64786
64791
64794
64805
64807
64809
64812
64813
64816
64833
64844
64845
64847
64849
64850
64867
64868
64871
64872
64877
64878
64879
64880
64881
64920
64921
64923
64927
64936
64938
64939
64942
64943
64953
64954
64955
64956
64968
64970
64972
64973
64974
64975
64976
64990
65020
65021
65022
65023
65025
65027
65031
65032
65033
65034
65035
65040
65053
65054
65056
65074
65079
65097
65098
65099
65100
65107
65108
65109
65110
65114
65116
65119
65121
65123
65128
65130
65141
65148
65154
65160
65168
65171
65177
65178
65181
65182
65187
65189
65192
65194
65196
65198
65201
65202
65204
65206
65207
65208
65209
65211
65213
65218
65225
65227
65232
65254
65255
65256
65257
65268
65269
65271
65273
65275
65277
65283
65301
65318
65330
65333
65334
65335
65336
65350
65351
65352
65353
65355
65365
65366
65371
65372
65388
65399
65411
65414
65416
65418
65422
65426
65445
65447
65451
65453
65456
65460
65464
65466
65468
65478
65479
65480
65481
65482
65492
65493
65494
65495
65511
65512
65513
65514
65536
65537
65538
65539
65551
65575
65601
65603
65614
65615
65616
65617
65637
65639
65641
65644
65645
65650
65652
65655
65659
65661
65668
65674
65689
65693
65696
65704
65705
65707
65709
65715
65716
65717
65718
65720
65731
65733
65735
65736
65737
65738
65739
65740
65750
65752
65753
65757
65759
65760
65780
65783
65794
65795
65797
65798
65811
65818
65819
65820
65821
65830
65855
65861
65862
65863
65864
65867
65874
65875
65876
65877
65879
65907
65908
65910
65911
65921
65922
65923
65924
65931
65933
65940
65941
65942
65943
65946
65947
65949
65956
65962
65968
65979
65984
65988
65991
65995
65997
66001
66002
66003
66004
66006
66017
66018
66020
66022
66027
66029
66031
66034
66035
66037
66041
66048
66050
66052
66053
66063
66079
66089
66091
66093
66096
66097
66101
66105
66119
66122
66146
66148
66150
66152
66155
66157
66159
66162
66175
66176
66178
66179
66200
66201
66202
66203
66228
66236
66237
66238
66239
66248
66249
66250
66251
66267
66275
66277
66298
66299
66300
66301
66304
66305
66306
66307
66309
66311
66313
66314
66318
66323
66338
66341
66343
66345
66347
66353
66355
66358
66362
66368
66370
66372
66373
66374
66376
66377
66381
66383
66392
66394
66396
66398
66400
66403
66404
66406
66410
66429
66441
66449
66450
66451
66452
66463
66464
66465
66466
66476
66485
66486
66487
66488
66490
66491
66499
66514
66515
66516
66517
66520
66524
66526
66535
66541
66556
66568
66575
66589
66590
66591
66592
66597
66598
66602
66603
66606
66608
66611
66615
66618
66619
66635
66637
66638
66641
66647
66649
66658
66662
66671
66672
66673
66675
66682
66686
66696
66697
66698
66699
66702
66719
66729
66731
66735
66736
66737
66738
66739
66742
66751
66752
66763
66765
66767
66782
66783
66784
66785
66792
66796
66798
66808
66837
66845
66868
66870
66879
66880
66881
66882
66883
66886
66887
66888
66889
66890
66895
66897
66898
66906
66917
66918
66919
66920
66921
66951
66970
66976
66987
67003
67010
67011
67012
67013
67016
67025
67030
67037
67039
67041
67044
67045
67047
67051
67054
67055
67056
67057
67058
67059
67072
67073
67074
67075
67082
67084
67100
67101
67102
67103
67107
67116
67129
67136
67138
67141
67144
67145
67149
67160
67161
67162
67167
67176
67178
67180
67185
67186
67193
67230
67257
67258
67269
67273
67275
67277
67278
67281
67282
67284
67295
67296
67309
67322
67324
67364
67372
67392
67410
67414
67439
67456
67457
67458
67459
67460
67473
67481
67484
67513
67527
67563
67567
67589
67621
67623
67661
67666
67671
67687
67694
67750
67752
67755
67768
67769
67770
67771
67776
67783
67803
67805
67807
67809
67810
67811
67814
67845
67868
67869
67882
67893
67979
67980
68002
68010
68024
68030
68034
68045
68074
68082
68102
68122
68140
68190
68205
68281
68344
68347
68348
68352
68359
68360
68361
68364
68370
68372
68377
68379
68382
68383
68386
68389
68393
68394
68396
68427
68497
68515
68523
68524
68525
68531
68663
68711
68728
68729
68746
68752
68753
68754
68762
68763
68777
68789
68790
68797
68799
68800
68802
68804
68807
68817
68836
68843
68850
68880
68885
68903
68914
68929
68930
68931
68932
68933
68934
68935
68936
68937
68940
68959
68960
68961
68976
68977
68979
68984
68985
68986
68987
68990
68991
68992
68994
68995
68997
68999
69000
69001
69004
69005
69006
69007
69008
69009
69011
69012
69013
69014
69020
69023
69024
69025
69026
69028
69029
69032
69034
69047
69048
69049
69050
69055
69056
69057
69064
69065
69066
69077
69087
69088
69089
69103
69107
69139
69168
69214
69215
69223
69225
69228
69229
69230
69240
69241
69244
69251
69255
69257
69263
69266
69271
69274
69289
69290
69291
69292
69293
69310
69311
69320
69322
69323
69324
69325
69326
69327
69328
69330
69331
69336
69342
69364
69392
69499
69513
69520
69522
69525
69527
69547
69549
69558
69559
69560
69561
69562
69564
69572
69574
69575
69627
69629
69632
69645
69651
69663
69664
69665
69676
69677
69678
69688
69690
69691
69692
69695
69696
69698
69751
69755
69765
69766
69769
69770
69771
69774
69784
69786
69790
69791
69792
69793
69794
69796
69798
69799
69801
69808
69809
69816
69863
69911
69944
69945
69960
69972
69976
69979
69983
70000
70007
70009
70011
70030
70057
70063
70078
70100
70116
70117
70120
70123
70126
70130
70139
70153
70154
70155
70186
70217
70219
70220
70224
70249
70266
70269
70299
70372
70394
70402
70426
70454
70458
70478
70511
70533
70534
70611
70619
70620
70638
70646
70659
70682
70688
70705
70728
70758
70759
70760
70770
70772
70773
70775
70778
70792
70821
70827
70830
70835
70859
70889
70892
70903
70906
70907
70910
70916
70917
70920
70931
70932
70934
70937
70938
70939
70940
70941
70942
70963
70977
71048
71049
71050
71051
71059
71073
71084
71086
71088
71111
71157
71211
71218
71219
71264
71294
71306
71351
71382
71426
71427
71428
71478
71545
71548
71554
71586
71636
71643
71712
71786
71788
71849
71851
71865
71998
72007
72010
72032
72040
72049
72056
72078
72088
72097
72098
72099
72103
72131
72132
72133
72153
72154
72156
72157
72159
72160
72161
72162
72166
72168
72224
72296
72309
72310
72318
72319
72320
72333
72334
72335
72338
72344
72347
72348
72349
72350
72354
72357
72358
72361
72363
72370
72371
72372
72374
72379
72380
72381
72464
72536
72559
72565
72579
72580
72581
72585
72602
72603
72604
72608
72717
72775
72907
72918
72919
72920
72924
72965
72967
73038
73103
73107
73112
73113
73136
73141
73146
73199
73207
73210
73240
73251
73264
73265
73266
73292
73293
73294
73325
73339
73381
73382
73413
73415
73493
73494
73517
73518
73541
73542
73563
73564
73617
73705
73706
73729
73730
73753
73754
73775
73776
73835
73836
73837
73895
73909
73910
73911
73993
73994
73995
73996
74003
74014
74028
74066
74067
74068
74084
74097
74098
74099
74106
74116
74117
74120
74121
74122
74124
74125
74126
74128
74129
74130
74131
74133
74134
74135
74140
74143
74144
74145
74146
74149
74152
74154
74157
74162
74181
74201
74204
74212
74213
74221
74222
74229
74230
74237
74238
74251
74260
74271
74272
74273
74293
74295
74296
74297
74299
74300
74301
74391
74392
74393
74443
74445
74446
74513
74514
74561
74562
74567
74568
74583
74584
74591
74592
74599
74600
74607
74608
74615
74616
74623
74624
74631
74632
74639
74640
74650
74685
74713
74939
74994
74998
75001
75005
75089
75097
75139
75143
75178
75219
75223
75233
75278
75289
75290
75301
75319
75321
75323
75326
75327
75328
75334
75335
75337
75352
75353
75374
75377
75379
75381
75403
75404
75437
75438
75476
75485
75553
75555
75556
75661
75724
75743
75745
75758
75759
75956
75957
75980
75981
76004
76005
76026
76027
76184
76185
76208
76209
76232
76233
76254
76255
76330
76331
76407
76482
76584
76619
76620
76787
76788
76818
76819
76859
76860
76861
76862
76863
76864
76865
76866
76867
76868
76869
76870
76871
76872
76933
76934
76964
76965
76977
76981
76991
77060
77061
77068
77069
77101
77104
77108
77109
77110
77131
77150
77170
77171
77172
77173
77187
77190
77192
77197
77198
77203
77204
77205
77213
77214
77215
77216
77241
77466
77468
77471
77472
77473
77482
77483
77495
77552
77554
77556
77557
77562
77682
77971
77972
77973
77974
78023
78079
78091
78092
78120
78178
78182
78185
78186
78343
78373
78374
78375
78409
78412
78420
78421
78422
78425
78426
78427
78428
78429
78430
78433
78434
78435
78437
78439
78442
78443
78445
78446
78448
78449
78451
78452
78457
78458
78459
78583
78584
78587
78588
78589
78590
78595
78597
78604
78610
78614
78621
78622
78623
78656
78666
78668
78669
78670
78671
78672
78678
78681
78684
78685
78693
78702
78716
78717
78729
78739
78741
78789
78791
78801
78802
78803
78804
78811
78828
78831
78832
78845
78847
78849
78851
78853
78855
78906
78966
78967
78988
78989
79019
79021
79028
79030
79031
79032
79033
79034
79035
79036
79037
79038
79039
79046
79052
79058
79070
79079
79220
79337
79338
79339
79340
79353
79360
79361
79368
79397
79427
79703
79798
79799
79973
80251
80252
80455
81154
81525
82412
82542
83333
83482
86706
90851
91096
93101
95458
96031
96180
96394
96400
97200
98103
98302
98318
98502
98713
109084
109638
109640
109692
115318
115866
115867
115953
117014
117015
117494
117501
117502
117817
117992
117993
118660
120362
121519
121876
121918
122782
127643
127838
128321
128636
128772
128795
129834
130643
131209
134104
134144
134160
134164
136864
140589
140590
140624
140625
140663
140664
140706
140707
140765
140909
147224
147781
159430
159460
160197
160198
160243
161823
161829
162946
162947
162948
162949
162950
162951
162952
162953
162954
162955
162956
162957
162958
162959
162966
162967
162968
162979
163227
163228
163232
163233
163256
163257
163258
163259
163290
163292
163380
163391
163392
163393
163397
163398
163399
163400
163401
163418
163426
163427
163428
163432
163439
163440
163441
163443
163444
163445
163446
163452
163454
163489
163490
163495
163496
163497
163498
163502
163503
163512
163513
163514
163524
163526
163527
163533
163535
163537
163545
163566
163567
163573
163578
163579
163586
163587
163588
163589
163590
163591
163592
163593
163594
163595
163597
163598
163602
163603
163606
163607
163609
163611
163612
163615
163618
163620
163621
163623
163624
163625
163626
163627
163629
163661
163662
163663
163664
163666
163674
163677
163678
163687
163692
163698
163699
163700
163727
163729
163780
163781
163782
163783
163784
163786
163789
163798
163799
163800
163806
163807
163808
163809
163810
163811
163812
163813
163815
163816
163822
163825
163898
163983
163987
163996
163997
163998
164002
164005
164034
164035
164036
164037
164039
164059
164106
164115
164116
164117
164123
164124
164125
164126
164127
164130
164131
164136
164141
164142
164148
164149
164167
164171
164172
164173
164174
164201
164202
164213
164220
164221
164222
164231
164247
164267
164268
164269
164271
164275
164282
164285
164286
164295
164297
164298
164300
164302
164328
164330
164342
164344
164345
164348
164373
164446
164447
164448
164449
164462
164463
164476
164477
164478
164481
164490
164491
164500
164501
164502
164503
164506
164523
164527
164642
164643
164651
165126
165135
165136
165146
165147
165152
165154
165155
165158
165159
165161
165163
165166
165168
165169
165170
165171
165172
165173
165174
165176
165177
165178
165179
165180
165185
165186
165189
165192
165193
165209
165210
165221
165222
165230
165231
165232
165233
165234
165235
165236
165238
165239
165240
165241
165242
165243
165244
165245
165246
165247
165248
165249
165433
165434
165436
165437
165440
165441
165515
165525
165535
165536
165538
165539
165577
165583
165584
165585
165588
165622
165623
165624
165627
165631
165632
165666
165667
165670
165684
165687
165695
165696
165698
165699
165702
165704
165705
165706
165708
165710
165711
165712
165714
165720
165729
165732
165735
165736
165737
165738
165739
165740
165741
165750
165759
165760
165761
165765
165770
165771
165775
165790
165791
165792
165794
165796
165797
165802
165803
165804
165814
165815
165818
165838
165839
165842
165843
165854
165858
165861
165869
165870
165873
165878
165884
165886
165887
165888
165896
165902
165903
165906
165926
165934
165961
165962
165963
165966
165970
165972
165974
165977
165980
165982
165983
165984
165985
165997
165998
166154
166155
166156
166157
166204
166207
166287
166288
166289
166291
166294
166298
166299
166303
166307
166308
166309
166312
166394
166396
166422
166425
166426
166427
166428
166568
166722
166723
166746
166747
166770
166771
166792
166793
166830
166831
166845
166897
166914
166915
166926
166927
167017
167018
167032
167039
167046
167047
167048
167050
167051
167055
167062
167063
167064
167068
167069
167084
167085
167107
167108
167113
167123
167132
167137
167159
167165
167166
167167
167171
167174
167210
167223
167224
167225
167232
167236
167239
167242
167245
167248
167262
167263
167265
167268
167269
167270
167271
167272
167275
167277
167278
167279
167281
167283
167284
167285
167286
167287
167289
167291
167292
167293
167294
167296
167297
167298
167304
167305
167306
167314
167323
167324
167325
167327
167328
167329
167330
167331
167332
167336
167337
167343
167344
167345
167348
167363
167368
167375
167376
167377
167378
167385
167400
167401
167408
167409
167429
167430
167431
167434
167446
167447
167450
167457
167460
167471
167491
167492
167493
167496
167500
167502
167528
167529
167530
167532
167542
167547
167552
167577
167580
167590
167591
167592
167599
167600
167601
167602
167605
167736
167745
167746
167747
167750
167757
167758
167759
167760
167761
167775
167776
167790
167791
167806
167807
167818
167826
167903
167904
167920
167921
167944
167945
167968
167969
167990
167991
168053
168062
168063
168064
168068
168073
168075
168076
168099
168104
168132
168133
168134
168135
168146
168148
168150
168152
168154
168221
168233
168236
168238
168245
168248
168249
168251
168255
168280
168289
168290
168291
168292
168296
168298
168302
168304
168305
168324
168325
168326
168328
168331
168332
168439
168440
168518
168519
168523
168524
168532
168533
168547
168548
168563
168564
168615
168616
168650
168651
168665
168666
168677
168678
168679
168680
168681
168682
168683
168684
168687
168688
168702
168703
168707
168708
168890
168891
168941
168942
168951
168952
168955
168961
168962
168966
168968
168974
168975
168981
168982
168983
168984
168985
168991
169009
169010
169445
169446
169447
169448
169449
169592
169689
169690
169691
169692
169728
169734
169739
169742
169743
169744
169754
169755
169756
169757
169759
169879
169880
169889
169890
169895
169914
169915
169925
169929
169948
169949
169960
169962
169971
169973
169975
169977
169994
169995
170006
170009
170024
170026
170029
170030
170031
170032
170036
170043
170052
170053
170055
170056
170058
170060
170070
170081
170082
170088
170089
170096
170110
170113
170115
170118
170128
170129
170147
170162
170169
170190
170205
170206
170207
170208
170210
170226
170229
170266
170267
170268
170269
170284
170288
170289
170292
170322
170323
170324
170325
170331
170332
170333
170334
170354
170357
170358
170359
170362
170364
170366
170368
170383
170406
170473
170475
170478
170480
170542
170543
170544
170546
170548
170554
170555
170567
170573
170574
170575
170576
170577
170596
171085
171090
172057
172090
172091
172092
172093
172094
172162
172316
172447
172448
172496
172497
172614
172615
172617
172629
172631
172634
172640
172641
172642
172643
172647
172664
172665
172666
172669
172677
172680
172690
172691
172692
172693
172706
172708
172725
172726
172727
172728
172739
172744
172748
172749
172753
172778
172791
172792
172793
172794
172798
172799
172800
172801
172804
172805
172812
172813
172816
172835
172836
172839
172844
172845
172849
172850
172852
172858
172860
172863
172865
172868
172873
172875
172879
172880
172881
172886
172891
172920
172926
172928
172931
172932
172937
172943
172946
172949
172950
172958
172964
172965
172969
172973
172975
172980
173072
173090
173091
173092
173093
173096
173097
173098
173099
173116
173119
173121
173123
173125
173126
173128
173130
173132
173135
173136
173137
173138
173139
173159
173163
173165
173166
173168
173173
173178
173229
173240
173255
173262
173264
173266
173269
173270
173282
173316
173317
173320
173321
173327
173329
173336
173374
173375
173376
173377
173397
173398
173399
173400
173405
173419
173421
173423
173430
173431
173438
173440
173450
173454
173458
173459
173460
173461
173466
173473
173474
173483
173486
173488
173496
173498
173518
173521
173532
173577
173578
173585
173586
173602
173604
173607
173609
173621
173656
173720
173721
173733
173742
173749
173750
173752
173755
173767
173768
173773
173775
173780
173781
173782
173783
173812
173961
174010
174011
174018
174020
174025
174041
174045
174047
174049
174051
174100
174110
174113
174116
174119
174122
174125
174149
174151
174155
174157
174161
174163
174166
174168
174171
174173
174176
174178
174182
174186
174187
174198
174204
174209
174210
174211
174212
174213
174222
174227
174229
174231
174232
174236
174364
174366
174369
174371
174374
174376
174379
174381
174382
174383
174384
174385
174386
174387
174388
174410
174415
174423
174424
174425
174426
174429
174430
174431
174432
174433
174435
174438
174439
174444
174449
174450
174451
174452
174454
174456
174457
174458
174459
174460
174462
174465
174466
174467
174468
174469
174470
174472
174475
174476
174479
174481
174482
174483
174484
174486
174489
174490
174491
174492
174493
174494
174496
174499
174501
174502
174504
174506
174514
174515
174528
174530
174540
174541
174542
174543
174546
174553
174554
174555
174556
174557
174558
174559
174560
174561
174562
174563
174564
174565
174566
174575
174577
174578
174579
174580
174581
174583
174586
174587
174589
174590
174591
174592
174594
174596
174601
174611
174612
174613
174614
174615
174616
174617
174618
174619
174620
174621
174622
174623
174624
174625
174626
174634
174635
174636
174639
174641
174643
174645
174647
174648
174650
174653
174655
174657
174660
174662
174664
174666
174668
174669
174670
174671
174672
174673
174674
174675
174676
174677
174678
174679
174680
174681
174682
174683
174684
174685
174686
174687
174688
174864
174902
174904
174906
175071
175072
175073
175075
175107
175114
175115
175116
175117
175121
175139
175146
175147
175148
175150
175152
175188
175189
175192
175193
175196
175231
175264
175265
175266
175267
175271
175272
175281
175282
175283
175284
175299
175303
175305
175308
175309
175310
175315
175327
175328
175329
175336
175338
175339
175340
175343
175347
175348
175349
175359
175372
175373
175379
175382
175391
175392
175393
175394
175399
175400
175401
175402
175404
175405
175406
175407
175408
175409
175411
175412
175413
175415
175416
175418
175420
175421
175423
175424
175425
175426
175427
175428
175429
175434
175435
175442
175448
175449
175452
175454
175455
175456
175457
175458
175459
175493
175496
175518
175519
175520
175523
175525
175529
175530
175533
175537
175538
175549
175551
175552
175553
175555
175558
175559
175560
175562
175573
175581
175588
175589
175590
175593
175600
175601
175604
175605
175606
175608
175610
175611
175614
175615
175618
175619
175620
175624
175635
175704
175707
175708
175709
175710
175711
175713
175714
175716
175717
175734
175754
175755
175756
175758
175771
175772
175773
175782
175783
175784
175786
175806
175808
175809
175811
175813
175940
175942
175958
175962
175969
175970
175971
175972
175976
175990
175992
175993
175994
176004
176006
176007
176008
176010
176012
176013
176014
176015
176036
176038
176039
176040
176049
176051
176052
176053
176076
176079
176106
176111
176118
176119
176120
176160
176167
176197
176242
176243
176266
176267
176290
176291
176312
176313
176407
176439
176440
176443
176458
176459
176548
176549
176555
176556
176584
176585
176591
176643
176651
176652
176655
176657
176676
176681
176682
176684
176685
176702
176722
176730
176734
176735
176740
176758
176764
176766
176838
176880
176881
176888
176891
176892
176893
176894
176899
176906
176914
176915
176918
176919
176924
176926
176928
176932
176935
176944
176951
176964
176965
176966
176974
176978
176982
176988
176989
176990
176991
176996
176997
177002
177011
177012
177016
177017
177028
177068
177070
177071
177074
177086
177095
177096
177142
177143
177148
177149
177164
177165
177172
177173
177180
177181
177188
177189
177196
177197
177204
177205
177212
177213
177220
177221
177233
177236
177243
177244
177248
177273
177276
177279
177281
177282
177285
177286
177287
177288
177289
177293
177294
177295
177296
177301
177306
177308
177312
177315
177318
177320
177328
177331
177332
177335
177336
177337
177338
177339
177342
177343
177344
177349
177350
177351
177361
177362
177364
177365
177367
177370
177372
177375
177377
177379
177381
177384
177386
177388
177389
177392
177394
177399
177402
177403
177404
177405
177406
177407
177408
177409
177410
177411
177412
177413
177414
177415
177416
177417
177418
177419
177420
177421
177422
177423
177433
177434
177435
177437
177438
177439
177444
177454
177455
177456
177460
177467
177480
177481
177482
177495
177498
177503
177504
177505
177546
177602
177603
177657
177658
177659
177662
182430
182592
182827
183401
183528
183529
184910
186669
186670
186671
186672
186673
186688
186689
186737
186743
186747
186749
186750
186751
186753
186757
186760
186768
186770
186771
186776
186779
186780
186781
186782
186783
186786
186791
186793
186794
186821
186825
186834
186835
186836
186843
186844
186914
186918
186919
186920
186922
186924
186926
186927
186928
186933
186938
186939
186940
186941
186942
186945
186947
186948
186949
186981
186997
187006
187054
187057
187058
187059
187060
187061
187091
187097
187112
187115
187118
187123
187124
187125
187126
187127
187128
187130
187132
187134
187135
187137
187138
187139
187141
187143
187144
187147
187150
187151
187153
187154
187155
187204
187205
187206
187207
187208
187209
187210
187211
187221
187224
187257
187274
187275
187276
187277
187279
187282
187283
187284
187285
187286
187289
187335
187336
187337
187340
187341
187344
187348
187352
187353
187354
187355
187357
187359
187362
187363
187364
187367
187372
187375
187376
187377
187382
187383
187387
187390
187395
187414
187415
187432
187433
187434
187435
187471
187475
187532
187558
187559
187562
187563
187566
187568
187578
187579
187580
187581
187582
187584
187585
187586
187588
187590
187591
187592
187594
187595
187599
187601
187608
187609
187612
187617
187618
187621
187626
187634
187646
187647
187648
187649
187650
187651
187652
187653
187654
187655
187656
187657
187658
187660
187661
187662
187665
187666
187677
187678
187679
187680
187682
187683
187684
187685
187687
187688
187690
187691
187692
187693
187694
187697
187701
187702
187713
187721
187722
187733
187734
187757
187758
187781
187782
187803
187804
187834
187836
187837
187838
187839
187840
187841
187842
187845
187852
187853
187854
187857
187859
187861
187899
187900
187904
187905
187908
187909
187919
187920
187923
187924
187929
187931
187936
187937
187977
187979
187980
187983
187984
188011
188025
188026
188027
188033
188039
188045
188046
188047
188048
188049
188050
188051
188052
188063
188065
188076
188111
188112
188114
188115
188120
188122
188124
188125
188130
188134
188135
188153
188154
188155
188156
188187
188189
188191
188200
188207
188212
188238
188454
188463
188466
188505
188549
188594
188676
188677
188678
188679
188680
188681
188724
188727
188730
188731
188738
188741
188782
188844
188850
188853
188854
188886
188910
188921
188922
188926
188927
188929
189033
189061
189063
189064
189075
189079
189119
189139
189180
189265
189268
189277
189278
189279
189303
189304
189305
189306
189312
189321
189381
189382
189394
189395
189396
189412
189413
189449
189450
189452
189453
189455
189466
189469
189473
189551
189554
189555
189556
189562
189594
189599
189610
189611
189615
189619
189620
189626
189627
189644
189645
189646
189652
189656
189732
189733
189735
189736
189737
189738
189747
189835
189844
189903
189904
189905
189906
189967
190099
190100
190113
190115
190116
190122
190261
190262
190263
190280
190283
190370
190423
190430
190438
190439
190440
190491
190492
190504
190505
190506
190510
190513
190519
190533
190539
190557
190602
190603
190644
190651
190714
190742
190744
190777
190829
190830
190833
190834
190835
190843
190850
190851
190852
190853
190858
190860
190861
190862
190863
190864
190866
190958
190961
190963
190965
190969
190975
190978
190979
190993
190994
190995
190996
191002
191006
191007
191008
191009
191012
191013
191014
191015
191023
191028
191067
191069
191071
191074
191075
191076
191078
191080
191087
191088
191089
191203
191230
191232
191233
191243
191244
191285
191286
191310
191318
191370
191384
191385
191388
191419
191423
191427
191445
191461
191468
191473
191474
191475
191521
191522
191523
191524
191531
191532
191538
191542
191548
191551
191563
191564
191565
191568
191577
191580
191583
191587
191591
191592
191593
191594
191597
191598
191604
191605
191607
191624
191625
191641
191642
191643
191653
191654
191655
191689
191696
191734
191740
191742
191743
191744
191753
191754
191755
191762
191777
191790
191793
191798
191814
191815
191816
191832
191833
191834
191836
191837
191838
191839
191840
191844
191848
191852
191855
191856
191866
191908
192013
192179
192180
192181
192182
192185
192188
192193
192198
192210
192215
192225
192228
192232
192296
192304
192305
192311
192317
192323
192326
192327
192331
192332
192333
192416
192419
192420
192438
192511
192514
192574
192619
192633
192635
192647
192649
192650
192651
192652
192702
192704
192705
192706
192709
192710
192798
192822
192844
192860
192863
192864
192887
192973
192974
192975
193046
193048
193079
193080
193081
193085
193086
193093
193094
193170
193220
193306
193307
193309
193310
193311
193313
193319
193330
193334
193480
193778
193789
193873
193874
193894
194089
194123
194124
194125
194126
194127
194292
194324
194325
194327
194500
194517
194559
194673
194680
194682
194699
194706
194742
194786
194846
194912
195008
195023
195047
195048
195120
195135
195140
195151
195157
195330
195331
195332
195516
195528
195533
195551
195552
195555
195575
195576
195585
195591
195592
195598
195604
195605
195617
195618
195619
195633
195718
195764
195765
195768
195769
195814
195815
195816
195817
195818
195823
195826
195854
195920
195923
195929
195931
195968
195971
195974
195989
195990
195991
195992
195996
195997
195998
195999
196004
196005
196006
196007
196009
196012
196014
196024
196038
196039
196040
196047
196053
196054
196055
196056
196057
196058
196061
196062
196065
196090
196122
196129
196130
196159
196160
196161
196189
196205
196214
196215
196234
196235
196236
196238
196269
196270
196271
196283
196294
196308
196309
196310
196311
196312
196313
196314
196315
196329
196330
196331
196337
196338
196357
196363
196380
196387
196393
196396
196397
196400
196401
196403
196406
196420
196421
196422
196423
196424
196425
196427
196428
196440
196448
196449
196451
196452
196453
196456
196457
196460
196462
196472
196474
196476
196480
196481
196482
196483
196486
196494
196524
196527
196548
196561
196563
196564
196565
196572
196573
196602
196603
196605
196607
196610
196614
196617
196618
196619
196628
196632
196637
196643
196644
196645
196646
196647
196648
196650
196651
196657
196658
196684
196696
196699
196708
196709
196722
196724
196726
196744
196782
196794
196796
196800
196801
196821
196822
196823
196841
196842
196846
196852
196856
196857
196894
196895
196900
196903
196919
196920
196922
196925
196976
196978
196983
196990
196995
196996
197001
197005
197009
197010
197014
197015
197016
197032
197033
197041
197042
197043
197050
197054
197065
197066
197067
197068
197069
197070
197071
197073
197075
197078
197081
197083
197096
197126
197139
197143
197153
197157
197163
197169
197171
197184
197211
197217
197223
197227
197232
197240
197255
197259
197275
197278
197281
197289
197290
197295
197301
197305
197315
197317
197322
197325
197372
197376
197379
197388
197389
197391
197394
197400
197402
197403
197404
197411
197412
197423
197424
197441
197442
197444
197462
197469
197470
197473
197474
197476
197477
197480
197491
197492
197493
197506
197507
197535
197536
197549
197580
197581
197603
197604
197644
197645
197664
197665
197666
197667
197677
197678
197681
197700
197701
197722
197723
197724
197727
197729
197731
197732
197737
197738
197739
197740
197741
197743
197744
197745
197751
197752
197769
197798
197801
197802
197807
197824
197856
197857
197858
197860
197891
197892
197895
197896
197897
197900
197902
197906
197909
197917
197918
197919
197925
197990
197991
198002
198003
198004
198005
198006
198013
198016
198022
198041
198043
198050
198059
198060
198061
198069
198072
198073
198074
198077
198078
198081
198082
198084
198085
198087
198088
198105
198113
198115
198122
198129
198138
198139
198142
198143
198152
198153
198172
198177
198182
198183
198193
198202
198203
198204
198205
198218
198219
198220
198221
198225
198230
198235
198238
198244
198245
198247
198248
198249
198250
198253
198254
198259
198293
198335
198336
198337
198355
198356
198357
198358
198359
198363
198365
198377
198383
198396
198413
198443
198451
198455
198481
198482
198483
198655
198657
198665
198666
198679
198681
198682
198686
198691
198698
198699
198710
198787
198788
198795
198804
198805
198807
198812
198875
198876
198877
198878
198879
198880
198888
198889
198891
198920
198925
198926
198929
198930
198932
198938
198939
198943
198948
198954
198955
198976
198977
198978
198979
198980
198981
198982
198983
199026
199278
199281
199289
199290
199297
199298
199299
199307
199308
199309
199310
199325
199326
199327
199328
199330
199331
199332
199333
199334
199338
199339
199340
199342
199344
199345
199346
199348
199350
199351
199352
199354
199356
199363
199364
199365
199366
199367
199368
199370
199371
199372
199373
199374
199376
199390
199391
199392
199394
199395
199409
199410
199411
199425
199426
199427
199428
199478
199480
199499
199528
199529
199530
199531
199641
199642
199731
