8
9
208
209
290
296
390
560
562
563
565
566
568
572
578
579
582
583
731
732
733
838
1012
1079
1407
1422
1423
1945
1950
1951
2339
2341
2342
2343
2344
2345
2346
2347
2349
2351
2352
2354
2355
2358
2365
2366
2434
2482
2541
2824
2827
2828
2831
2832
2840
2842
2845
2846
2850
2851
2862
2863
3416
3715
3733
3964
3981
3983
4223
4327
4801
4802
4805
4806
5826
5831
5998
6062
6065
6068
6071
6073
6083
6303
6306
6523
6524
6527
6686
6696
6737
6819
6820
6828
7087
7088
8344
9501
9581
9666
9685
9760
9763
9820
9821
9841
9977
10226
10227
10261
10262
10263
10264
10442
10451
10452
10456
10457
10459
10461
10939
10941
10942
10946
10948
10950
10957
10958
10959
10965
10966
10969
10971
10973
10974
10976
10978
10981
11032
11035
11046
11085
11107
11204
11266
11272
11327
11328
11331
11332
11333
11354
11372
11399
11400
11401
11423
11425
11427
11429
11577
11579
11612
11623
11671
11779
11846
11912
11972
12034
12153
12822
13050
13254
13474
13633
13725
13966
14078
14277
14437
14620
14621
14641
14646
14651
14652
14766
14806
14816
14830
15196
15197
15215
15216
15217
15218
15220
15249
15250
15754
16207
16640
16641
16662
16819
16881
17207
17242
17263
17286
17318
17344
17350
17599
17747
17748
17759
17760
17786
17787
17795
17809
17810
17818
17844
17847
17869
17870
17880
17885
17919
17929
18092
18104
18109
18112
18168
18171
18173
18175
18176
18184
18185
18196
18243
18247
18310
18313
18314
18432
18433
18437
18518
18585
18676
18677
18681
18777
18793
18921
18972
18973
18976
18979
18980
18981
18997
18999
19059
19153
19154
19155
19216
19313
19319
19580
19941
19996
20004
20097
20320
20321
20322
20324
20330
20332
20333
20395
20414
20635
20781
20782
20783
20784
20837
20838
20953
20964
20980
20982
20991
21014
21103
21107
21153
21154
21157
21269
21273
21284
21400
21427
21444
21449
21454
21580
21641
21651
21723
21727
21736
21738
21739
21754
21756
21799
21842
21845
21847
21848
21854
21857
21860
21861
21862
21863
21864
21866
21881
21882
21885
22244
22259
22301
22311
22334
22578
22585
22586
22591
22624
22625
22626
22629
22639
22643
22648
22657
22658
22660
22662
22671
22673
22676
22677
22678
22679
22680
22681
22682
22683
22689
22693
22694
22699
22712
22713
22721
22730
22731
22732
22739
22740
22741
22742
22743
22745
22747
22752
22753
22758
22759
22760
22770
22773
22774
22775
22777
22783
22785
22818
22911
22944
23088
23292
23304
23305
23314
23511
23535
23750
23988
23991
24349
24630
24631
24634
24641
24774
24841
25345
25347
25349
25541
25825
25862
26085
26334
26335
26336
26409
26416
26518
26526
26587
26625
26683
26783
26848
26973
27046
27047
27074
27386
27456
27536
27555
27757
27774
27861
28045
28100
28102
28139
28190
28212
28213
28298
28353
28354
28357
28361
28423
28437
28504
28505
28507
28511
28523
28524
28530
28533
28546
28547
28590
28592
28623
28625
28648
28658
28660
28696
28698
28707
28708
28745
28795
28858
28859
28865
28867
28895
28896
28903
28904
28911
28912
28926
28927
28935
28936
28947
28948
28956
28957
28964
28965
29149
29209
29235
29548
29730
29840
29980
29983
30117
30163
30176
30177
30251
30253
30337
30349
30351
30422
30425
30488
30491
30566
30568
30847
30962
31474
31639
31967
31968
31969
31971
31972
31973
31974
31975
31976
31982
32074
32202
32247
32354
32356
32363
32365
32425
32426
32494
32496
32501
32504
32652
32995
33115
33168
33231
33673
33708
33837
34293
34412
34755
34804
34866
35160
35177
35205
35250
35584
35684
35697
35736
35921
35962
35964
36051
36132
36466
36476
36512
36582
36583
36657
36939
36940
36941
36942
36947
36951
37057
37159
37321
37489
37589
37590
37595
37596
37779
37921
38273
38431
38696
38703
38709
38757
38763
38765
38770
38795
38879
38955
38984
39139
39179
39205
39644
39686
39798
40205
40212
40324
40633
40722
40869
41365
41518
41716
41722
41758
41773
41779
41801
41857
41861
41866
41868
41920
42003
42051
42055
42060
42061
42065
42068
42071
42078
42122
42124
42156
42168
42170
42212
42214
42248
42250
42300
42455
42491
42739
42944
43180
43184
43259
43261
43477
43576
45098
45099
45102
45419
45479
45704
45725
45744
45766
45767
45769
45990
46019
46040
46559
47312
47315
47316
47318
47758
47767
48243
48249
49701
49715
49737
49763
49773
49798
50310
50324
50373
50723
50759
50851
51101
51124
51125
51164
51166
51225
51228
51231
51232
51291
51665
51666
51667
51783
51789
51790
51880
51886
51888
51908
51910
51976
52042
52043
52159
52540
52562
52773
52774
52777
52820
52846
52848
52864
53020
53021
53022
53026
53087
53089
53090
53099
53238
53250
53267
53271
53434
53435
53436
53458
53459
53463
53465
53466
53468
53472
53477
53479
53665
53691
53692
53693
53696
53698
53699
53702
53703
53815
53823
53931
54041
54042
54044
54046
54048
54051
54062
54063
54093
54094
54098
54101
54103
54105
54106
54232
54233
54290
54292
54400
54714
54759
54762
54844
54911
55096
55097
55098
55169
55180
55182
55253
55254
55255
55408
55411
55414
55808
55810
56260
56264
56610
56678
56680
56710
56837
57076
57079
57148
57150
57470
57478
57479
57480
57524
57647
57759
57806
57808
57864
57866
58656
58912
58939
59467
60040
60153
60188
60237
60320
60414
60466
60543
60544
60635
60687
60689
60690
60734
60736
60910
61355
61356
61357
61719
61721
61722
61767
61802
61804
61838
61990
62043
62252
62785
62998
63748
64253
64432
64801
65195
65861
66104
68591
68609
68628
68704
69015
69446
69722
69723
69727
69728
69736
69737
69972
70444
70446
74134
74333
74337
74341
74345
74347
74348
74352
74353
74354
74358
74359
74422
74423
74424
74425
74483
74502
74503
74504
74508
74509
74511
74512
74525
74628
74631
74632
74743
74744
74745
74746
74749
74750
74972
74987
74989
74995
74998
75002
75031
75799
76126
76660
77139
77358
77899
78074
78182
78315
78317
78319
78364
78417
78439
78599
78601
78608
78659
78665
78666
78669
78671
78808
79017
79142
79395
79406
79417
79685
79831
81237
81238
81483
81642
81644
81645
81646
83169
83176
83383
83385
83386
83388
83389
83396
83397
83400
83408
83571
83572
83608
83609
83611
83631
83876
83877
83888
83906
83912
83915
83920
83928
83931
83941
83995
83998
84006
84243
84407
84492
84494
84496
84499
84502
84503
84673
84685
84802
84821
84889
85032
85057
85069
85111
85161
85180
85318
85322
85341
85342
85537
85610
85613
85635
85680
85789
85794
85923
85968
85969
85970
86093
86102
86106
86108
86109
86143
86420
86427
86446
86549
86598
86599
86602
86603
86680
86719
86734
86807
86899
86915
86917
86929
86930
86931
86991
87107
87108
87124
87180
87230
87319
87321
87334
87404
87405
87407
87411
87417
87418
87425
87434
87439
87443
87447
87451
87453
87455
87457
87464
87465
87468
87482
87483
87485
87591
87592
87595
87596
87608
87746
87836
88263
88925
89293
89323
90187
90619
90621
91107
91264
91265
91378
91657
91732
91897
92042
92044
92092
92093
93824
93895
94747
95547
96781
96782
97617
98172
98523
99412
100029
100140
100421
102154
102493
102662
103060
104082
104474
106173
107419
107420
107422
107684
108544
109320
110437
113705
113755
113762
113775
113815
114403
117469
117479
118020
118541
118875
118978
119362
119513
119555
120123
120281
120448
120471
120497
120508
120939
120991
121009
121010
121101
121114
121127
121128
121141
121258
121331
121440
121503
121555
121556
121557
121559
121563
121565
121568
121571
122158
122564
124019
125425
126376
126543
126544
127095
127544
127545
127550
127551
128006
128079
128731
128894
129148
129633
129685
131135
131363
132037
132294
132453
132694
132918
133778
133802
133807
133823
134479
134565
135191
135199
135205
135222
135233
135238
135240
135243
135264
135320
135324
135494
135507
135508
135512
135513
135518
135519
135523
135531
135532
135537
135553
135554
135567
135568
135573
135582
135596
135601
135647
135697
135754
135755
135758
135761
135771
135816
135839
135851
135922
135923
135927
135936
136046
136051
136057
136060
136125
136126
136196
136303
136342
136343
136348
136411
136430
136484
136495
136496
136510
136531
136532
136545
136671
136694
136745
136750
136755
136801
136943
136960
136961
137028
137106
137207
137236
137240
137242
137243
137267
137273
137357
137412
137413
137414
137420
137495
137528
137549
137550
137641
137823
137886
137903
137966
137969
138144
138147
138149
138152
138154
138157
138161
138162
138163
138166
138167
138168
138169
138170
138171
138173
138175
138177
138182
138200
138204
138205
138228
138232
138235
138245
138247
138248
138281
138282
138284
138290
138292
138296
138313
138329
138342
138358
138362
138363
138365
138366
138370
138375
138378
138386
138387
138392
138393
138394
138396
138398
138401
138404
138417
138422
138425
138438
138441
138442
138443
138444
138445
138447
138499
138509
138512
138514
138518
138519
138527
138528
138529
138532
138559
138560
138563
138584
138649
138650
138661
138678
138682
138685
138689
138691
138695
138698
138700
138708
138717
138721
138725
138734
138736
138738
138740
138746
138748
138772
138774
138775
138777
138780
138783
138786
138787
138834
138845
138847
138852
138858
138859
138862
138863
138864
138867
138894
138895
138896
138897
138899
138903
138915
138916
138918
138921
138924
138929
138930
138931
138932
138933
138934
138935
138936
138937
138938
138939
138940
138943
138944
138945
138946
138951
138954
138957
138960
138961
138962
138963
138972
138973
138976
138977
138978
138979
138995
138997
139002
139003
139005
139012
139017
139018
139019
139023
139027
139034
139037
139042
139043
139045
139046
139049
139051
139053
139056
139059
139061
139063
139064
139065
139066
139071
139074
139077
139081
139082
139083
139084
139086
139088
139089
139093
139099
139102
139103
139105
139111
139119
139120
139121
139124
139126
139127
139128
139133
139136
139137
139140
139141
139143
139144
139150
139156
139160
139161
139165
139168
139170
139171
139173
139174
139177
139178
139179
139181
139182
139199
139200
139202
139218
139220
139233
139238
139241
139288
139290
139292
139293
139294
139295
139329
139333
139338
139375
139386
139388
139390
139393
139406
139408
139410
139413
139414
139419
139420
139421
139424
139452
139455
139468
139472
139483
139488
139489
139493
139531
139547
139557
139558
139561
139564
139567
139602
139607
139610
139625
139627
139629
139632
139634
139637
139639
139640
139644
139645
139709
139711
139712
139720
139722
139723
139725
139729
139732
139811
139812
140135
140140
140141
140172
140174
140176
140179
140181
140183
140184
140186
140187
140190
140241
140344
140404
140407
140409
140411
140413
140415
140419
140423
140424
140426
140433
140527
140529
140531
140719
140723
140773
140968
141021
141077
141094
141209
141210
141264
141268
141271
141274
141339
141352
141354
141356
141357
141364
141408
141534
141542
141545
141548
141551
141554
141565
141577
141578
141583
141613
141615
141618
141621
141624
141627
141630
141632
141633
141641
141643
141645
141650
141652
141654
141657
141661
141662
141667
141668
141670
141675
141682
141687
141689
141693
141694
141698
141702
141703
141704
141719
141740
141819
141828
141838
141850
141852
141853
141859
141890
141894
141930
141934
141972
141992
141994
141996
141997
142006
142009
142030
142033
142035
142037
142043
142053
142056
142136
142149
142151
142174
142177
142180
142190
142197
142200
142202
142207
142208
142210
142229
142234
142235
142237
142242
142246
142252
142254
142256
142259
142265
142267
142269
142270
142272
142276
142284
142288
142291
142313
142315
142319
142323
142325
142327
142331
142336
142343
142344
142347
142348
142357
142372
142377
142396
142401
142403
142408
142409
142410
142411
142413
142421
142428
142434
142440
142442
142444
142450
142458
142461
142463
142464
142472
142474
142475
142482
142491
142492
142493
142505
142512
142518
142521
142522
142525
142528
142532
142533
142543
142544
142552
142555
142559
142563
142598
142609
142615
142616
142721
142722
142730
142738
142740
142742
142750
142756
142773
142809
142811
142813
142816
142825
142831
142834
142860
142861
142863
142867
142881
142897
142898
142900
142901
142902
142904
142905
142930
142933
142935
142938
142940
142941
142943
142944
142945
142950
142953
142959
143002
143004
143005
143007
143008
143020
143027
143032
143033
143035
143036
143038
143041
143044
143046
143047
143048
143049
143050
143055
143056
143057
143074
143081
143087
143090
143093
143094
143103
143104
143110
143112
143116
143117
143119
143126
143128
143142
143153
143156
143158
143159
143169
143172
143174
143176
143180
143185
143189
143197
143198
143204
143211
143215
143236
143239
143241
143243
143245
143246
143247
143254
143275
143276
143297
143314
143327
143334
143341
143349
143358
143359
143360
143363
143366
143369
143370
143371
143372
143373
143374
143375
143376
143377
143378
143380
143381
143384
143385
143386
143393
143394
143400
143401
143402
143403
143404
143405
143406
143412
143414
143415
143416
143421
143422
143423
143430
143431
143432
143434
143441
143442
143443
143448
143450
143454
143457
143458
143461
143463
143479
143480
143481
143483
143499
143500
143501
143502
143503
143505
143507
143508
143515
143523
143527
143540
143547
143549
143553
143558
143559
143560
143563
143566
143572
143573
143574
143575
143576
143578
143579
143580
143582
143584
143585
143586
143587
143591
143593
143594
143596
143600
143621
143624
143625
143628
143632
143645
143646
143647
143652
143656
143658
143664
143667
143674
143676
143679
143692
143693
143694
143701
143705
143714
143721
143723
143736
143767
143831
143832
143849
144774
145145
146387
146553
146561
146565
146624
146633
146634
146635
146637
146646
146647
146650
146657
146661
146663
146664
146665
146666
146667
146686
146687
146688
146690
146693
146696
146703
146710
146717
146718
146720
146723
146727
146730
146731
146732
146733
146734
146735
146736
146739
146753
146760
146766
146774
146788
146802
146824
146828
146830
146837
146840
146846
146850
146852
146854
146855
146860
146861
146862
146867
146868
146869
146870
146871
146873
146874
146883
146884
146896
146898
146902
146904
146907
146910
146915
146917
146926
146927
146929
146932
146942
146943
146947
146950
146956
146957
146968
146969
146971
146973
146984
146989
146992
147003
147023
147025
147030
147033
147039
147045
147048
147052
147053
147054
147055
147063
147065
147067
147072
147075
147081
147084
147085
147099
147100
147110
147111
147113
147146
147147
147156
147157
147160
147177
147178
147179
147180
147181
147192
147193
147194
147195
147196
147197
147198
147200
147201
147215
147216
147217
147245
147246
147257
147258
147259
147261
147263
147265
147266
147267
147268
147275
147276
147277
147278
147279
147291
147305
147306
147307
147317
147318
147320
147329
147330
147342
147350
147355
147362
147365
147391
147392
147393
147394
147395
147396
147405
147406
147407
147408
147410
147416
147417
147418
147423
147424
147434
147435
147436
147466
147468
147485
147486
147498
147565
147566
147576
147579
147580
147581
147582
147583
147584
147585
147590
147594
147595
147598
147601
147602
147603
147604
147605
147606
147608
147609
147610
147612
147614
147616
147621
147628
147629
147632
147634
147635
147636
147638
147639
147642
147643
147644
147645
147646
147647
147649
147650
147652
147654
147655
147657
147659
147660
147661
147662
147663
147664
147666
147667
147668
147669
147670
147680
147682
147683
147688
147689
147692
147704
147707
147708
147709
147710
147711
147714
147727
147728
147729
147730
147732
147737
147740
147741
147745
147755
147760
147761
147762
147763
147764
147765
147767
147768
147769
147770
147772
147773
147774
147777
147779
147780
147783
147786
147787
147788
147794
147796
147797
147798
147806
147807
147808
147809
147810
147821
147823
147834
147835
147836
147837
147838
147844
147845
147865
147867
147871
147872
147873
147874
147887
147889
147890
147891
147892
147893
147894
147895
147897
147900
147901
147902
147904
147906
147907
147908
147909
147910
147911
147913
147919
147920
147924
147925
147927
147928
147929
147931
147932
147933
147936
147938
147945
147946
147947
147948
147951
147954
147955
147961
147962
147967
147974
147976
147977
147979
147980
147985
147986
147987
147988
147989
147990
147992
147993
147995
147999
148001
148002
148003
148004
148005
148006
148007
148008
148009
148011
148012
148027
148029
148030
148031
148033
148037
148057
148061
148062
148063
148066
148067
148071
148072
148073
148075
148086
148087
148088
148121
148123
148125
148128
148129
148130
148133
148151
148166
148167
148168
148172
148173
148201
148203
148209
148210
148213
148214
148215
148220
148221
148222
148233
148236
148248
148249
148250
148251
148252
148260
148261
148276
148285
148288
148293
148294
148295
148296
148297
148298
148300
148301
148302
148305
148306
148308
148309
148326
148343
148346
148348
148352
148353
148364
148365
148369
148391
148392
148393
148394
148395
148396
148406
148407
148409
148410
148411
148412
148414
148415
148418
148419
148420
148433
148434
148437
148439
148448
148449
148450
148452
148453
148454
148455
148458
148463
148466
148467
148470
148472
148476
148478
148497
148506
148507
148518
148519
148522
148529
148531
148534
148535
148537
148539
148543
148546
148555
148563
148570
148571
148573
148587
148590
148591
148594
148606
148611
148612
148613
148617
148629
148631
148640
148645
148646
148647
148648
148650
148652
148653
148654
148655
148657
148676
148677
148683
148692
148701
148705
148706
148708
148709
148710
148711
148713
148714
148717
148718
148719
148720
148728
148730
148740
148742
148744
148745
148747
148750
148752
148753
148754
148757
148758
148762
148763
148775
148778
148779
148783
148797
148800
148804
148806
148807
148835
148843
148844
148845
148846
148848
148850
148852
148854
148855
148857
148860
148862
148863
148868
148879
148888
148900
148909
148913
148916
148920
148923
148925
148927
148930
148941
148948
148951
148952
148954
148955
148960
148961
148962
148963
148964
148966
148967
148968
148970
148973
148989
148998
149002
149007
149012
149013
149015
149021
149024
149025
149033
149036
149094
149123
149140
149141
149177
149178
149190
149191
149193
149194
149197
149198
149201
149203
149205
149206
149210
149222
149223
149224
149226
149228
149231
149232
149233
149252
149253
149255
149259
149263
149266
149268
149271
149272
149273
149283
149284
149288
149290
149294
149295
149296
149301
149306
149307
149309
149313
149315
149320
149322
149332
149340
149343
149354
149366
149368
149373
149406
149407
149408
149430
149431
149432
149433
149434
149437
149441
149444
149450
149451
149452
149474
149477
149488
149498
149515
149518
149520
149521
149522
149525
149528
149536
149538
149541
149554
149563
149585
149596
149600
149611
149624
149631
149632
149641
149651
149664
149671
149672
149681
149687
149689
149690
149692
149695
149696
149700
149701
149714
149718
149720
149723
149726
149740
149744
149753
149754
149759
149761
149762
149763
149764
149767
149775
149776
149777
149778
149779
149783
149789
149790
149791
149795
149799
149807
149811
149812
149824
149825
149826
149828
149831
149833
149835
149836
149840
149843
149846
149847
149858
149860
149861
149864
149868
149869
149870
149871
149873
149874
149875
149876
149879
149880
149883
149903
149929
149930
149932
149934
149949
149952
149955
149957
149959
149961
149962
149964
149965
149968
149970
149971
149974
149975
149984
149985
150000
150004
150008
150022
150040
150041
150061
150062
150063
150064
150065
150072
150077
150080
150082
150105
150106
150107
150108
150111
150115
150159
150166
150179
150181
150188
150193
150194
150198
150205
150206
150213
150215
150220
150224
150225
150233
150285
150292
150311
150313
150324
150326
150327
150328
150329
150330
150337
150339
150340
150345
150357
150358
150359
150362
150363
150365
150370
150371
150372
150383
150395
150396
150409
150415
150423
150426
150429
150432
150434
150435
150447
150461
150465
150467
150468
150471
150474
150479
150490
150491
150495
150496
150507
150514
150518
150529
150537
150538
150539
150543
150549
150554
150560
150563
150565
150567
150570
150573
150578
150581
150582
150589
150590
150599
150604
150608
150613
150614
150619
150626
150628
150632
150648
150653
150654
150657
150658
150659
150661
150666
150672
150675
150676
150688
150700
150703
150706
150707
150708
150713
150715
150717
150720
150727
150729
150730
150731
150732
150734
150738
150739
150744
150750
150757
150762
150768
150769
150772
150774
150790
150793
150806
150808
150809
150811
150812
150824
150836
150841
150846
150847
150853
150854
150859
150860
150883
150895
150897
150900
150909
150916
150933
150943
150946
150953
150959
150960
150962
150976
151007
151008
151012
151016
151019
151021
151035
151037
151039
151048
151056
151063
151064
151068
151069
151072
151073
151074
151075
151076
151081
151085
151088
151089
151099
151102
151104
151111
151112
151119
151131
151138
151139
151148
151152
151165
151166
151175
151176
151177
151178
151179
151186
151196
151198
151202
151240
151243
151251
151261
151265
151269
151271
151273
151275
151277
151290
151291
151298
151303
151330
151334
151362
151367
151369
151374
151384
151390
151393
151396
151397
151398
151399
151400
151401
151412
151413
151414
151445
151446
151449
151450
151451
151464
151467
151470
151479
151496
151500
151501
151502
151534
151535
151536
151537
151538
151539
151540
151541
151544
151545
151546
151556
151557
151560
151561
151595
151596
151597
151601
151615
151618
151632
151633
151636
151640
151642
151643
151647
151663
151685
151700
151702
151705
151722
151724
151726
151729
151739
151741
151743
151745
151748
151751
151752
151753
151776
151778
151781
151784
151787
151789
151792
151807
151813
151821
151828
151855
151856
151859
151877
151878
151879
151880
151889
151891
151892
151894
151895
151924
151927
151942
151945
151951
151969
152014
152021
152050
152055
152056
152061
152066
152077
152081
152082
152083
152084
152085
152086
152087
152088
152089
152093
152098
152103
152113
152114
152116
152117
152118
152119
152127
152132
152133
152136
152137
152141
152142
152151
152152
152160
152161
152165
152180
152181
152183
152185
152186
152208
152209
152213
152214
152215
152216
152217
152218
152221
152230
152231
152232
152233
152237
152248
152260
152261
152262
152263
152264
152265
152271
152275
152290
152307
152311
152312
152317
152319
152323
152327
152328
152330
152331
152334
152338
152339
152342
152343
152347
152348
152349
152350
152351
152355
152365
152368
152371
152372
152374
152384
152385
152386
152390
152401
152408
152412
152413
152472
152564
152566
152580
152583
152607
152608
152632
152633
152646
152658
152659
152680
152681
152710
152713
152727
152728
152729
152730
152731
152739
152740
152741
152752
152753
152754
152755
152764
152767
152781
152783
152784
152789
152808
152810
152812
152815
152822
152825
152827
152857
152859
152860
152861
152868
152885
152886
152887
152895
152900
152906
152920
152924
152932
152941
152945
152948
152951
152965
152966
152971
152980
152981
152984
152985
152986
152994
152995
153002
153003
153004
153005
153006
153008
153011
153012
153015
153016
153017
153020
153021
153022
153026
153028
153029
153038
153040
153067
153074
153077
153078
153083
153084
153085
153087
153088
153089
153091
153093
153094
153102
153114
153115
153121
153125
153128
153131
153132
153133
153135
153136
153139
153147
153148
153149
153150
153161
153162
153164
153166
153168
153180
153181
153182
153187
153192
153194
153195
153210
153212
153217
153218
153220
153221
153222
153224
153228
153229
153231
153232
153233
153240
153241
153242
153243
153247
153249
153270
153289
153306
153311
153334
153341
153346
153381
153382
153383
153389
153392
153394
153395
153398
153399
153401
153404
153405
153406
153410
153411
153413
153414
153415
153416
153417
153418
153419
153420
153421
153422
153423
153424
153425
153426
153530
153531
153532
153533
153534
153537
153538
153540
153543
153546
153549
153550
153593
153594
153595
153596
153597
153598
153599
153600
153601
153602
153603
153604
153605
153606
153607
153614
153615
153616
153617
153618
153621
153632
153633
153634
153649
153651
153656
153657
153660
153661
153669
153670
153671
153674
153675
153681
153682
153683
153684
153690
153693
153698
153699
153700
153701
153702
153703
153704
153705
153706
153712
153718
153719
153720
153721
153724
153725
153726
153727
153739
153740
153741
153742
153743
153744
153746
153747
153748
153749
153753
153754
153755
153756
153760
153761
153763
153764
153765
153766
153770
153772
153773
153777
153782
153785
153786
153787
153788
153797
153801
153802
153806
153819
153820
153822
153823
153828
153832
153833
153834
153837
153838
153840
153841
153849
153852
153854
153857
153858
153859
153864
153874
153875
153876
153877
153878
153883
153888
153893
153894
153897
153898
153900
153906
153910
153913
153917
153919
153923
153924
153926
153935
153936
153937
153948
153958
153962
153963
153965
153966
153967
153972
153975
153979
153990
154005
154007
154010
154014
154016
154021
154026
154031
154034
154035
154036
154048
154052
154053
154054
154057
154058
154059
154060
154061
154062
154072
154082
154083
154089
154090
154106
154109
154110
154123
154124
154127
154128
154131
154135
154136
154153
154154
154157
154159
154162
154164
154166
154169
154174
154178
154179
154181
154182
154185
154186
154187
154188
154189
154190
154191
154192
154193
154194
154195
154196
154197
154200
154204
154211
154215
154216
154223
154238
154241
154243
154245
154247
154249
154251
154265
154267
154275
154282
154283
154284
154286
154287
154291
154301
154302
154316
154333
154334
154336
154339
154340
154342
154346
154357
154361
154363
154365
154366
154369
154373
154375
154383
154385
154402
154403
154404
154411
154412
154413
154414
154415
154417
154419
154420
154422
154428
154444
154447
154448
154449
154450
154453
154454
154455
154459
154470
154474
154475
154477
154478
154518
154526
154527
154528
154531
154532
154535
154543
154548
154550
154554
154574
154641
154648
154651
154657
154707
154708
154710
154712
154714
154715
154721
154730
154732
154736
154738
154740
154760
154779
154790
154792
154798
154799
154800
154805
154821
154834
154837
154843
154865
154896
154924
154936
154938
154940
154942
154944
154946
154981
154982
154985
154986
154994
155001
155006
155016
155017
155023
155024
155030
155032
155038
155044
155048
155056
155058
155066
155068
155069
155071
155072
155074
155077
155084
155085
155086
155087
155088
155089
155090
155091
155092
155093
155094
155095
155099
155100
155101
155102
155103
155104
155110
155111
155114
155120
155127
155130
155131
155139
155140
155143
155158
155163
155164
155178
155179
155180
155181
155182
155185
155195
155196
155197
155200
155201
155202
155210
155212
155222
155224
155226
155227
155229
155232
155235
155237
155238
155240
155241
155242
155243
155244
155246
155247
155254
155255
155261
155263
155266
155267
155268
155271
155278
155280
155282
155284
155286
155288
155302
155305
155306
155307
155318
155321
155349
155350
155360
155367
155374
155393
155395
155398
155424
155425
155435
155441
155442
155448
155452
155455
155461
155466
155470
155473
155474
155475
155476
155477
155483
155484
155490
155498
155499
155500
155501
155504
155505
155508
155509
155516
155521
155536
155537
155538
155539
155550
155553
155558
155559
155577
155579
155583
155587
155589
155591
155604
155605
155606
155607
155608
155610
155622
155623
155624
155627
155629
155630
155634
155636
155637
155638
155639
155640
155641
155642
155643
155644
155645
155647
155648
155649
155650
155651
155652
155653
155654
155655
155656
155657
155658
155673
155676
155678
155681
155682
155690
155698
155702
155706
155709
155712
155715
155719
155721
155722
155724
155731
155743
155744
155754
155761
155762
155766
155769
155773
155774
155780
155785
155788
155789
155794
155802
155806
155807
155808
155809
155812
155815
155816
155822
155823
155824
155829
155841
155852
155853
155861
155863
155865
155867
155868
155869
155871
155876
155884
155886
155887
155890
155891
155907
155911
155916
155922
155923
155925
155966
155969
155970
155971
155975
155976
155977
155980
155981
155982
155983
155984
155985
155986
155987
155988
155989
155990
155991
155994
155995
155996
155997
156000
156001
156002
156003
156011
156012
156013
156014
156015
156016
156018
156019
156022
156023
156026
156027
156028
156029
156030
156031
156034
156035
156036
156037
156039
156047
156060
156064
156065
156066
156068
156074
156077
156085
156089
156090
156113
156115
156116
156118
156121
156124
156125
156137
156139
156140
156143
156147
156148
156151
156154
156197
156198
156199
156200
156204
156207
156211
156212
156213
156219
156220
156221
156225
156231
156233
156234
156237
156239
156242
156245
156246
156247
156249
156256
156257
156258
156262
156263
156264
156266
156268
156306
156307
156308
156310
156311
156312
156313
156317
156318
156319
156320
156322
156326
156327
156331
156333
156334
156335
156336
156337
156341
156343
156344
156345
156346
156347
156348
156351
156352
156359
156361
156362
156363
156366
156370
156371
156381
156384
156385
156386
156387
156389
156391
156396
156398
156401
156404
156411
156412
156415
156417
156421
156425
156426
156427
156430
156431
156435
156436
156437
156444
156446
156448
156452
156455
156458
156459
156460
156463
156464
156465
156466
156471
156510
156511
156514
156515
156520
156526
156528
156529
156531
156533
156537
156544
156550
156558
156572
156579
156580
156584
156588
156591
156594
156595
156599
156600
156604
156629
156632
156635
156638
156640
156641
156644
156650
156651
156652
156659
156662
156671
156673
156674
156677
156680
156683
156690
156691
156702
156703
156704
156707
156709
156717
156721
156722
156735
156747
156749
156750
156796
156799
156808
156812
156834
156865
156867
156868
156873
156876
156877
156880
156881
156882
156883
156897
156912
156913
156915
156919
156921
156923
156924
156927
156931
156940
156941
156942
156945
156951
156952
156958
156963
156964
156975
156979
156987
156988
156989
156990
156991
156993
156994
156995
157004
157006
157013
157016
157020
157045
157058
157061
157075
157085
157098
157100
157102
157104
157107
157108
157123
157124
157125
157126
157127
157129
157130
157131
157132
157133
157134
157135
157136
157137
157138
157143
157144
157149
157150
157151
157152
157156
157157
157175
157176
157177
157178
157186
157187
157188
157189
157190
157191
157192
157199
157202
157203
157205
157210
157213
157218
157219
157220
157221
157228
157235
157244
157245
157246
157254
157255
157256
157257
157258
157271
157274
157275
157280
157283
157286
157290
157291
157292
157293
157295
157303
157305
157307
157309
157312
157313
157318
157325
157328
157329
157340
157341
157345
157347
157348
157350
157351
157352
157354
157356
157366
157367
157368
157369
157375
157377
157383
157389
157419
157430
157431
157432
157433
157434
157436
157437
157439
157441
157442
157444
157445
157447
157448
157450
157451
157463
157474
157484
157499
157501
157503
157505
157507
157508
157509
157511
157512
157515
157518
157519
157520
157524
157527
157528
157529
157531
157547
157548
157549
157558
157559
157568
157570
157571
157572
157575
157598
157602
157604
157610
157622
157623
157624
157626
157627
157630
157631
157638
157647
157651
157656
157668
157676
157678
157682
157687
157690
157699
157704
157713
157739
157742
157743
157754
157759
157767
157768
157776
157778
157787
157789
157804
157808
157813
157814
157838
157840
157842
157844
157845
157847
157849
157853
157858
157861
157870
157871
157872
157875
157876
157880
157881
157885
157887
157888
157889
157890
157896
157898
157900
157902
157919
157920
157923
157924
157928
157929
157934
157960
157966
157977
157981
158005
158007
158010
158014
158015
158016
158017
158018
158019
158020
158021
158022
158024
158025
158026
158027
158028
158029
158031
158032
158033
158037
158051
158059
158060
158062
158063
158072
158077
158079
158081
158083
158086
158090
158097
158101
158102
158109
158110
158121
158130
158132
158134
158136
158146
158148
158149
158151
158152
158163
158164
158174
158178
158181
158187
158193
158195
158196
158198
158199
158201
158204
158205
158206
158207
158208
158209
158210
158211
158212
158214
158216
158217
158218
158219
158220
158222
158226
158229
158232
158233
158240
158248
158249
158250
158253
158254
158257
158258
158259
158260
158261
158264
158268
158269
158274
158277
158278
158285
158297
158305
158306
158307
158308
158312
158313
158320
158321
158322
158323
158330
158331
158332
158335
158336
158338
158339
158342
158345
158348
158353
158354
158355
158356
158361
158362
158365
158366
158367
158368
158369
158371
158381
158383
158385
158387
158390
158392
158394
158399
158401
158405
158408
158410
158414
158415
158417
158421
158424
158427
158428
158430
158432
158437
158442
158443
158444
158445
158446
158449
158450
158456
158457
158458
158463
158467
158469
158485
158494
158497
158498
158499
158500
158505
158515
158516
158518
158520
158523
158533
158534
158535
158536
158537
158540
158541
158544
158556
158558
158560
158564
158566
158571
158582
158594
158599
158600
158601
158604
158611
158612
158615
158617
158622
158623
158624
158625
158626
158630
158638
158646
158650
158651
158667
158679
158682
158694
158695
158696
158697
158700
158705
158723
158725
158726
158729
158734
158735
158736
158737
158740
158741
158743
158746
158747
158748
158749
158752
158753
158754
158755
158758
158759
158760
158761
158765
158766
158767
158768
158771
158772
158773
158774
158784
158807
158810
158821
158822
158823
158826
158832
158834
158837
158839
158842
158843
158844
158845
158849
158853
158855
158857
158862
158864
158866
158868
158871
158872
158880
158884
158886
158896
158901
158937
158941
158943
158946
158947
158952
158954
158956
158957
158968
158972
158973
158974
158975
158988
159011
159014
159015
159016
159017
159018
159029
159031
159034
159036
159037
159040
159042
159045
159046
159047
159050
159051
159054
159055
159056
159059
159060
159062
159064
159065
159069
159070
159071
159077
159079
159083
159084
159085
159086
159087
159098
159101
159102
159104
159105
159195
159276
159365
159366
159367
159428
159430
159432
159435
159622
159676
159789
159807
159853
159854
159857
159859
159945
159949
159951
160041
160044
160046
160048
160050
160052
160055
160057
160059
160073
160074
160075
160076
160079
160080
160083
160096
160099
160101
160106
160107
160110
160113
160121
160123
160125
160128
160130
160131
160136
160144
160148
160154
160155
160161
160166
160167
160170
160171
160172
160173
160174
160175
160178
160179
160180
160181
160182
160185
160186
160205
160206
160225
160228
160239
160250
160252
160261
160263
160265
160266
160270
160272
160274
160275
160281
160282
160290
160298
160300
160302
160304
160306
160310
160312
160333
160402
160403
160474
160477
160478
160481
160483
160485
160490
160492
160493
160610
160612
160616
160618
160620
160623
160632
160633
160634
160635
160641
160642
160643
160644
160655
160656
160657
160658
160664
160665
160671
160682
160688
160690
160692
160693
160699
160700
160703
160705
160707
160709
160711
160717
160718
160730
160732
160734
160738
160739
160744
160745
160757
160762
160763
160764
160765
160769
160773
160774
160775
160776
160779
160780
160785
160793
160794
160796
160797
160800
160802
160804
160806
160812
160814
160822
160823
160824
160827
160828
160829
160830
160842
160843
160844
160846
160864
160871
160888
160893
160894
160896
160900
160902
160932
160934
160937
160940
160942
160945
160947
160949
160952
160954
160955
160956
160957
160960
160962
160972
160973
160975
160978
160979
160982
160983
160994
161000
161011
161014
161015
161022
161023
161024
161025
161029
161032
161033
161036
161037
161061
161065
161071
161086
161087
161088
161089
161096
161097
161098
161099
161102
161103
161104
161105
161106
161107
161111
161112
161113
161114
161117
161118
161119
161120
161123
161124
161125
161126
161163
161164
161167
161175
161176
161177
161178
161179
161196
161197
161201
161202
161203
161204
161205
161209
161215
161221
161222
161223
161224
161242
161256
161257
161262
161263
161264
161265
161267
161268
161269
161270
161272
161282
161283
161284
161285
161293
161299
161300
161304
161305
161307
161313
161314
161315
161316
161335
161342
161343
161346
161349
161355
161368
161369
161372
161375
161397
161398
161403
161406
161409
161410
161417
161418
161419
161420
161430
161471
161472
161474
161475
161521
161526
161539
161564
161568
161569
161570
161571
161572
161573
161574
161575
161576
161577
161578
161579
161595
161596
161597
161598
161601
161602
161603
161604
161611
161613
161615
161619
161620
161622
161625
161626
161628
161630
161631
161633
161636
161639
161644
161645
161647
161648
161650
161654
161656
161658
161669
161671
161673
161675
161680
161681
161683
161685
161690
161693
161694
161696
161699
161701
161703
161704
161706
161708
161722
161723
161724
161736
161737
161741
161748
161749
161751
161755
161762
161764
161773
161775
161778
161779
161781
161782
161784
161785
161786
161791
161793
161796
161797
161798
161799
161800
161819
161820
161821
161822
161826
161841
161855
161856
161857
161867
161868
161871
161877
161878
161879
161880
161883
161884
161885
161886
161887
161898
161899
161900
161903
161907
161908
161909
161910
161917
161918
161921
161924
161925
161928
161929
161941
161942
161943
161945
161959
161980
161987
161988
161995
161996
162000
162003
162005
162006
162008
162011
162019
162021
162022
162023
162024
162025
162026
162027
162028
162035
162036
162039
162042
162048
162063
162064
162067
162069
162071
162072
162074
162078
162080
162081
162084
162086
162092
162094
162097
162100
162119
162121
162124
162133
162136
162146
162150
162153
162154
162156
162158
162159
162161
162164
162166
162168
162169
162171
162173
162174
162180
162181
162187
162189
162190
162195
162199
162203
162206
162208
162210
162238
162253
162273
162278
162286
162307
162309
162311
162331
162333
162336
162342
162348
162349
162352
162353
162360
162361
162364
162366
162372
162378
162379
162387
162389
162391
162392
162401
162412
162413
162414
162415
162416
162425
162429
162430
162432
162438
162439
162444
162446
162463
162464
162466
162468
162469
162484
162485
162490
162491
162514
162515
162517
162521
162523
162531
162533
162537
162561
162562
162565
162600
162601
162604
162605
162627
162646
162661
162666
162676
162681
162702
162704
162705
162706
162730
162733
162734
162736
162738
162742
162743
162744
162745
162759
162773
162844
162847
162857
162899
162902
162910
162913
162927
162929
162931
162952
162958
162980
162982
162983
162984
162989
163000
163001
163002
163011
163012
163019
163020
163021
163022
163029
163035
163065
163071
163096
163107
163108
163110
163129
163131
163135
163136
163137
163138
163141
163145
163147
163148
163151
163154
163155
163163
163164
163166
163169
163171
163172
163176
163184
163196
163200
163201
163203
163206
163209
163211
163213
163223
163224
163225
163227
163229
163231
163234
163235
163236
163237
163238
163256
163257
163258
163262
163302
163306
163307
163310
163311
163312
163313
163353
163358
163360
163362
163364
163366
163373
163374
163377
163378
163380
163381
163384
163385
163386
163387
163388
163390
163391
163399
163400
163403
163405
163424
163425
163426
163428
163430
163431
163432
163433
163435
163436
163437
163439
163440
163441
163442
163444
163445
163446
163449
163450
163451
163468
163470
163474
163476
163477
163478
163485
163494
163497
163498
163503
163504
163505
163507
163508
163521
163533
163534
163535
163541
163545
163556
163558
163573
163578
163619
163621
163623
163625
163627
163641
163642
163643
163644
163648
163649
163673
163674
163675
163676
163679
163680
163681
163682
163683
163702
163703
163736
163752
163753
163758
163760
163806
163808
163809
163812
163851
163856
163860
163871
163897
163900
163910
163911
163920
163944
163950
164043
164055
164058
164060
164062
164103
164104
164108
164109
164127
164128
164131
164138
164139
164221
164222
164224
164236
164274
164275
164278
164280
164286
164313
164317
164318
164319
164342
164344
164346
164353
164354
164355
164369
164377
164378
164392
164394
164404
164407
164416
164428
164429
164430
164431
164441
164443
164445
164447
164450
164452
164458
164459
164460
164461
164464
164465
164466
164467
164469
164470
164471
164480
164481
164482
164483
164485
164492
164495
164496
164499
164502
164503
164504
164506
164508
164510
164513
164514
164515
164518
164519
164524
164525
164526
164531
164533
164535
164539
164541
164552
164553
164561
164562
164563
164564
164565
164570
164579
164581
164582
164584
164586
164594
164595
164596
164597
164602
164611
164612
164620
164621
164625
164626
164636
164637
164643
164653
164669
164670
164671
164672
164673
164676
164677
164678
164702
164703
164711
164715
164716
164717
164726
164730
164736
164737
164738
164739
164740
164741
164743
164748
164749
164754
164765
164767
164768
164770
164776
164777
164778
164779
164780
164785
164809
164810
164813
164820
164834
164835
164843
164844
164851
164852
164860
164861
164878
164880
164882
164890
164893
164894
164895
164896
164897
164899
164903
164914
164915
164918
164919
164922
164926
164940
164949
164951
164953
164962
164967
164991
165002
165008
165015
165017
165025
165026
165031
165034
165037
165040
165041
165065
165066
165069
165070
165080
165081
165084
165098
165099
165100
165101
165114
165117
165149
165150
165152
165158
165165
165167
165168
165169
165170
165171
165172
165173
165174
165175
165176
165179
165180
165181
165182
165185
165188
165189
165190
165191
165192
165194
165197
165200
165207
165208
165209
165210
165213
165215
165221
165223
165225
165226
165227
165233
165235
165237
165238
165240
165242
165244
165246
165248
165249
165250
165263
165265
165267
165269
165270
165289
165290
165291
165292
165293
165295
165297
165299
165300
165312
165313
165318
165320
165322
165324
165327
165332
165334
165339
165340
165345
165347
165348
165353
165355
165360
165364
165365
165366
165367
165377
165378
165380
165383
165384
165394
165396
165397
165398
165401
165405
165406
165409
165418
165419
165424
165429
165430
165431
165437
165438
165441
165444
165459
165460
165461
165462
165476
165477
165482
165488
165489
165496
165498
165501
165502
165503
165514
165519
165532
165537
165541
165542
165547
165552
165553
165554
165555
165556
165561
165562
165563
165564
165565
165566
165585
165588
165590
165592
165603
165607
165609
165611
165618
165620
165622
165624
165625
165628
165630
165632
165633
165636
165642
165643
165649
165652
165657
165661
165673
165674
165675
165676
165677
165678
165680
165682
165683
165684
165685
165686
165689
165690
165693
165706
165707
165709
165711
165712
165724
165730
165731
165732
165733
165734
165741
165745
165759
165766
165768
165774
165775
165777
165778
165780
165781
165782
165784
165785
165786
165787
165788
165797
165802
165803
165806
165816
165818
165819
165822
165824
165832
165834
165838
165841
165846
165847
165849
165851
165855
165874
165876
165878
165882
165890
165891
165892
165893
165897
165900
165901
165903
165904
165905
165906
165907
165908
165909
165910
165911
165912
165913
165919
165921
165929
165941
165944
165947
165950
165953
165960
165962
165964
165965
165966
165972
165974
165977
165979
165984
165986
165987
165989
165991
166003
166005
166008
166010
166012
166030
166031
166038
166041
166042
166043
166044
166045
166046
166049
166050
166051
166052
166057
166058
166067
166069
166070
166072
166074
166075
166079
166082
166083
166084
166108
166111
166145
166147
166151
166155
166157
166159
166160
166161
166162
166165
166166
166168
166171
166172
166173
166174
166175
166176
166179
166181
166182
166183
166186
166190
166191
166194
166198
166200
166202
166206
166207
166208
166209
166210
166211
166212
166213
166214
166217
166218
166224
166230
166234
166237
166239
166251
166254
166256
166259
166263
166265
166267
166269
166272
166273
166274
166275
166276
166280
166282
166285
166287
166291
166292
166293
166294
166303
166314
166315
166316
166335
166336
166337
166343
166346
166348
166350
166352
166354
166355
166357
166358
166373
166374
166375
166376
166390
166401
166404
166416
166417
166432
166436
166446
166454
166455
166462
166463
166466
166467
166468
166469
166472
166473
166484
166485
166486
166489
166496
166500
166506
166507
166508
166513
166514
166515
166516
166517
166518
166519
166520
166521
166522
166527
166528
166533
166534
166535
166537
166540
166543
166544
166547
166550
166552
166555
166556
166557
166558
166559
166560
166562
166563
166570
166576
166582
166583
166584
166586
166604
166606
166608
166616
166617
166622
166623
166631
166632
166633
166636
166637
166646
166647
166648
166655
166656
166667
166670
166671
166674
166675
166683
166686
166687
166690
166707
166708
166709
166710
166723
166758
166759
166764
166771
166779
166781
166783
166794
166806
166807
166820
166826
166829
166841
166862
166876
166877
166878
166879
166880
166891
166893
166897
166901
166903
166908
166910
166922
166942
166943
166944
166945
166946
166947
166948
166949
166950
166951
166957
166958
166959
166960
166963
166965
166966
166968
166971
166972
166973
166974
166979
166980
166983
166987
166989
166991
166993
166997
167009
167011
167024
167027
167030
167031
167032
167034
167036
167037
167039
167041
167042
167043
167047
167049
167050
167051
167052
167053
167054
167055
167056
167059
167062
167065
167068
167104
167105
167106
167117
167119
167125
167137
167142
167143
167144
167149
167152
167156
167159
167161
167166
167168
167178
167180
167184
167198
167199
167200
167208
167222
167223
167231
167234
167235
167248
167259
167276
167285
167297
167302
167303
167312
167313
167314
167315
167363
167364
167367
167369
167371
167373
167376
167378
167408
167409
167437
167439
167443
167444
167449
167450
167451
167452
167457
167458
167460
167472
167475
167477
167479
167495
167496
167497
167498
167501
167502
167503
167504
167528
167554
167570
167572
167575
167576
167577
167578
167585
167586
167587
167588
167594
167600
167607
167612
167614
167616
167618
167620
167622
167631
167652
167653
167654
167655
167656
167669
167673
167677
167678
167679
167681
167714
167715
167717
167733
167750
167765
167766
167769
167770
167803
167804
167806
167815
167818
167822
167864
167868
167877
167917
167918
167924
167927
167928
167929
167930
167983
167992
167993
167997
168002
168003
168014
168015
168016
168017
168020
168025
168026
168028
168032
168037
168038
168039
168040
168054
168055
168056
168057
168059
168080
168081
168091
168096
168104
168111
168112
168115
168124
168126
168136
168138
168140
168141
168143
168145
168154
168156
168163
168165
168167
168172
168174
168179
168180
168181
168182
168183
168186
168190
168207
168213
168214
168217
168227
168233
168235
168237
168241
168243
168245
168246
168249
168250
168254
168258
168261
168262
168268
168269
168270
168273
168274
168275
168276
168277
168280
168307
168316
168319
168328
168334
168335
168339
168340
168347
168356
168370
168372
168374
168375
168380
168381
168382
168387
168388
168394
168396
168400
168401
168402
168403
168404
168409
168416
168420
168421
168431
168445
168446
168447
168448
168468
168469
168473
168483
168485
168487
168488
168493
168494
168499
168500
168506
168507
168516
168519
168520
168521
168522
168524
168526
168528
168530
168531
168533
168537
168540
168546
168550
168557
168605
168652
168653
168654
168655
168663
168704
168706
168708
168710
168711
168712
168723
168724
168725
168726
168729
168765
168772
168773
168783
168789
168790
168791
168792
168793
168804
168805
168806
168841
168842
168843
168846
168854
168859
168869
168870
168871
168872
168875
168876
168886
168887
168888
168889
168901
168902
168916
168917
168919
168922
168923
168924
168928
168930
168935
168940
168941
168952
168953
168959
168967
168970
168971
168973
168975
168981
168986
168991
168997
169000
169004
169006
169010
169014
169018
169026
169029
169034
169035
169036
169039
169040
169041
169044
169046
169047
169066
169067
169068
169082
169090
169091
169092
169095
169098
169101
169105
169106
169107
169108
169109
169111
169112
169114
169115
169116
169117
169121
169124
169153
169168
169176
169177
169184
169185
169188
169189
169196
169197
169198
169209
169210
169211
169213
169214
169217
169218
169219
169243
169249
169251
169257
169258
169260
169261
169262
169263
169264
169265
169271
169273
169275
169278
169280
169286
169294
169298
169322
169325
169349
169350
169355
169362
169368
169371
169372
169376
169377
169381
169382
169383
169385
169387
169388
169398
169399
169400
169401
169405
169406
169417
169418
169426
169427
169428
169436
169443
169444
169453
169459
169461
169521
169522
169538
169539
169541
169542
169555
169556
169557
169571
169582
169583
169589
169594
169595
169597
169609
169610
169630
169631
169657
169658
169660
169661
169662
169663
169664
169665
169667
169668
169672
169679
169680
169681
169684
169687
169689
169691
169692
169693
169699
169707
169716
169748
169749
169751
169753
169754
169755
169760
169763
169801
169802
169803
169804
169805
169807
169808
169809
169810
169811
169812
169813
169816
169817
169818
169819
169820
169821
169822
169823
169826
169827
169828
169832
169837
169838
169839
169840
169848
169854
169858
169872
169873
169874
169878
169879
169880
169881
169882
169883
169888
169889
169892
169893
169894
169896
169903
169917
169918
169919
169920
169921
169922
169926
169927
169937
169938
169943
169947
169948
169954
169965
169966
169967
169971
169980
169981
169983
169984
169993
169995
170000
170002
170005
170006
170007
170008
170032
170034
170035
170057
170058
170060
170064
170067
170070
170079
170080
170083
170093
170094
170095
170097
170099
170112
170113
170114
170121
170123
170135
170140
170141
170153
170154
170162
170167
170197
170212
170213
170214
170215
170218
170238
170239
170244
170245
170256
170266
170286
170287
170288
170291
170296
170297
170309
170310
170312
170313
170314
170315
170327
170328
170329
170342
170369
170370
170381
170396
170398
170399
170418
170443
170444
170455
170464
170465
170466
170467
170471
170480
170499
170500
170502
170503
170515
170535
170538
170539
170543
170548
170553
170557
170558
170571
170572
170580
170583
170585
170601
170614
170618
170619
170625
170628
170631
170641
170643
170644
170646
170647
170650
170652
170653
170655
170669
170681
170694
170696
170697
170701
170710
170715
170719
170721
170728
170770
170773
170812
170815
170816
170817
170819
170820
170823
170828
170831
170832
170860
170868
170877
170878
170879
170880
170883
170884
170885
170886
170887
170888
170889
170890
170893
170894
170896
170900
170902
170903
170904
170908
170909
170910
170913
170914
170915
170916
170919
170922
170927
170964
170965
170966
170967
170976
170983
171004
171009
171012
171013
171015
171018
171021
171045
171046
171047
171048
171049
171050
171052
171053
171056
171076
171080
171085
171088
171090
171091
171092
171099
171100
171113
171114
171115
171116
171117
171118
171119
171120
171121
171122
171134
171138
171139
171143
171144
171148
171149
171150
171151
171154
171169
171172
171173
171174
171175
171177
171178
171179
171180
171181
171188
171203
171206
171212
171218
171219
171231
171235
171238
171239
171243
171244
171246
171259
171260
171261
171263
171268
171270
171272
171280
171281
171282
171286
171296
171297
171299
171301
171309
171310
171316
171318
171320
171325
171326
171374
171375
171376
171377
171379
171380
171381
171383
171384
171387
171389
171390
171394
171397
171398
171399
171401
171404
171424
171435
171437
171441
171444
171445
171446
171455
171458
171459
171465
171466
171467
171470
171473
171479
171480
171481
171494
171522
171523
171536
171539
171547
171552
171587
171613
171616
171622
171625
171626
171627
171630
171631
171633
171635
171636
171655
171660
171661
171662
171667
171668
171669
171670
171671
171680
171682
171699
171703
171717
171728
171730
171732
171733
171744
171804
171805
171806
171807
171813
171814
171816
171819
171820
171821
171822
171825
171826
171829
171830
171833
171836
171839
171840
171841
171842
171845
171846
171847
171848
171851
171852
171853
171854
171884
171888
171890
171892
171894
171896
171897
171910
171919
171922
171923
171924
171925
171947
171948
171953
171970
171971
171972
171973
171976
171977
171978
171979
171982
171994
172000
172003
172004
172008
172016
172020
172026
172027
172067
172068
172071
172073
172074
172076
172077
172078
172081
172082
172083
172086
172088
172092
172093
172094
172095
172096
172099
172100
172101
172107
172108
172109
172113
172114
172117
172119
172125
172127
172128
172129
172132
172135
172138
172139
172140
172146
172148
172150
172152
172160
172162
172164
172175
172181
172186
172187
172188
172189
172194
172200
172203
172204
172205
172206
172207
172224
172225
172226
172227
172234
172260
172261
172265
172267
172270
172274
172275
172279
172280
172282
172286
172291
172299
172300
172301
172302
172307
172314
172319
172321
172322
172334
172336
172383
172402
172403
172408
172437
172441
172442
172447
172448
172477
172497
172510
172517
172518
172522
172527
172530
172532
172534
172536
172540
172541
172542
172543
172544
172545
172556
172558
172560
172564
172565
172566
172567
172568
172616
172619
172621
172653
172656
172659
172660
172684
172686
172689
172691
172730
172828
172845
172863
172864
172867
172884
172957
172960
172962
172965
172983
172991
172992
172997
172999
173002
173007
173008
173013
173015
173017
173021
173056
173058
173060
173061
173063
173066
173067
173071
173073
173080
173082
173083
173086
173088
173092
173094
173096
173098
173100
173102
173104
173107
173108
173110
173117
173152
173159
173161
173166
173168
173175
173202
173242
173246
173247
173248
173258
173263
173265
173268
173270
173277
173298
173301
173308
173309
173310
173324
173327
173328
173329
173331
173334
173339
173391
173394
173400
173413
173415
173420
173423
173425
173429
173431
173433
173435
173443
173446
173447
173448
173453
173454
173457
173460
173461
173462
173463
173464
173469
173472
173473
173474
173475
173476
173477
173478
173483
173485
173509
173517
173519
173522
173523
173525
173527
173528
173530
173532
173534
173536
173538
173539
173540
173543
173545
173547
173549
173551
173554
173555
173556
173559
173560
173561
173562
173563
173564
173612
173618
173663
173669
173670
173671
173672
173673
173674
173677
173678
173681
173685
173690
173695
173707
173758
173759
173761
173776
173780
173782
173787
173789
173791
173798
173800
173803
173808
173810
173812
173813
173814
173816
173821
173823
173824
173828
173830
173833
173842
173844
173846
173848
173854
173856
173857
173859
173862
173866
173869
173888
173891
173907
173979
173983
174010
174013
174017
174019
174072
174085
174097
174098
174128
174129
174130
174131
174163
174181
174182
174212
174215
174242
174243
174320
174439
174440
174443
174447
174453
174455
174457
174459
174463
174516
174517
174518
174519
174521
174524
174531
174532
174541
174542
174546
174547
174554
174563
174565
174566
174568
174569
174571
174573
174579
174586
174587
174589
174592
174596
174597
174602
174603
174609
174612
174619
174621
174644
174646
174651
174653
174659
174660
174661
174667
174674
174675
174676
174678
174681
174682
174683
174685
174706
174707
174709
174713
174722
174726
174728
174731
174762
174790
174792
174800
174802
174805
174881
174888
174892
174908
174910
174949
174951
174986
174993
174994
175004
175008
175070
175071
175073
175074
175106
175134
175138
175155
175157
175160
175162
175252
175277
175280
175282
175283
175285
175286
175287
175290
175325
175336
175337
175349
175350
175357
175375
175384
175388
175389
175390
175391
175392
175398
175445
175446
175447
175449
175452
175487
175494
175495
175498
175506
175509
175518
175521
175524
175527
175530
175545
175556
175575
175579
175582
175587
175590
175595
175596
175598
175601
175607
175611
175614
175617
175620
175629
175650
175652
175670
175674
175680
175682
175683
175688
175690
175691
175692
175693
175695
175698
175704
175709
175711
175712
175756
175760
175762
175770
175772
175773
175805
175869
175872
175875
175880
175881
175882
175902
175905
175906
175913
175915
175917
175921
175922
175923
175924
175928
175929
175930
175931
175932
175936
175937
175938
175939
175940
175941
175943
175951
175953
175955
175956
175958
175960
175961
175969
175972
175985
176048
176050
176065
176067
176071
176084
176088
176093
176096
176097
176114
176116
176118
176120
176123
176128
176129
176153
176179
176181
176185
176187
176191
176197
176198
176209
176247
176282
176285
176291
176292
176294
176313
176315
176355
176357
176359
176379
176382
176386
176389
176392
176393
176398
176400
176401
176405
176407
176412
176413
176415
176418
176421
176422
176429
176430
176431
176432
176433
176434
176435
176444
176447
176453
176455
176457
176463
176473
176475
176477
176519
176524
176525
176526
176533
176534
176558
176560
176564
176565
176567
176587
176588
176589
176590
176592
176640
176645
176653
176655
176657
176663
176664
176677
176684
176687
176691
176692
176695
176708
176723
176730
176732
176735
176737
176745
176748
176749
176752
176754
176799
176826
176828
176860
176867
176874
176875
176885
176887
176890
176900
176903
176910
176913
176935
176937
176939
176969
176972
176975
176980
177008
177025
177031
177052
177073
177077
177082
177084
177086
177089
177115
177120
177124
177128
177174
177177
177178
177179
177180
177181
177184
177193
177194
177213
177220
177225
177226
177239
177265
177266
177270
177272
177274
177275
177276
177279
177283
177284
177288
177294
177295
177311
177327
177328
177329
177337
177341
177342
177343
177344
177345
177385
177386
177390
177399
177400
177401
177402
177404
177405
177411
177412
177419
177422
177425
177426
177427
177430
177431
177432
177433
177434
177435
177437
177439
177440
177442
177444
177446
177448
177452
177453
177454
177455
177456
177457
177458
177459
177461
177462
177466
177469
177476
177477
177478
177479
177480
177483
177495
177499
177514
177516
177519
177542
177545
177556
177563
177569
177579
177584
177591
177601
177603
177604
177611
177619
177622
177624
177626
177628
177637
177645
177646
177648
177650
177652
177654
177656
177657
177661
177662
177664
177666
177669
177670
177672
177675
177676
177677
177678
177679
177680
177683
177698
177709
177710
177711
177714
177717
177719
177720
177721
177722
177727
177731
177732
177734
177741
177742
177744
177745
177748
177766
177775
177781
177783
177805
177807
177809
177813
177814
177815
177816
177818
177821
177825
177827
177833
177841
177846
177850
177858
177859
177860
177866
177867
177868
177872
177873
177904
177905
177906
177907
177915
177924
177926
177949
177953
177981
177987
177988
177989
177990
178007
178009
178012
178020
178021
178022
178023
178026
178032
178034
178039
178041
178043
178044
178055
178056
178058
178079
178091
178092
178093
178094
178095
178138
178141
178142
178147
178149
178150
178154
178155
178160
178169
178170
178171
178172
178173
178183
178184
178185
178186
178194
178195
178196
178197
178233
178234
178244
178245
178250
178251
178252
178259
178260
178261
178269
178270
178275
178277
178285
178286
178287
178303
178306
178309
178348
178350
178356
178359
178360
178362
178366
178369
178394
178395
178396
178397
178399
178403
178405
178408
178410
178413
178416
178418
178419
178423
178425
178454
178459
178460
178466
178467
178471
178473
178476
178478
178492
178494
178617
178618
178624
178644
178664
178673
178677
178679
178680
178684
178750
178753
178756
178757
178763
178767
178773
178774
178777
178778
178779
178784
178785
178786
178788
178790
178793
178794
178795
178797
178828
178831
178834
178837
178840
178844
178845
178849
178850
178851
178853
178855
178857
178860
178861
178863
178865
178870
178871
178873
178875
178877
178879
178881
178886
178888
178890
178892
178893
178897
178899
178901
178904
178920
178923
178930
178994
178995
178999
179001
179003
179005
179007
179009
179015
179016
179026
179029
179032
179034
179041
179044
179051
179052
179057
179073
179080
179081
179101
179102
179113
179192
179198
179245
179253
179265
179277
179279
179281
179284
179286
179312
179314
179319
179325
179332
179346
179349
179351
179394
179397
179401
179402
179415
179421
179422
179424
179430
179432
179449
179457
179474
179475
179479
179484
179502
179503
179506
179510
179531
179532
179536
179538
179540
179543
179546
179549
179553
179555
179562
179564
179567
179569
179573
179575
179577
179604
179611
179627
179629
179632
179634
179636
179638
179653
179654
179684
179685
179686
179704
179713
179716
179760
179767
179782
179785
179787
179789
179791
179793
179794
179811
179816
179826
179830
179844
179854
179856
179860
179877
179878
179881
179882
179885
179886
179890
179893
179894
179897
179898
179899
179900
179903
179931
179933
179935
179937
179941
179944
179945
179946
179947
179961
179963
179967
179969
179970
180023
180024
180045
180064
180066
180068
180073
180089
180092
180095
180096
180099
180100
180101
180102
180107
180109
180115
180117
180130
180149
180150
180156
180157
180158
180163
180166
180169
180171
180182
180183
180186
180189
180212
180213
180218
180222
180237
180238
180243
180248
180254
180255
180259
180261
180263
180264
180266
180268
180269
180274
180275
180280
180283
180296
180297
180298
180300
180304
180305
180308
180309
180310
180311
180316
180318
180325
180326
180335
180338
180339
180349
180359
180360
180361
180362
180363
180364
180376
180377
180378
180382
180390
180391
180392
180395
180396
180401
180403
180412
180419
180425
180428
180432
180436
180437
180438
180439
180451
180455
180456
180466
180467
180476
180477
180486
180487
180494
180495
180496
180499
180500
180501
180504
180505
180510
180515
180516
180523
180524
180526
180539
180540
180541
180545
180546
180556
180560
180576
180580
180583
180584
180586
180587
180593
180594
180601
180624
180627
180643
180646
180647
180655
180659
180660
180661
180662
180664
180666
180685
180688
180689
180690
180692
180697
180699
180716
180717
180725
180727
180729
180731
180737
180794
180796
180800
180801
180811
180813
180814
180821
180842
180856
180857
180858
180859
180883
180901
180902
180910
180912
180915
180917
180934
180939
180940
180941
180942
180956
180961
180963
180965
180970
180989
180995
180996
181005
181006
181010
181011
181014
181021
181032
181035
181038
181041
181055
181058
181072
181076
181096
181110
181135
181137
181139
181140
181141
181143
181145
181149
181152
181154
181165
181174
181175
181176
181179
181324
181326
181330
181342
181349
181363
181383
181385
181387
181389
181393
181395
181411
181417
181456
181463
181467
181476
181479
181508
181517
181676
181688
181689
181692
181693
181715
181716
181717
181720
181721
181756
181757
181764
181765
181766
181770
181771
181783
181784
181814
181820
181821
181829
181830
181831
181832
181835
181836
181843
181844
181856
181866
181884
181886
181888
181890
181893
181894
181895
181909
181911
181914
182104
182105
182157
182160
182161
182163
182174
182176
182181
182183
182193
182194
182201
182203
182207
182208
182213
182219
182224
182225
182232
182244
182245
182254
182255
182262
182263
182271
182272
182275
182276
182319
182347
182348
182356
182358
182381
182383
182384
182402
182409
182410
182418
182419
182424
182425
182426
182430
182454
182458
182459
182462
182463
182468
182475
182477
182481
182482
182506
182508
182510
182513
182516
182521
182522
182529
182530
182535
182538
182544
182546
182549
182554
182559
182561
182562
182563
182566
182570
182572
182575
182577
182583
182584
182586
182590
182591
182599
182600
182605
182606
182608
182621
182630
182631
182634
182635
182636
182637
182667
182677
182694
182696
182703
182704
182705
182710
182712
182714
182717
182719
182726
182740
182741
182744
182750
182751
182754
182756
182758
182760
182762
182764
182769
182780
182783
182796
182802
182803
182808
182826
182827
182830
182870
182874
182875
182880
182893
182894
182899
182900
182909
182910
182922
182923
182930
182931
182936
182937
182940
182970
182973
182974
182977
182978
182979
182981
183007
183008
183009
183014
183016
183018
183020
183021
183024
183025
183026
183033
183034
183041
183042
183049
183050
183057
183058
183089
183090
183091
183093
183095
183096
183112
183113
183124
183130
183131
183133
183134
183135
183141
183142
183149
183150
183156
183157
183158
183160
183162
183166
183170
183171
183174
183176
183179
183180
183183
183205
183206
183213
183228
183231
183232
183233
183241
183242
183249
183250
183253
183254
183259
183260
183264
183297
183313
183330
183331
183348
183350
183359
183365
183366
183372
183378
183379
183392
183393
183402
183421
183424
183425
183426
183431
183432
183435
183436
183437
183444
183445
183446
183453
183454
183462
183484
183485
183517
183541
183542
183555
183557
183570
183572
183590
183608
183615
183645
183656
183658
183669
183670
183680
183682
183690
183693
183694
183696
183707
183708
183715
183718
183720
183722
183723
183726
183736
183738
183743
183757
183759
183769
183770
183782
183783
183784
183787
183796
183799
183800
183801
183813
183814
183837
183838
183841
183842
183844
183845
183854
183868
183874
183880
183881
183885
183888
183893
183896
183897
183905
183918
183933
183935
183937
183941
183942
183947
183950
183951
183958
183959
183964
183967
183968
183973
183974
183977
183978
183985
183988
183989
183994
183999
184001
184006
184028
184029
184032
184033
184042
184043
184044
184052
184054
184058
184059
184060
184063
184073
184075
184089
184091
184092
184102
184104
184105
184106
184107
184113
184148
184165
184167
184173
184174
184179
184182
184183
184192
184193
184205
184214
184230
184231
184239
184240
184271
184272
184278
184281
184282
184286
184288
184320
184321
184328
184336
184338
184345
184351
184358
184363
184384
184386
184388
184401
184412
184415
184416
184422
184428
184431
184436
184442
184444
184448
184449
184457
184458
184466
184468
184470
184475
184479
184488
184489
184506
184513
184514
184541
184544
184548
184551
184555
184557
184561
184563
184579
184590
184591
184592
184602
184606
184608
184610
184614
184618
184630
184632
184639
184641
184643
184651
184671
184672
184676
184679
184680
184685
184688
184689
184694
184695
184696
184697
184698
184704
184705
184714
184715
184716
184717
184731
184739
184740
184743
184753
184756
184757
184787
184795
184814
184815
184818
184820
184822
184823
184828
184829
184832
184833
184835
184837
184840
184842
184847
184849
184853
184857
184867
184868
184874
184875
184876
184883
184890
184891
184899
184905
184906
184909
184925
184927
184929
184930
184974
184987
184989
184991
184993
184996
184998
185001
185002
185003
185006
185060
185062
185064
185071
185085
185094
185099
185107
185112
185115
185122
185127
185131
185132
185139
185140
185141
185148
185149
185150
185155
185159
185161
185189
185192
185193
185203
185205
185209
185210
185217
185218
185224
185226
185229
185231
185233
185234
185236
185237
185238
185240
185242
185244
185246
185267
185269
185300
185301
185307
185309
185310
185339
185340
185344
185345
185350
185351
185354
185355
185358
185363
185364
185371
185372
185377
185392
185397
185398
185399
185406
185407
185415
185427
185428
185471
185477
185479
185482
185485
185486
185492
185494
185499
185501
185502
185504
185507
185509
185510
185514
185516
185522
185533
185535
185537
185579
185582
185615
185617
185621
185627
185630
185633
185636
185640
185643
185645
185647
185649
185650
185651
185656
185657
185658
185659
185660
185663
185664
185665
185666
185667
185683
185684
185698
185700
185701
185706
185707
185710
185711
185716
185725
185732
185734
185738
185771
185776
185777
185779
185780
185781
185785
185787
185788
185789
185790
185814
185823
185824
185830
185831
185832
185835
185838
185839
185840
185841
185844
185847
185848
185849
185851
185854
185855
185858
185859
185860
185861
185862
185863
185866
185902
185903
185904
185905
185906
185929
185930
185936
185938
185974
185976
185978
186006
186016
186023
186025
186040
186055
186056
186064
186088
186091
186096
186102
186104
186106
186108
186120
186123
186125
186143
186148
186149
186152
186200
186201
186228
186229
186233
186235
186257
186258
186259
186308
186338
186344
186345
186356
186359
186365
186367
186369
186370
186396
186397
186402
186404
186410
186424
186445
186446
186447
186448
186449
186497
186499
186506
186513
186514
186515
186516
186519
186520
186521
186522
186525
186531
186535
186549
186550
186561
186563
186565
186576
186577
186583
186587
186607
186608
186609
186610
186614
186615
186618
186636
186637
186681
186684
186685
186692
186693
186698
186699
186703
186704
186708
186718
186721
186725
186728
186730
186734
186735
186740
186744
186745
186746
186747
186748
186753
186754
186759
186760
186763
186766
186767
186772
186774
186799
186801
186803
186804
186807
186810
186811
186843
186868
186885
186935
186936
186940
186942
186946
186971
186975
186989
186990
186994
186998
187007
187010
187012
187020
187021
187025
187027
187051
187058
187062
187064
187065
187069
187071
187075
187081
187082
187099
187100
187103
187107
187136
187142
187143
187155
187156
187160
187185
187200
187202
187206
187210
187218
187222
187233
187240
187251
187260
187265
187266
187267
187269
187271
187272
187278
187281
187283
187284
187287
187289
187302
187303
187306
187308
187310
187313
187314
187317
187318
187321
187324
187329
187330
187337
187339
187345
187349
187350
187356
187359
187368
187371
187399
187407
187409
187411
187412
187413
187416
187426
187427
187433
187438
187441
187445
187446
187451
187452
187495
187497
187498
187502
187503
187504
187505
187506
187510
187511
187512
187513
187514
187522
187526
187528
187529
187533
187534
187537
187538
187539
187540
187564
187566
187568
187569
187572
187573
187574
187576
187578
187583
187587
187612
187621
187622
187625
187634
187636
187641
187655
187656
187664
187665
187667
187679
187726
187732
187737
187738
187739
187750
187756
187760
187761
187775
187776
187788
187789
187799
187800
187801
187811
187817
187820
187826
187827
187829
187830
187831
187832
187833
187835
187838
187839
187840
187841
187844
187847
187849
187851
187854
187856
187860
187862
187867
187879
187881
187882
187887
187894
187895
187896
187897
187898
187901
187909
187910
187911
187912
187916
187917
187924
187925
187933
187934
187937
187940
187949
187950
187957
187958
187959
187960
187966
187979
187982
187983
187986
187987
188018
188026
188028
188030
188054
188059
188070
188079
188098
188112
188117
188127
188128
188130
188131
188132
188137
188138
188159
188177
188178
188179
188180
188187
188194
188195
188207
188210
188216
188239
188253
188256
188259
188262
188263
188264
188270
188271
188275
188279
188285
188286
188302
188306
188311
188319
188321
188322
188325
188327
188353
188360
188361
188362
188368
188378
188379
188380
188381
188383
188385
188395
188400
188403
188404
188412
188433
188436
188445
188468
188471
188481
188484
188486
188498
188501
188503
188505
188507
188510
188511
188512
188513
188514
188523
188524
188527
188529
188531
188536
188537
188538
188539
188587
188588
188591
188595
188598
188614
188647
188651
188657
188673
188675
188676
188677
188678
188679
188681
188682
188687
188689
188690
188692
188698
188699
188700
188726
188731
188738
188742
188743
188747
188751
188758
188759
188761
188762
188764
188765
188768
188769
188788
188795
188796
188797
188798
188799
188800
188801
188802
188803
188804
188805
188806
188807
188810
188811
188812
188813
188816
188821
188827
188828
188829
188830
188831
188832
188838
188845
188861
188871
188872
188875
188878
188883
188894
188898
188903
188910
188933
188935
188938
188939
188940
188941
188942
188943
188947
188953
188955
188963
188964
188965
188966
188974
188977
188978
188979
188983
188987
188988
188991
188992
188993
188994
188997
188998
189002
189003
189006
189017
189020
189021
189022
189023
189039
189041
189042
189044
189045
189047
189049
189051
189053
189055
189057
189058
189060
189062
189063
189068
189072
189074
189075
189078
189080
189081
189086
189089
189100
189101
189102
189106
189107
189110
189111
189112
189114
189121
189130
189133
189160
189165
189166
189175
189176
189177
189186
189187
189188
189191
189195
189202
189203
189204
189209
189210
189211
189212
189213
189214
189217
189219
189220
189225
189226
189228
189234
189236
189237
189243
189247
189255
189260
189263
189269
189270
189280
189284
189287
189288
189313
189317
189321
189326
189330
189334
189336
189337
189346
189354
189355
189356
189368
189372
189380
189389
189398
189404
189406
189411
189416
189420
189428
189430
189431
189434
189440
189442
189459
189460
189461
189462
189467
189474
189488
189491
189494
189497
189498
189502
189509
189511
189513
189515
189517
189519
189525
189528
189529
189536
189560
189577
189578
189592
189598
189602
189605
189606
189607
189608
189611
189613
189614
189625
189626
189627
189628
189629
189630
189633
189634
189635
189636
189637
189638
189639
189640
189641
189648
189649
189650
189657
189658
189659
189664
189671
189672
189673
189674
189677
189680
189681
189684
189687
189692
189693
189695
189696
189701
189709
189710
189713
189714
189715
189716
189727
189728
189729
189733
189734
189738
189739
189748
189753
189754
189756
189761
189763
189764
189765
189766
189767
189768
189769
189770
189771
189772
189773
189776
189778
189779
189782
189783
189789
189791
189794
189795
189798
189799
189802
189803
189805
189806
189812
189813
189814
189818
189820
189821
189823
189825
189850
189870
189922
189937
189949
189950
189973
189974
189980
189981
190000
190021
190024
190027
190030
190032
190033
190063
190064
190065
190066
190067
190070
190077
190078
190079
190080
190081
190082
190096
190098
190101
190103
190104
190106
190107
190108
190109
190110
190111
190126
190127
190128
190129
190130
190131
190133
190148
190149
190150
190154
190172
190173
190175
190179
190187
190188
190189
190190
190191
190198
190204
190214
190215
190232
190253
190256
190257
190258
190259
190265
190279
190290
190299
190304
190307
190308
190310
190313
190316
190323
190324
190325
190327
190329
190362
190363
190364
190371
190373
190375
190377
190379
190381
190382
190394
190396
190397
190398
190402
190404
190421
190422
190436
190473
190477
190481
190492
190501
190512
190519
190525
190526
190527
190529
190541
190543
190550
190552
190553
190555
190558
190559
190572
190573
190574
190575
190576
190577
190578
190579
190580
190581
190582
190586
190587
190588
190589
190590
190592
190593
190597
190599
190601
190602
190606
190609
190617
190618
190619
190620
190623
190624
190626
190633
190638
190639
190640
190647
190648
190662
190664
190665
190666
190669
190672
190673
190674
190675
190677
190679
190681
190686
190687
190696
190702
190703
190704
190705
190707
190708
190709
190712
190713
190714
190717
190721
190723
190724
190727
190729
190731
190746
190748
190749
190753
190759
190760
190761
190767
190768
190774
190775
190776
190777
190778
190780
190781
190782
190789
190790
190794
190800
190805
190809
190812
190823
190824
190827
190836
190837
190838
190846
190852
190853
190854
190856
190857
190858
190859
190898
190902
190918
190919
190920
190921
190925
190926
190929
190930
190931
190932
190933
190944
190947
190948
190949
190950
190951
190955
190972
190977
190983
190987
190996
191000
191003
191004
191005
191036
191042
191043
191044
191045
191046
191057
191062
191065
191110
191126
191136
191152
191163
191183
191184
191201
191202
191209
191212
191224
191227
191231
191233
191239
191258
191259
191260
191261
191262
191264
191268
191277
191281
191282
191283
191289
191292
191299
191308
191309
191310
191312
191313
191315
191317
191319
191320
191323
191324
191330
191331
191332
191333
191338
191369
191371
191394
191405
191410
191418
191419
191420
191424
191430
191437
191461
191463
191465
191470
191472
191478
191516
191517
191518
191519
191520
191521
191522
191525
191526
191527
191528
191529
191530
191532
191533
191535
191538
191541
191542
191543
191546
191549
191552
191557
191562
191563
191571
191572
191580
191583
191586
191587
191588
191589
191590
191592
191606
191612
191613
191614
191615
191616
191617
191618
191619
191621
191624
191636
191637
191638
191639
191646
191654
191655
191657
191664
191671
191674
191677
191679
191681
191684
191688
191700
191701
191708
191712
191714
191716
191728
191730
191731
191732
191735
191736
191757
191759
191763
191769
191776
191777
191784
191788
191791
191798
191799
191800
191814
191816
191819
191820
191822
191823
191825
191828
191830
191831
191832
191848
191849
191851
191852
191853
191854
191857
191859
191867
191893
191894
191902
191910
191931
191939
191942
191954
191955
191956
191957
191958
191970
191985
191990
191991
192015
192018
192033
192044
192047
192050
192053
192054
192055
192059
192060
192061
192062
192064
192065
192066
192073
192078
192118
192120
192122
192123
192124
192125
192126
192127
192128
192129
192130
192131
192132
192133
192136
192137
192138
192139
192142
192143
192144
192145
192148
192149
192150
192151
192166
192178
192181
192182
192183
192185
192187
192194
192197
192203
192213
192214
192215
192217
192218
192219
192224
192230
192231
192232
192233
192234
192235
192236
192250
192256
192265
192267
192268
192270
192271
192272
192275
192277
192278
192280
192284
192287
192288
192289
192290
192291
192292
192295
192296
192320
192321
192322
192324
192326
192327
192329
192330
192331
192332
192333
192334
192336
192337
192339
192340
192359
192362
192363
192364
192397
192412
192413
192454
192455
192460
192461
192476
192477
192484
192485
192492
192493
192500
192501
192508
192509
192516
192517
192524
192525
192532
192533
192542
192556
192557
192582
192606
192618
192619
192620
192621
192626
192635
192639
192651
192654
192655
192671
192672
192678
192680
192681
192719
192725
192751
192755
192756
192757
192758
192759
192764
192773
192774
192775
192780
192781
192787
192788
192789
192790
192791
192793
192794
192797
192804
192820
192835
192837
192839
192864
192866
192880
192890
192891
192893
192896
192898
192899
192901
192903
192912
192914
192915
192916
192919
192920
192921
192922
192923
192926
192928
192930
192949
192954
192955
192966
192969
192970
192988
192997
192998
193001
193015
193017
193018
193019
193022
193025
193026
193038
193041
193044
193047
193049
193053
193058
193059
193061
193062
193063
193065
193067
193073
193076
193088
193089
193090
193091
193092
193093
193094
193095
193096
193097
193098
193099
193100
193101
193102
193104
193107
193110
193113
193114
193115
193116
193117
193120
193126
193130
193133
193137
193148
193149
193155
193175
193176
193177
193179
193198
193201
193203
193206
193207
193208
193209
193210
193213
193214
193215
193216
193217
193218
193219
193220
193224
193225
193227
193232
193236
193237
193243
193248
193249
193250
193251
193256
193261
193262
193263
193265
193266
193270
193272
193273
193274
193275
193284
193286
193291
193292
193293
193295
193296
193297
193299
193300
193303
193304
193306
193307
193315
193316
193317
193318
193320
193321
193322
193323
193324
193327
193329
193330
193331
193333
193334
193335
193336
193343
193345
193351
193353
193354
193355
193356
193357
193359
193360
193361
193364
193369
193370
193374
193375
193376
193378
193379
193381
193406
193409
193412
193413
193414
193416
193418
193419
193420
193421
193422
193423
193426
193429
193432
193441
193444
193446
193447
193453
193454
193470
193476
193521
193524
193545
193548
193551
193554
193557
193567
193568
193571
193572
193573
193577
193578
193581
193582
193583
193593
193612
193614
193616
193628
193632
193646
193659
193661
193687
193689
193697
193749
193818
193819
193875
193876
193877
193907
193908
193923
193924
193925
193926
193999
194001
194002
194004
194006
194008
194009
194010
194011
194012
194020
194022
194045
194051
194063
194125
194131
194178
194184
194185
194186
194187
194189
194190
194191
194192
194193
194194
194197
194199
194200
194201
194202
194209
194210
194222
194223
194226
194239
194240
194241
194242
194245
194248
194252
194254
194255
194256
194257
194258
194261
194262
194274
194275
194276
194277
194278
194279
194301
194302
194303
194305
194310
194314
194315
194318
194323
194324
194325
194330
194331
194333
194335
194338
194342
194358
194359
194377
194378
194381
194383
194388
194444
194454
194456
194457
194460
194461
194463
194465
194467
194469
194478
194479
194481
194482
194487
194509
194515
194519
194521
194523
194525
194526
194528
194544
194595
194665
194876
194926
194932
194937
194972
194973
195058
195059
195060
195139
195141
195152
195158
195159
195160
195161
195168
195200
195230
195232
195233
195238
195240
195245
195261
195263
195268
195269
195273
195275
195278
195279
195283
195301
195304
195309
195313
195325
195337
195341
195352
195380
195382
195384
195387
195405
195408
195411
195414
195419
195422
195425
195428
195435
195447
195468
195501
195503
195505
195533
195548
195595
195596
195598
195600
195603
195609
195612
195646
195649
195651
195661
195669
195671
195680
195688
195690
195692
195693
195700
195702
195720
195722
195724
195729
195731
195734
195744
195745
195747
195749
195750
195752
195754
195755
195765
195766
195768
195772
195774
195780
195781
195782
195803
195827
195844
195877
195901
195902
195904
195905
195906
195908
195909
195920
195921
195922
195933
195936
195938
195939
195941
195942
195944
195948
195950
195952
195955
195957
195971
195982
195987
195988
195991
195995
195997
196023
196048
196050
196088
196089
196107
196135
196136
196152
196156
196157
196159
196161
196166
196167
196172
196180
196182
196185
196189
196205
196212
196215
196220
196223
196224
196226
196228
196230
196232
196234
196235
196238
196241
196243
196245
196246
196249
196250
196252
196256
196257
196259
196280
196283
196300
196304
196318
196321
196329
196335
196339
196373
196386
196387
196388
196389
196393
196394
196400
196402
196409
196413
196414
196416
196417
196419
196429
196430
196431
196433
196435
196439
196441
196442
196447
196455
196459
196460
196469
196473
196474
196480
196484
196490
196494
196498
196499
196501
196503
196505
196506
196508
196528
196530
196541
196543
196554
196584
196600
196607
196609
196628
196631
196636
196638
196651
196663
196665
196668
196672
196678
196690
196693
196720
196725
196726
196731
196733
196737
196774
196775
196839
196842
196847
196849
196850
196856
196857
196864
196866
196869
196876
196906
196909
196910
196911
196918
196923
196925
196926
196927
196934
196945
196946
196947
196948
196951
196957
196958
196959
196963
196966
196967
196971
196972
196977
196979
196983
196985
196987
196990
196991
196994
196998
197000
197002
197004
197005
197007
197009
197011
197012
197016
197019
197023
197025
197028
197030
197035
197037
197041
197043
197050
197052
197057
197061
197063
197068
197070
197074
197076
197084
197086
197102
197104
197123
197138
197178
197179
197195
197197
197198
197231
197232
197261
197264
197295
197297
197299
197309
197311
197312
197321
197322
197325
197333
197336
197337
197350
197353
197358
197360
197362
197363
197379
197382
197387
197392
197395
197398
197403
197405
197426
197458
197462
197485
197486
197488
197490
197494
197497
197498
197500
197503
197505
197508
197509
197514
197517
197518
197519
197522
197523
197524
197527
197536
197541
197542
197548
197553
197556
197560
197563
197573
197574
197580
197581
197589
197591
197592
197595
197598
197600
197610
197614
197616
197617
197627
197630
197635
197636
197637
197640
197648
197650
197663
197674
197681
197686
197694
197697
197701
197704
197711
197716
197718
197720
197725
197726
197734
197742
197758
197763
197766
197771
197774
197776
197780
197787
197790
197793
197801
197805
197808
197809
197810
197811
197812
197818
197840
197843
197845
197849
197850
197852
197862
197864
197866
197885
197889
197890
197893
197896
197901
197923
197924
197933
197936
197937
197939
197947
197951
197958
197960
197974
197975
197976
197982
197993
197996
198005
198007
198009
198010
198020
198023
198031
198034
198037
198042
198051
198061
198075
198078
198084
198086
198090
198094
198096
198104
198109
198122
198139
198144
198145
198159
198166
198174
198178
198180
198182
198184
198191
198197
198201
198204
198206
198241
198263
198267
198271
198273
198275
198280
198282
198283
198285
198296
198297
198303
198306
198307
198308
198310
198312
198313
198315
198326
198332
198339
198340
198343
198346
198351
198353
198356
198364
198370
198371
198377
198379
198383
198387
198388
198389
198396
198400
198403
198407
198414
198445
198450
198465
198470
198473
198475
198478
198481
198484
198486
198491
198492
198493
198495
198500
198502
198504
198505
198515
198517
198519
198524
198525
198530
198536
198538
198542
198545
198553
198556
198557
198567
198572
198576
198577
198578
198580
198582
198590
198592
198594
198595
198600
198604
198610
198611
198613
198617
198619
198622
198629
198635
198646
198649
198658
198662
198667
198669
198671
198672
198678
198682
198684
198686
198688
198690
198692
198703
198709
198731
198733
198741
198743
198744
198746
198748
198751
198755
198758
198764
198768
198770
198780
198784
198788
198797
198850
198851
198852
198877
198881
198884
198888
198890
198891
198893
198895
198897
198902
198904
198907
198911
198913
198919
198923
198934
198935
198936
198939
198942
198954
198956
198958
198959
198960
198963
198965
198966
198983
198991
198996
198999
199002
199006
199010
199024
199027
199032
199034
199040
199043
199048
199052
199053
199057
199060
199064
199068
199069
199070
199075
199077
199079
199080
199081
199095
199115
199118
199125
199129
199133
199161
199164
199165
199169
199176
199177
199179
199182
199185
199194
199196
199203
199206
199216
199223
199225
199227
199228
199229
199234
199236
199237
199238
199239
199241
199245
199246
199247
199249
199259
199261
199267
199268
199272
199289
199292
199301
199302
199310
199313
199314
199326
199339
199343
199345
199354
199373
199374
199375
199389
199391
199407
199409
199423
199430
199437
199442
199443
199447
199450
199453
199475
199482
199491
199500
199503
199508
199513
199514
199518
199521
199524
199527
199532
199533
199538
199539
199555
199581
199582
199588
199589
199590
199595
199596
199599
199601
199602
199608
199621
199623
199626
199629
199630
199634
199639
199641
199643
199646
199656
199659
199664
199684
199685
199694
199695
199702
199705
199708
199709
199712
199713
199718
199720
199722
199723
199734
199737
199743
199758
199763
199765
199771
199774
199780
199781
199794
199796
199797
199798
199800
199811
199813
199814
199815
199820
199821
199825
199827
199843
199844
199864
199865
199869
199873
199885
199886
199887
199889
199891
199892
199899
199900
199904
199911
199914
199918
199922
199929
199932
199935
199943
199949
199952
199955
199958
199961
199966
199967
199968
199977
199997
