266
2744
3162
4196
4197
4210
5128
6076
6077
6078
6079
6080
6348
8076
10549
11353
11497
11512
11513
11517
11593
12543
12564
12623
12627
12635
12648
12650
12661
12702
12705
12740
12748
12751
12752
12756
12782
12785
12786
12809
12810
12817
12826
12829
12838
12839
12840
12850
12856
12876
12887
12888
12899
12911
12912
12913
12915
12965
12967
12979
13014
13017
13059
13063
13069
13070
13073
13075
13090
13093
13098
13099
13100
13101
13127
13130
13133
13134
13139
13143
13148
13150
13156
13204
13205
13206
13210
13219
13228
13230
13287
13292
13302
13352
13356
13362
13369
13377
13386
13408
13409
13445
13456
13457
13480
13484
13499
13503
13510
13531
13595
13600
13603
13604
13607
13613
13665
13666
13674
13679
13711
13727
13728
13729
13733
13737
13738
13739
13743
13747
13804
13805
13813
13817
13835
13854
13865
13873
13876
13878
13879
13883
13884
13890
13901
13902
13903
13907
13953
13960
13965
13980
13981
13983
13985
13986
13989
13994
13998
14000
14017
14018
14028
14035
14042
14070
14073
14082
14111
14139
14143
14163
14196
14221
14224
14231
14235
14236
14237
14250
14251
14256
14300
14301
14302
14307
14312
14316
14364
14365
14366
14374
14383
14385
14386
14389
14390
14394
14408
14416
14458
14464
14466
14467
14470
14476
14481
14495
14503
14507
14523
14525
14528
14534
14539
14540
14541
14560
14561
14562
14566
14594
14653
14658
14679
14681
14682
14689
14690
14695
14709
14721
14730
14745
14746
14771
14776
14793
14804
14807
14822
14828
14833
14842
14855
14883
14890
14898
14907
14910
14912
14913
14917
14921
14937
14983
14984
14988
15029
15046
15047
15053
15054
15064
15072
15073
15074
15076
15088
15089
15090
15111
15112
15113
15121
15183
15202
15203
15217
15218
15281
15282
15295
15298
15314
15317
15318
15319
15320
15323
15331
15343
15347
15359
15374
15379
15381
15382
15471
15472
15473
15478
15508
15509
15616
15617
15671
15672
15676
15689
15737
15738
15739
15743
15846
15860
15862
15894
15895
15910
15915
15920
15929
15930
15942
15943
15964
15989
15990
16004
16016
16018
16046
16047
16058
16061
16062
16065
16079
16080
16081
16120
16139
16140
16150
16151
16152
16153
16163
16204
16205
16216
16222
16224
16225
16228
16247
16286
16287
16293
16296
16297
16304
16306
16308
16321
16322
16333
16334
16335
16336
16337
16338
16350
16353
16354
16384
16385
16399
16417
16432
16448
16455
16468
16478
16504
16505
16509
16536
16537
16538
16539
16540
16541
16542
16558
16564
16565
16566
16571
16582
16583
16585
16592
16593
16596
16598
16607
16610
16618
16622
16623
16625
16626
16633
16674
16692
16695
16716
16748
16758
16760
16762
16765
16768
16770
16782
16784
16785
16786
16787
16788
16804
16829
16844
16847
16851
16868
16871
16875
16879
16880
16884
16885
16902
16923
16929
16935
16942
16951
16954
16983
17071
17157
17158
17163
17164
17173
17184
17189
17209
17213
17216
17221
17222
17223
17224
17225
17230
17231
17232
17233
17234
17238
17240
17243
17245
17246
17250
17253
17324
17326
17665
17666
17673
17729
17868
17874
17948
18293
18294
18297
18314
18579
18580
18584
18588
18590
18594
18598
18601
18603
18716
18717
18718
18724
18732
18968
18971
18973
18977
18980
18982
18983
18985
18996
19001
19004
19035
19036
19037
19043
19044
19045
19046
19049
19076
19086
19095
19208
19284
19285
19308
19310
19312
19315
19316
19318
19357
19401
19404
19414
19418
19423
19429
19430
19434
19436
19455
19457
19470
19938
19940
20089
20117
20245
20248
20256
20263
20264
20265
20266
20267
20273
20274
20278
20279
20283
20284
20288
20300
20304
20496
20542
20562
20564
20566
20569
20571
20574
20577
20580
20582
20583
20587
20616
20623
20629
20631
20636
20644
20646
20666
20668
20672
20674
20677
20689
20692
20695
20698
20701
20704
20705
20706
20709
20710
20711
20712
20715
20716
20717
20719
20722
20725
20774
20777
20780
21043
21066
21068
21070
21074
21179
21180
21181
21182
21183
21232
21233
21234
21235
21236
21237
21238
21239
21249
21250
21252
21256
21260
21263
21265
21269
21271
21285
21286
21287
21299
21307
21338
21340
21341
21353
21355
21357
21371
21373
21377
21379
21385
21388
21398
21424
21425
21426
21427
21439
21441
21444
21445
21447
21453
21455
21457
21462
21468
21475
21489
21491
21510
21526
21537
21554
21563
21573
21581
21618
21621
21624
21633
21634
21640
21645
21646
21669
21670
21674
21686
21706
21707
21708
21712
21720
21721
21744
21750
21814
21820
21832
21865
21873
21874
21885
21904
21909
21910
21911
21912
21913
21920
21924
21995
21998
22017
22039
22052
22059
22060
22061
22064
22094
22103
22106
22162
22163
22164
22165
22166
22167
22168
22169
22171
22175
22180
22181
22182
22189
22228
22233
22237
22290
22291
22292
22293
22304
22306
22325
22394
22396
22401
22407
22493
22556
22583
22590
22599
22862
22867
22932
22951
22973
22975
22989
23145
23225
23270
23272
23343
23378
23392
23474
23484
23560
23618
23670
23738
23739
23740
23741
23742
23743
23744
23745
23747
23749
23750
23752
23753
23755
23758
23759
23760
23764
23765
23770
23771
23774
23776
23778
23783
23787
23793
23797
23802
23805
23811
23812
23813
23814
23817
23821
23822
23823
23828
23831
23837
23843
23847
23855
23926
23953
23968
23980
24007
24008
24009
24010
24035
24040
24053
24075
24079
24080
24081
24082
24085
24122
24132
24286
24289
24310
24327
24373
24455
24483
24484
24503
24532
24549
24557
24567
24570
24573
24581
24616
24623
24727
24771
24814
24815
24816
24817
24818
24819
24820
24821
24822
24824
24827
24831
24832
24835
24842
24844
24847
24852
24857
24863
24869
24883
24892
24913
25032
25098
25099
25128
25137
25145
25156
25165
25192
25197
25198
25199
25200
25243
25244
25268
25278
25300
25303
25304
25306
25308
25323
25324
25370
25373
25376
25381
25430
25507
25510
25512
25572
25584
25586
25587
25588
25629
25651
25655
25659
25660
25661
25694
25704
25705
25706
25707
25708
25709
25710
25715
25719
25722
25724
25730
25739
25740
25768
25771
25772
25773
25774
25778
25797
25798
25814
25815
25816
25844
25845
25878
25879
25880
25881
25885
25886
25913
25914
25915
25920
25921
25932
25933
25934
25938
25949
25950
25952
25964
25969
25995
26000
26002
26004
26005
26006
26011
26018
26019
26024
26028
26036
26064
26066
26143
26144
26149
26186
26194
26198
26212
26217
26220
26258
26259
26310
26311
26314
26315
26316
26321
26322
26323
26325
26339
26340
26341
26342
26343
26345
26348
26352
26354
26364
26376
26401
26402
26407
26409
26417
26424
26465
26466
26469
26472
26509
26511
26516
26526
26528
26590
26618
26627
26655
26666
26669
26673
26682
26704
26721
26722
26723
26724
26737
26738
26739
26744
26746
26748
26749
26756
26758
26772
26778
26781
26793
26796
26820
26821
26822
26823
26824
26829
26830
26833
26834
26836
26837
26841
26845
26846
26847
26848
26851
26860
26861
26867
26870
26871
26883
26884
26886
26887
26928
26929
26951
26952
26953
26954
26955
26956
26957
26962
26963
26967
26968
26980
26987
26991
26993
26996
26998
27006
27024
27026
27032
27047
27049
27082
27091
27101
27133
27136
27137
27138
27139
27140
27150
27162
27163
27171
27175
27179
27208
27252
27277
27287
27295
27304
27306
27307
27312
27319
27323
27346
27353
27355
27374
27376
27378
27381
27383
27387
27392
27395
27425
27442
27450
27451
27457
27461
27462
27471
27476
27479
27481
27494
27496
27506
27519
27541
27542
27543
27545
27546
27548
27644
27654
27675
27692
27694
27720
27756
27804
27812
27813
27823
27835
27837
27848
27874
27875
27876
27878
27879
27887
27890
27892
27894
27895
27896
27910
27911
27912
27913
27914
27915
27917
27918
27919
27920
27921
27922
27925
27926
27928
27930
27931
27932
27936
27937
27939
27946
27947
27949
27951
27952
27954
27956
27958
27963
27964
27967
27970
27975
27979
27982
27983
27987
27988
27989
27991
27994
27995
27996
27998
28003
28009
28011
28015
28022
28030
28036
28047
28048
28049
28055
28056
28057
28059
28060
28121
28122
28134
28135
28159
28163
28169
28175
28177
28179
28185
28190
28195
28199
28205
28206
28225
28227
28235
28236
28244
28251
28288
28293
28296
28304
28326
28328
28343
28344
28368
28415
28416
28438
28453
28462
28484
28493
28494
28536
28553
28554
28585
28587
28593
28620
28621
28627
28628
28630
28634
28667
28689
28703
28704
28707
28719
28724
28727
28746
28776
28777
28782
28790
28799
28851
28872
28887
28897
28903
28905
28907
28908
28934
28981
29003
29004
29006
29020
29022
29039
29040
29041
29043
29046
29048
29050
29052
29064
29065
29067
29070
29114
29115
29116
29118
29121
29122
29134
29141
29146
29160
29169
29191
29204
29217
29219
29220
29223
29227
29228
29233
29239
29242
29249
29262
29263
29264
29270
29273
29328
29333
29421
29428
29432
29435
29459
29460
29471
29472
29475
29476
29478
29484
29489
29494
29498
29499
29501
29506
29512
29519
29522
29530
29533
29541
29543
29547
29553
29564
29568
29569
29570
29571
29572
29573
29577
29580
29585
29587
29589
29594
29595
29608
29698
29720
29766
29769
29773
29774
29789
29792
29812
29831
29863
29877
29882
29883
29949
29950
30024
30082
30083
30084
30085
30086
30087
30088
30089
30090
30091
30160
30176
30181
30182
30186
30212
30213
30214
30215
30225
30226
30230
30237
30242
30275
30280
30302
30303
30316
30317
30338
30351
30352
30353
30358
30371
30373
30377
30390
30394
30421
30430
30439
30440
30442
30457
30459
30465
30509
30522
30538
30602
30644
30803
30804
30838
30842
30847
30857
30924
30946
30949
30962
30964
30965
30981
30984
30999
31000
31004
31008
31012
31016
31028
31031
31034
31037
31057
31064
31065
31066
31067
31081
31083
31088
31089
31096
31105
31106
31107
31115
31125
31128
31136
31138
31139
31181
31182
31212
31215
31410
31518
31540
31550
31565
31566
31569
31570
31571
31581
31582
31583
31585
31587
31600
31613
31624
31677
31678
31679
31680
31681
31682
31683
31693
31694
31698
31701
31702
31703
31704
31705
31710
31716
31721
31728
31753
31805
31807
31827
31830
31852
31858
31866
31890
31891
31892
31893
31895
31896
31898
31901
31902
31908
31910
31912
31914
31915
31917
31921
31924
31926
31935
31941
31942
31946
31948
31949
31954
31965
31966
31976
32000
32001
32007
32018
32019
32043
32061
32066
32067
32068
32070
32072
32073
32076
32081
32085
32169
32183
32198
32207
32229
32235
32237
32241
32272
32317
32318
32327
32330
32332
32360
32366
32367
32368
32369
32370
32376
32384
32387
32389
32394
32396
32399
32402
32406
32408
32411
32413
32416
32419
32424
32428
32433
32445
32448
32453
32458
32476
32478
32480
32481
32482
32489
32494
32496
32498
32532
32539
32547
32556
32558
32572
32607
32615
32618
32622
32636
32645
32653
32654
32664
32671
32674
32678
32688
32692
32720
32751
32757
32784
32787
32814
32888
32889
32913
32914
32917
32918
32919
32923
32927
32931
32934
32968
33058
33076
33085
33088
33137
33139
33184
33190
33229
33230
33252
33272
33277
33278
33279
33285
33287
33288
33340
33396
33397
33402
33403
33404
33405
33406
33407
33408
33409
33412
33424
33428
33429
33430
33434
33440
33444
33445
33446
33447
33448
33450
33452
33454
33455
33458
33462
33467
33472
33476
33478
33481
33505
33512
33646
33670
33674
33678
33682
33728
33780
33953
33980
33985
33987
33988
34007
34038
34049
34056
34154
34159
34160
34161
34162
34164
34165
34169
34170
34171
34315
34569
34570
34572
34573
34575
34580
34581
34583
34584
34592
34600
34605
34618
34629
34810
35742
35752
35760
35782
35810
35813
35820
35823
35859
35882
36222
36482
36794
36799
36805
36824
36825
36840
36841
36846
36849
36853
36862
36863
36868
36871
36876
36884
36919
36937
36977
36988
37021
37028
37029
37036
37037
37039
37041
37052
37057
37058
37063
37088
37131
37135
37139
37140
37198
37201
37205
37206
37210
37211
37216
37222
37223
37229
37230
37231
37233
37236
37238
37243
37252
37293
37294
37303
37305
37308
37312
37314
37315
37319
37322
37331
37340
37346
37365
37369
37378
37414
37416
37439
37489
37490
37492
37495
37506
37585
37586
37587
37588
37589
37604
37608
37609
37613
37615
37625
37628
37629
37632
37635
37671
37672
37673
37675
37678
37682
37686
37730
37882
37890
37921
37922
37931
37936
37946
37951
37956
37968
37972
37973
37976
37978
37992
37995
38007
38015
38019
38064
38073
38098
38115
38118
38122
38126
38128
38139
38152
38348
38349
38350
38351
38352
38353
38354
38355
38436
38437
38503
38557
38706
38707
39047
39139
39294
39312
39315
39316
39318
39321
39323
39325
39327
39333
39338
39344
39347
39350
39351
39364
39377
39378
39389
39399
39403
39418
39420
39426
39448
39453
39523
39549
39573
39576
39577
39590
39591
39597
39603
39647
39651
39719
39732
39733
39741
39752
39763
39785
39806
39815
39851
39909
39913
39936
40039
40132
40133
40143
40147
40151
40161
40273
40280
40281
40317
40319
40359
40360
40362
40371
40383
40409
40410
40412
40414
40416
40417
40419
40420
40423
40425
40427
40429
40432
40435
40452
40464
40466
40468
40491
40513
40515
40516
40522
40523
40527
40535
40541
40544
40545
40547
40556
40587
40589
40591
40592
40593
40599
40600
40602
40604
40607
40609
40622
40639
40666
40668
40677
40678
40680
40685
40687
40738
40752
40767
40769
40771
40826
40827
40830
40832
40834
40835
40837
40840
40842
40844
40851
40855
40859
40864
40877
40880
40885
40887
40919
40957
40968
40975
40990
41005
41007
41008
41010
41012
41014
41019
41020
41021
41046
41064
41066
41068
41069
41072
41074
41097
41106
41115
41124
41130
41145
41155
41157
41159
41161
41163
41196
41199
41232
41240
41254
41257
41264
41276
41278
41279
41281
41296
41299
41301
41303
41306
41308
41317
41319
41336
41353
41359
41360
41361
41366
41367
41376
41377
41383
41392
41404
41410
41413
41420
41424
41437
41439
41441
41443
41445
41453
41504
41539
41543
41575
41581
41625
41652
41674
41697
41700
41701
41710
41866
41879
41961
41970
41971
41979
41993
41997
42002
42003
42014
42019
42068
42092
42098
42103
42127
42135
42138
42139
42140
42146
42169
42177
42182
42187
42251
42502
42567
42650
42655
42657
42660
42661
42665
42686
42729
42735
42736
42761
42765
42769
42900
42913
42926
42948
42952
42955
42962
42964
43029
43048
43113
43114
43120
43180
43190
43205
43228
43291
43315
43321
43361
43392
43452
43456
43460
43464
43465
43466
43479
43486
43487
43528
43538
43550
43554
43555
43577
43578
43598
43650
43664
43694
43714
43744
43769
43773
43775
43776
43777
43782
43789
43790
43814
43817
43827
43835
43875
43894
43895
43910
43913
43920
43930
43944
43946
43951
43973
43983
44116
44179
44180
44218
44219
44230
44265
44270
44292
44293
44303
44311
44319
44378
44384
44416
44443
44477
44483
44521
44543
44558
44559
44567
44568
44573
44574
44588
44590
44594
44615
44616
44628
44655
44667
44668
44676
44677
44678
44681
44684
44746
44752
44753
44757
44758
44761
44765
44773
44789
44808
44809
44822
44823
44827
44829
44852
44853
44855
44899
44973
44974
44982
44988
44992
44997
45003
45004
45008
45026
45077
45080
45081
45103
45104
45105
45106
45111
45112
45113
45114
45115
45134
45135
45136
45137
45217
45218
45245
45246
45249
45253
45258
45271
45274
45278
45283
45293
45310
45315
45472
45617
45618
45620
45622
45630
45647
45649
45660
45692
45698
45715
45800
45804
45808
45847
45868
45877
45878
45896
45901
45904
45943
45976
45983
46004
46036
46048
46054
46056
46062
46068
46079
46093
46118
46119
46120
46121
46147
46149
46165
46175
46180
46216
46228
46270
46273
46323
46324
46325
46326
46342
46380
46388
46446
46526
46527
46547
46548
46549
46553
46564
46565
46575
46583
46632
46673
46674
46693
46694
46696
46699
46749
46776
46810
46811
46824
46865
46868
46873
46875
46877
46878
46912
46924
46959
46960
46961
46962
46987
46988
47016
47017
47034
47051
47076
47077
47078
47079
47089
47108
47112
47117
47140
47141
47154
47160
47171
47176
47200
47246
47247
47292
47298
47328
47336
47396
47410
47412
47466
47476
47477
47478
47479
47486
47517
47522
47524
47528
47533
47554
47607
47619
47621
47633
47634
47695
47705
47735
47736
47746
47762
47769
47826
47829
47839
47851
47875
47882
47885
47890
47897
47951
47960
47961
47962
48014
48024
48031
48049
48060
48077
48118
48188
48189
48190
48191
48192
48207
48261
48282
48286
48290
48296
48390
48447
48448
48449
48457
48463
48472
48491
48494
48495
48496
48497
48498
48499
48500
48501
48509
48525
48529
48532
48540
48547
48549
48553
48561
48567
48571
48577
48582
48588
48597
48685
48702
48704
48706
48710
48717
48778
48791
48792
48801
48806
48832
48852
48856
48879
48880
48881
48936
48956
48962
48967
48970
48987
49001
49003
49024
49026
49030
49031
49034
49035
49041
49043
49053
49068
49099
49109
49113
49137
49138
49151
49186
49196
49197
49198
49199
49203
49204
49209
49210
49211
49230
49231
49241
49247
49262
49272
49275
49305
49315
49338
49343
49346
49363
49376
49378
49381
49383
49418
49436
49441
49483
49486
49494
49495
49502
49541
49542
49594
49617
49630
49633
49637
49641
49652
49657
49659
49679
49682
49684
49696
49810
49849
49850
49870
49872
49874
49879
49880
49883
49885
49911
49935
49951
49960
49961
49962
49963
49970
49971
49972
49976
49977
49978
49995
49997
50001
50002
50005
50015
50018
50021
50098
50103
50107
50108
50118
50131
50166
50174
50201
50204
50227
50228
50229
50240
50245
50252
50305
50306
50307
50316
50323
50324
50330
50332
50337
50338
50341
50342
50343
50348
50354
50355
50357
50377
50391
50405
50420
50424
50427
50430
50462
50483
50518
50519
50523
50525
50526
50529
50530
50705
50710
50719
50757
50758
50759
50760
50761
50762
50763
50765
50769
50771
50775
50781
50790
50793
50796
50804
50812
50817
50821
50838
50856
50859
50864
50865
50874
50879
50927
50944
50957
50964
50975
50981
51060
51061
51091
51117
51120
51123
51124
51149
51157
51159
51237
51241
51244
51245
51250
51268
51270
51272
51274
51275
51278
51279
51280
51284
51292
51300
51303
51306
51309
51319
51323
51329
51335
51380
51386
51387
51388
51389
51394
51406
51410
51413
51421
51435
51454
51456
51461
51463
51491
51493
51495
51522
51524
51526
51528
51530
51532
51533
51560
51565
51570
51598
51607
51614
51625
51627
51629
51630
51631
51632
51633
51634
51641
51698
51700
51702
51704
51705
51708
51709
51712
51714
51728
51730
51736
51738
51741
51746
51747
51749
51752
51756
51761
51765
51773
51776
51778
51793
51794
51795
51796
51801
51802
51804
51805
51806
51807
51813
51815
51820
51828
51835
51837
51855
51861
51862
51863
51866
51868
51871
51872
51873
51880
51881
51882
51909
51918
51921
51922
51930
51932
51934
51937
52045
52046
52185
52290
52291
52292
52293
52294
52295
52296
52297
52298
52299
52407
52408
52409
52410
52431
52438
52439
52450
52477
52484
52494
52496
52498
52506
52590
52594
52609
52638
52670
52708
52713
52716
52717
52724
52745
52761
52847
52848
52849
52850
52886
52930
52958
52963
52969
52986
52987
52988
52989
52990
52996
53039
53044
53082
53093
53094
53095
53126
53127
53128
53130
53134
53136
53151
53154
53157
53160
53161
53166
53167
53177
53190
53199
53210
53248
53249
53265
53266
53278
53306
53316
53321
53326
53335
53337
53338
53339
53342
53347
53348
53349
53352
53353
53356
53357
53364
53387
53388
53393
53395
53397
53398
53400
53404
53409
53418
53420
53428
53438
53441
53442
53465
53492
53604
53605
53607
53608
53621
53627
53716
53720
53726
53784
53788
53807
53810
53820
53821
53823
53826
53827
53830
53832
53847
53851
53854
53907
53910
53944
53947
53973
53976
53996
53999
54073
54074
54084
54085
54087
54089
54180
54186
54188
54189
54190
54191
54193
54195
54197
54200
54201
54202
54204
54208
54209
54217
54233
54257
54258
54261
54267
54271
54289
54290
54325
54334
54337
54364
54372
54373
54374
54375
54379
54382
54387
54388
54393
54415
54417
54418
54419
54431
54439
54448
54450
54456
54457
54462
54463
54488
54489
54491
54494
54503
54525
54527
54540
54548
54550
54553
54554
54556
54562
54569
54570
54572
54573
54576
54577
54579
54583
54584
54585
54586
54587
54588
54594
54595
54603
54639
54644
54647
54650
54651
54653
54667
54668
54669
54670
54671
54673
54675
54678
54679
54684
54685
54687
54689
54705
54706
54719
54730
54761
54764
54765
54768
54769
54771
54917
54918
54921
54922
54923
54960
55016
55133
55135
55219
55221
55229
55242
55247
55256
55276
55319
55347
55452
55454
55456
55458
55459
55461
55464
55482
55524
55525
55527
55528
55530
55532
55540
55541
55543
55544
55552
55559
55589
55661
55712
55715
55717
55723
55724
55725
55757
55817
55842
55843
55876
55918
55920
55921
55940
55941
55990
55994
56013
56014
56018
56021
56024
56028
56035
56039
56041
56045
56063
56092
56153
56167
56178
56187
56224
56237
56263
56265
56267
56268
56271
56274
56276
56278
56280
56282
56381
56391
56410
56429
56430
56433
56434
56435
56455
56457
56461
56462
56464
56465
56509
56510
56513
56515
56522
56524
56531
56536
56558
56567
56579
56581
56583
56585
56586
56606
56607
56610
56611
56613
56614
56616
56617
56618
56619
56622
56623
56625
56629
56632
56634
56652
56653
56654
56657
56668
56689
56690
56708
56715
56717
56718
56735
56758
56759
56770
56781
56787
56788
56809
56810
56811
56814
56817
56825
56830
56836
56837
56840
56881
56891
56892
56905
56907
56908
56909
56910
56911
56913
56920
56924
56926
56936
56937
56940
56964
56969
57014
57016
57036
57037
57039
57040
57053
57066
57067
57068
57082
57085
57088
57099
57100
57105
57127
57164
57165
57166
57167
57173
57191
57203
57207
57208
57210
57211
57287
57290
57307
57313
57336
57337
57342
57343
57344
57410
57411
57436
57447
57452
57453
57505
57586
57597
57609
57613
57615
57628
57629
57630
57633
57638
57639
57650
57651
57655
57664
57665
57666
57678
57679
57769
57770
57826
57827
57828
57837
57853
57856
57879
57880
57897
57936
58040
59449
60485
60489
60570
60572
60581
60583
60588
60598
60600
60601
60603
60635
60636
60696
60708
60709
60710
60723
60724
60736
60744
60748
60749
60823
60825
60826
60832
60833
60839
60842
60888
60900
60901
60902
60903
60913
60932
60941
60947
60986
60987
60998
61005
61006
61091
61107
61112
61115
61117
61137
61147
61150
61151
61158
61180
61193
61208
61218
61222
61223
61224
61227
61228
61234
61267
61268
61269
61288
61291
61294
61295
61296
61299
61300
61301
61335
61336
61337
61344
61360
61362
61364
61391
61392
61393
61403
61412
61427
61428
61429
61430
61435
61436
61449
61465
61545
61590
61596
61597
61598
61605
61644
61645
61646
61647
61656
61658
61660
61661
61663
61665
61668
61669
61784
61803
61804
61805
62037
62038
62039
62040
62058
62070
62110
62137
62344
62345
62378
62379
62381
62382
62722
62723
62724
62726
62734
62739
62758
62770
62773
62779
62787
62788
62799
62810
62813
62864
62867
62900
62948
62951
62952
62956
62957
62986
62989
62994
62995
62997
63034
63039
63064
63065
63068
63069
63070
63071
63072
63081
63090
63110
63111
63113
63114
63117
63119
63120
63136
63137
63138
63165
63166
63167
63168
63169
63189
63199
63200
63202
63203
63229
63234
63235
63236
63254
63260
63279
63313
63343
63344
63345
63346
63347
63348
63351
63352
63354
63355
63359
63361
63370
63375
63377
63378
63379
63385
63390
63391
63434
63484
63487
63517
63520
63523
63526
63539
63540
63541
63543
63545
63548
63549
63553
63599
63600
63604
63606
63625
63626
63627
63628
63629
63630
63631
63646
63650
63651
63652
63653
63654
63655
63656
63657
63658
63667
63668
63672
63681
63682
63686
63687
63692
63697
63715
63716
63717
63718
63719
63720
63721
63722
63725
63730
63734
63736
63742
63745
63749
63762
63779
63781
63793
63806
63808
63810
63813
63817
63863
63865
63866
63888
63889
63892
63893
63897
63900
63920
63921
63924
63942
63969
63976
63977
64050
64051
64055
64056
64057
64074
64075
64076
64080
64081
64083
64084
64095
64096
64115
64196
64197
64204
64207
64214
64229
64230
64250
64251
64275
64276
64277
64304
64331
64346
64350
64351
64418
64419
64488
64520
64596
64624
64835
64971
64972
64973
65436
65437
65464
65467
65567
65568
65573
65574
65575
65576
65583
65592
65594
65595
65599
65614
65615
65619
65623
65630
65645
65690
65691
65714
65715
65717
65720
65734
65745
65746
65749
65750
65768
65792
65793
65795
65796
65797
65801
65808
65809
65810
65812
65816
65818
65823
65841
65842
65843
65844
65863
65867
65900
65907
65912
65933
65935
65936
66073
66074
66123
66136
66142
66145
66191
66195
66239
66255
66259
66263
66266
66275
66280
66282
66285
66298
66300
66303
66305
66336
66371
66377
66381
66393
66396
66404
66416
66529
66532
66544
66560
66561
66567
66568
66582
66583
66588
66589
66595
66596
66602
66607
66629
66646
66661
66664
66676
66733
66734
66742
66745
66748
66753
66758
66759
66762
66767
66768
66769
66771
66773
66778
66783
66784
66814
66816
66832
66834
66835
66836
66837
66838
66842
66843
66844
66845
66862
67046
67070
67071
67144
67503
67530
67533
67545
67547
68067
68073
68074
68609
68648
68655
69380
69390
69400
69401
69402
69419
69420
69428
69436
69443
69446
69447
69453
69454
69456
69462
69471
69486
69489
69490
69492
69493
69495
69499
69500
69521
69524
69539
69540
69541
69542
69543
69546
69552
69553
69554
69558
69586
69587
69593
69602
69603
69604
69609
69618
69659
69660
69661
69662
69664
69667
69669
69673
69684
69687
69688
69689
69736
69744
69747
69748
69757
69767
69770
69785
69786
69801
69831
69832
69833
69884
69888
69974
70039
70041
70054
70057
70061
70062
70063
70077
70078
70080
70083
70094
70096
70099
70114
70117
70132
70133
70140
70148
70151
70152
70185
70189
70192
70235
70236
70243
70246
70254
70255
70256
70258
70263
70268
70273
70274
70278
70283
70287
70288
70292
70295
70313
70333
70345
70351
70352
70354
70386
70393
70407
70408
70414
70418
70423
70425
70437
70438
70592
70602
70608
70658
70660
70664
70665
70684
70793
70852
70868
71089
71242
71253
71256
71264
71265
71271
71276
71277
71318
71319
71321
71322
71323
71336
71341
71342
71349
71370
71374
71375
71376
71378
71379
71380
71381
71402
71405
71407
71408
71409
71410
71411
71415
71421
71423
71424
71434
71438
71444
71479
71482
71483
71492
71522
71527
71541
71542
71544
71548
71549
71551
71554
71555
71557
71562
71565
71577
71578
71590
71597
71606
71616
71620
71641
71642
71643
71645
71647
71649
71651
71652
71653
71657
71678
71681
71682
71687
71697
71698
71718
71722
71723
71746
71747
71751
71752
71753
71767
71769
71772
71774
71775
71776
71778
71780
71783
71822
71829
71830
71841
71843
71857
71858
71865
71872
71902
71903
71909
71911
71916
71924
71932
71933
71934
71935
71940
71942
71944
71946
71948
71949
71978
72019
72020
72039
72041
72066
72125
72131
72137
72138
72156
72157
72158
72184
72257
72258
72270
72289
72300
72305
72339
72340
72350
72351
72372
72379
72380
72395
72397
72442
72444
72446
72448
72450
72463
72474
72492
72499
72512
72529
72535
72536
72550
72555
72559
72560
72571
72572
72573
72574
72578
72579
72615
72616
72619
72623
72640
72676
72677
72678
72680
72681
72683
72684
72685
72686
72710
72711
72712
72717
72718
72724
72727
72734
72738
72742
72762
72764
72767
72771
72774
72850
72852
72856
72857
72864
72876
72884
72922
72925
72926
72941
72974
72981
72990
72995
73000
73013
73014
73015
73016
73861
74177
74180
74276
74278
74279
74286
74287
74299
74307
74313
74359
74379
74430
74522
74539
74541
74579
74593
74594
74630
74645
74660
74665
74670
74680
74690
74793
74812
74824
74875
74968
75063
75084
75204
75208
75218
75223
75225
75226
75235
75248
75249
75252
75271
75273
75287
75288
75301
75314
75335
75336
75402
75403
75404
75405
75406
75407
75408
75409
75410
75411
75412
75426
75430
75493
75495
75496
75497
75498
75501
75517
75518
75533
75667
75668
75670
75671
75747
75929
76045
76052
76053
76863
76889
77077
77392
77952
78447
78785
78811
79918
80308
80840
80841
80843
80844
80847
80848
81247
81248
81429
81430
81431
81475
81642
81690
81692
81697
81698
81703
81708
81710
81715
81716
81721
81727
81729
81732
81735
81740
81742
81744
81750
81753
81758
81759
81763
81764
81773
81793
81801
81818
81854
81859
81861
81864
81871
81872
81887
81891
81945
81976
82052
82057
82058
82128
82133
82151
82164
82179
82180
82181
82183
82184
82186
82187
82191
82192
82199
82201
82203
82212
82282
82290
82293
82300
82302
82311
82334
82374
82377
82449
82450
82451
82452
82460
82461
82463
82464
82465
82477
82478
82485
82487
82506
82507
82551
82656
82871
82872
83247
83249
83253
83256
83261
83264
83267
83275
83276
83277
83278
83295
83296
83323
83327
83358
83361
83365
83366
83390
83396
83400
83435
83443
83452
83453
83467
83473
83479
83491
83519
83524
83532
83539
83544
83572
83608
83609
83610
83611
83612
83632
83633
83636
83642
83648
83670
83671
83673
83677
83680
83707
83708
83771
83772
83780
83797
83802
83803
83823
83830
83996
84004
84009
84033
84039
84060
84065
84088
84090
84098
84106
84116
84118
84120
84122
84124
84127
84139
84141
84142
84143
84147
84150
84162
84203
84205
84207
84209
84210
84213
84214
84215
84219
84220
84237
84238
84239
84240
84241
84255
84263
84265
84267
84269
84271
84278
84284
84296
84297
84308
84310
84312
84314
84316
84318
84319
84320
84321
84327
84329
84349
84351
84352
84353
84354
84356
84361
84417
84420
84422
84438
84439
84444
84450
84463
84466
84468
84469
84470
84471
84472
84473
84477
84502
84508
84510
84512
84515
84551
84561
84563
84565
84571
84577
84579
84581
84584
84603
84604
84608
84700
84701
84846
84855
84859
84865
84866
84889
84965
84966
84967
84968
84969
85009
85012
85058
85066
85075
85098
85147
85153
85162
85163
85218
85231
85237
85238
85243
85263
85264
85289
85350
85361
85362
85372
85373
85374
85383
85463
85464
85473
85474
85482
85483
85554
85555
85556
85570
85571
85626
85628
85634
85635
85636
85637
85650
85656
85690
85691
85751
85762
85763
85767
85768
85770
85780
85820
85825
85829
85830
85837
85841
85846
85847
85856
85860
85865
85874
85875
85876
85877
85881
85907
85920
85923
85945
85946
85948
85950
85961
85966
86015
86033
86040
86055
86067
86074
86075
86080
86097
86099
86101
86107
86130
86132
86133
86147
86161
86162
86180
86181
86182
86185
86199
86200
86205
86206
86210
86212
86238
86239
86243
86247
86271
86272
86276
86283
86286
86291
86297
86308
86309
86313
86342
86371
86414
86418
86419
86506
86507
86509
86529
86539
86541
86556
86557
86559
86562
86597
86598
86617
86641
86655
86661
86662
86675
86677
86686
86694
86715
86722
86733
86736
86740
86747
86748
86753
86756
86757
86764
86771
86774
86783
86785
86787
86795
86796
86824
86838
86841
86859
86866
86868
86871
86887
86915
86916
86917
86922
86923
86924
86926
86931
86932
86933
86935
86937
86949
86950
86990
87279
87324
87423
87536
87784
87966
89091
89231
89587
89612
89613
89643
89745
89753
89754
89769
90139
90141
90142
90175
90318
90371
90452
90470
90471
90473
90475
90476
90481
90483
90508
90511
90533
90536
90539
90545
90550
90556
90557
90573
90574
90653
90699
90743
90746
90749
90750
90752
90754
90755
90757
90758
90762
90778
90789
91034
91041
91043
91084
91090
91092
91094
91096
91097
91099
91100
91102
91106
91109
91110
91114
91118
91119
91210
91215
91230
91233
91237
91297
91299
91303
91304
91320
91322
91324
91325
91327
91329
91330
91331
91332
91334
91336
91338
91340
91341
91342
91346
91348
91356
91361
91380
91382
91398
91403
91405
91408
91423
91443
91450
91461
91462
91465
91466
91467
91488
91491
91492
91496
91500
91503
91513
91522
91534
91536
91547
91548
91555
91556
91558
91563
91564
91565
91577
91581
91604
91605
91646
91695
91706
91721
91722
91789
91790
91793
91797
91809
91813
91816
91818
91825
91835
91847
91850
91852
91857
91861
91864
91866
91867
91875
91880
91884
91885
91889
91920
91935
91955
91991
92019
92020
92023
92026
92028
92031
92033
92036
92038
92041
92070
92088
92089
92098
92099
92100
92116
92121
92134
92175
92178
92183
92184
92185
92200
92236
92266
92271
92272
92282
92286
92287
92288
92290
92308
92316
92349
92351
92366
92370
92375
92394
92395
92396
92423
92428
92470
92471
92474
92491
92493
92498
92509
92510
92511
92512
92513
92514
92515
92639
92649
92660
92691
92701
92707
92708
92717
92727
92729
92735
92740
92779
92782
92784
92795
92801
92851
92854
92857
92912
92913
92914
92916
92951
92990
92992
93009
93010
93012
93067
93070
93071
93072
93073
93118
93142
93146
93155
93156
93161
93162
93185
93211
93233
93236
93252
93312
93348
93352
93356
93358
93359
93364
93410
93411
93424
93425
93474
93490
93491
93496
93497
93499
93513
93514
93517
93518
93612
93617
93622
93625
93630
93632
93645
93669
93711
93716
93742
93796
93851
93857
93892
93906
93930
93931
93932
93944
93947
93953
93965
93973
94003
94039
94043
94053
94065
94066
94068
94074
94087
94128
94129
94130
94131
94134
94135
94137
94146
94147
94148
94152
94159
94165
94220
94221
94249
94341
94373
94378
94395
94403
94407
94434
94435
94453
94454
94455
94498
94524
94532
94537
94538
94570
94588
94653
94661
94662
94679
94684
94975
94976
94981
94986
94991
94996
94998
94999
95000
95003
95034
95037
95043
95044
95045
95049
95083
95084
95089
95097
95128
95129
95135
95136
95137
95138
95176
95179
95180
95208
95238
95239
95271
95272
95289
95291
95326
95334
95335
95383
95384
95388
95389
95398
95399
95400
95415
95419
95442
95443
95451
95452
95469
95499
95501
95510
95535
95536
95537
95539
95548
95570
95581
95584
95598
95634
95655
95658
95661
95714
95753
95775
95776
95792
95795
95796
95801
95802
95806
95925
95927
95962
95987
95997
95998
95999
96004
96008
96013
96020
96064
96065
96067
96113
96120
96123
96124
96125
96132
96268
96276
96292
96296
96298
96315
96316
96325
96326
96359
96360
96390
96391
96392
96415
96438
96441
96442
96443
96444
96445
96446
96457
96460
96468
96469
96472
96508
96509
96543
96546
96550
96551
96601
96620
96625
96626
96627
96630
96631
96632
96686
96687
96691
96694
96698
96699
96700
96703
96750
96752
96768
96789
96812
96815
96838
96841
96842
96846
96865
96870
96871
96872
96895
96896
96902
96904
96909
96915
96918
96920
96968
96984
97096
97097
97136
97137
97138
97139
97142
97143
97146
97147
97256
97270
97297
97300
97301
97309
97316
97322
97332
97333
97334
97335
97336
97337
97341
97344
97372
97427
97433
97439
97443
97456
97457
97478
97479
97552
97582
97617
97651
97652
97742
97758
97816
97817
97841
97842
97843
97845
97851
97853
97938
97939
97963
97973
97977
98022
98023
98095
98096
98113
98159
98160
98175
98184
98188
98192
98202
98244
98442
98450
98451
98454
98455
98456
98460
98466
98467
98468
98469
98470
98472
98475
98481
98486
98487
98527
98528
98530
98532
98564
98595
98596
98598
98603
98615
98684
98766
98786
98787
98822
98936
98940
98957
98958
98961
98963
98969
98985
99009
99011
99041
99092
99093
99106
99112
99119
99120
99140
99147
99160
99163
99181
99192
99201
99207
99213
99230
99231
99282
99283
99284
99327
99336
99337
99341
99342
99343
99347
99392
99581
99582
99613
99614
99615
99622
99695
99699
99715
99716
99735
99736
99738
99741
99742
99745
99750
99759
99764
99803
99876
99890
99902
99913
100012
100015
100020
100023
100025
100027
100030
100070
100077
100078
100087
100094
100099
100135
100140
100141
100151
100152
100153
100174
100183
100189
100201
100207
100214
100247
100249
100252
100253
100348
100472
100644
100720
100734
100737
100743
100753
100760
100976
100990
100991
100992
100993
100994
100998
101001
101002
101004
101005
101006
101007
101008
101012
101154
101167
101168
101189
101190
101229
101230
101275
101276
101348
101361
101425
101435
101436
101437
101445
101470
101477
101537
101538
101541
101554
101599
101620
101649
101650
101660
101662
101729
101753
101754
101767
101768
101769
101773
101788
101994
101995
102045
102047
102048
102065
102067
102086
102159
102165
102166
102170
102174
102175
102187
102195
102199
102200
102203
102206
102224
102269
102274
102280
102302
102355
102356
102381
102383
102385
102386
102395
102420
102421
102443
102446
102455
102456
102473
102474
102481
102495
102496
102497
102498
102531
102532
102533
102538
102539
102540
102549
102571
102584
102590
102594
102597
102653
102669
102676
102682
102683
102684
102685
102689
102717
102722
102724
102728
102771
102772
102775
102776
102779
102783
102801
102803
102806
102844
102855
102856
102858
102862
102876
102877
102882
102883
102886
102887
102890
102891
102892
102893
102896
102902
102923
102927
102928
102931
102946
103031
103032
103033
103040
103078
103124
103148
103149
103153
103158
103159
103174
103175
103176
103177
103178
103185
103186
103193
103195
103200
103202
103206
103207
103227
103228
103239
103240
103271
103313
103314
103331
103332
103333
103352
103425
103560
103562
103619
103677
103695
103696
103721
103741
103752
103760
103775
103779
103828
103835
103837
103872
103875
103885
103886
103892
103899
103900
103901
103917
103918
103931
103932
104037
104070
104071
104072
104073
104074
104080
104085
104091
104092
104093
104103
104107
104120
104121
104124
104127
104129
104130
104132
104133
104141
104142
104143
104144
104145
104154
104155
104157
104160
104191
104243
104244
104267
104281
104282
104294
104308
104310
104312
104322
104360
104361
104370
104412
104413
104415
104434
104435
104436
104438
104443
104468
104477
104480
104482
104484
104492
104493
104499
104500
104506
104551
104562
104571
104572
104573
104597
104598
104600
104604
104606
104608
104609
104620
104621
104622
104626
104628
104668
104691
104721
104722
104725
104727
104735
104757
104770
104772
104780
104785
104799
104800
104823
104830
104833
104911
104915
104922
104937
104951
104952
104963
104980
104985
104989
105024
105058
105059
105077
105084
105087
105095
105149
105159
105202
105247
105248
105249
105250
105251
105252
105264
105265
105266
105271
105277
105278
105280
105285
105299
105300
105316
105317
105330
105351
105352
105361
105363
105381
105382
105383
105384
105385
105386
105396
105399
105406
105409
105412
105415
105421
105512
105527
105577
105578
105585
105591
105592
105598
105599
105600
105603
105611
105612
105629
105635
105685
105687
105717
105722
105728
105740
105741
105742
105751
105775
105778
105786
105791
105795
105800
105805
105807
105809
105811
105817
105818
105823
105828
105829
105830
105831
105833
105838
105846
105852
105853
105862
105863
105865
105866
105869
105878
105880
105888
105892
105921
105928
105948
105949
105956
105962
105967
105975
105976
105977
105978
105982
105991
105992
106008
106014
106029
106037
106040
106041
106044
106046
106047
106064
106070
106075
106077
106078
106081
106082
106083
106092
106093
106094
106099
106106
106111
106126
106147
106171
106172
106173
106174
106214
106215
106230
106232
106233
106236
106253
106281
106291
106292
106293
106296
106297
106298
106301
106337
106339
106340
106391
106395
106402
106427
106443
106479
106480
106482
106485
106487
106489
106491
106496
106498
106499
106506
106511
106533
106542
106572
106591
106618
106619
106624
106625
106626
106627
106690
106696
106698
106719
106732
106733
106738
106744
106756
106757
106758
106759
106762
106764
106767
106774
106786
106787
106791
106794
106803
106811
106812
106819
106820
106824
106843
106848
106849
106850
106864
106866
106888
106900
106924
106964
107021
107031
107050
107062
107068
107115
107116
107121
107123
107179
107182
107250
107251
107252
107258
107311
107313
107317
107400
107402
107408
107420
107422
107428
107437
107438
107463
107494
107511
107512
107526
107527
107539
107542
107543
107547
107548
107553
107563
107576
107579
107581
107586
107587
107588
107590
107592
107595
107597
107598
107603
107604
107605
107606
107607
107630
107631
107644
107648
107649
107652
107654
107657
107659
107660
107666
107670
107673
107710
107720
107729
107733
107820
107824
107847
107855
107864
107865
107881
107884
107887
107920
107921
107922
107923
107924
107928
107930
107931
107934
107935
107936
107938
107939
107940
107941
107954
107959
107961
107966
107970
107978
107979
107980
107981
107984
107985
108026
108027
108030
108036
108238
108259
108263
108342
108350
108351
108357
108371
108388
108393
108394
108395
108399
108402
108418
108445
108457
108460
108463
108464
108469
108470
108478
108479
108486
108505
108513
108520
108523
108527
108545
108561
108779
108780
108781
108782
108783
108784
108849
108850
108851
108853
109069
109070
109160
109166
109225
109227
109243
109248
109249
109280
109311
109321
109334
109336
109371
109384
109386
109391
109394
109412
109413
109419
109423
109441
109442
109451
109458
109461
109463
109464
109465
109473
109474
109475
109477
109478
109488
109489
109491
109493
109496
109521
109527
109529
109530
109531
109532
109549
109551
109552
109569
109593
109624
109626
109628
109630
109649
109665
109672
109676
109677
109680
109684
109687
109691
109722
109723
109724
109726
109727
109728
109733
109740
109741
109783
109786
109793
109794
109795
109800
109830
109836
109838
109842
109846
109911
109912
109917
109920
109923
109924
109925
109926
109929
109931
109934
109935
109936
109938
109940
109944
109945
109947
109951
109953
109992
109994
109996
109999
110001
110002
110006
110008
110012
110014
110019
110020
110021
110022
110023
110024
110025
110028
110031
110034
110036
110088
110448
110460
110470
110475
110509
110510
110727
110729
110737
110741
110974
110978
110979
111212
111213
111352
111355
111358
111361
111364
111379
111488
111489
111492
111494
111499
111500
111504
111505
111509
111510
111527
111529
111547
111552
111565
111567
111569
111576
111577
111578
111579
111584
111596
111597
111598
111607
111649
111700
111707
111708
111773
111779
111781
111822
111896
111910
111911
111932
112043
112046
112050
112051
112058
112088
112129
112131
112133
112135
112137
112139
112251
112254
112275
112283
112286
112287
112291
112292
112294
112295
112296
112297
112299
112300
112302
112303
112307
112311
112315
112319
112355
112356
112357
112444
112445
112446
112447
112448
112474
112482
112506
112507
112548
112549
112554
112555
112606
112607
112612
112613
112657
112787
112922
112923
113127
113282
113283
113335
113400
113401
113409
113428
113429
113438
113448
113449
113454
113457
113458
113460
113461
113472
113485
113492
113493
113494
113524
113546
113547
113548
113551
113570
113586
113594
113600
113608
113614
113631
113641
113642
113643
113661
113663
113694
113706
113707
113708
113709
113711
113715
113717
113723
113731
113733
113735
113736
113747
113748
113749
113754
113758
113759
113762
113769
113770
113807
113819
113832
113835
113840
113846
113857
113868
113888
113897
113899
113944
113963
113988
113993
114010
114011
114024
114027
114032
114033
114039
114042
114043
114072
114079
114084
114088
114098
114099
114100
114104
114113
114114
114117
114121
114127
114131
114154
114155
114156
114161
114171
114175
114185
114189
114197
114211
114212
114216
114229
114235
114245
114247
114252
114254
114288
114290
114293
114294
114307
114308
114309
114313
114356
114399
114404
114405
114412
114413
114425
114426
114435
114449
114451
114466
114469
114474
114480
114481
114482
114483
114485
114501
114541
114544
114549
114553
114554
114558
114559
114662
114672
114675
114678
114681
114687
114688
114696
114697
114700
114703
114704
114708
114712
114713
114716
114726
114739
114740
114745
114754
114762
114766
114770
114779
114785
114799
114801
114803
114860
114861
114862
114866
114879
114883
114888
114898
114918
114921
114929
114933
114968
114969
115005
115006
115009
115013
115017
115028
115029
115038
115039
115042
115045
115046
115056
115065
115073
115076
115122
115125
115133
115134
115140
115144
115145
115150
115152
115153
115168
115170
115173
115174
115177
115182
115184
115185
115217
115219
115237
115254
115261
115264
115306
115309
115312
115313
115317
115320
115325
115327
115331
115334
115343
115344
115347
115349
115366
115389
115390
115399
115410
115417
115419
115420
115432
115437
115440
115441
115445
115450
115452
115457
115460
115461
115462
115464
115476
115477
115478
115481
115486
115492
115493
115500
115506
115507
115510
115515
115516
115517
115522
115551
115566
115577
115580
115589
115590
115592
115597
115611
115614
115615
115621
115630
115640
115641
115644
115649
115676
115681
115686
115689
115695
115703
115708
115712
115758
115760
115761
115762
115766
115768
115772
115774
115776
115777
115780
115781
115782
115783
115788
115790
115792
115810
115814
115822
115828
115842
115847
115853
115862
115864
115866
115869
115870
115915
115918
115920
115922
115923
115925
115926
115928
115929
115930
115931
115933
115948
115949
115952
115953
115960
115961
115962
115981
115985
115998
115999
116000
116001
116002
116003
116004
116005
116006
116008
116009
116011
116012
116021
116022
116023
116024
116027
116030
116053
116059
116076
116080
116090
116092
116093
116097
116110
116121
116127
116130
116131
116138
116162
116169
116171
116172
116200
116201
116203
116204
116207
116208
116211
116212
116215
116216
116220
116221
116222
116223
116225
116226
116232
116233
116243
116244
116245
116246
116247
116248
116249
116250
116251
116252
116259
116260
116261
116262
116274
116277
116283
116300
116308
116309
116310
116328
116329
116346
116353
116377
116390
116407
116408
116410
116414
116452
116454
116461
116477
116478
116482
116496
116561
116565
116581
116582
116583
116588
116936
116943
116946
116947
116956
116957
116958
116960
117000
117004
117008
117013
117019
117023
117030
117031
117134
117306
117315
117353
117356
117378
117386
117462
117774
117802
118044
118069
118073
118074
118081
118084
118126
118128
118139
118145
118185
118188
118222
118228
118238
118245
118260
118271
118279
118320
118325
118348
118356
118377
118380
118396
118416
118430
118437
118447
118450
118510
118513
118587
118592
118595
118633
118655
118687
118688
118719
118736
118738
118746
118747
118755
118761
118762
118772
118776
118777
118785
118788
118791
118802
118827
118831
118838
118845
118855
118869
118870
118877
118878
118889
118905
118906
118917
118921
118925
118943
118957
118967
119000
119002
119006
119008
119035
119040
119054
119070
119074
119083
119086
119106
119116
119117
119118
119135
119141
119156
119162
119163
119165
119169
119210
119216
119222
119228
119243
119244
119273
119289
119303
119304
119348
119381
119407
119410
119413
119416
119424
119453
119455
119463
119468
119481
119505
119553
119572
119601
119626
119635
119643
119650
119661
119683
119685
119688
119689
119701
119702
119715
119733
119739
119789
119794
119806
119870
119897
119928
119936
119941
119946
119950
120055
120062
120073
120107
120113
120120
120121
120122
120123
120124
120131
120139
120140
120159
120184
120190
120226
120258
120259
120263
120274
120358
120384
120385
120395
120400
120409
120411
120434
120438
120522
120727
120740
120742
120821
120832
120873
120874
120962
121060
121088
121102
121103
121104
121105
121145
121242
121247
121267
121272
121873
121971
122075
122136
122140
122168
122173
122178
122179
122182
122189
122199
122207
122212
122220
122272
122285
122288
122299
122302
122304
122318
122328
122373
122379
122421
122423
122459
122463
122465
122474
122476
122491
122525
122529
122838
122842
122871
122876
122909
122958
122961
122966
122970
122977
122982
123024
123066
123071
123075
123081
123117
123120
123123
123251
123258
123266
123308
123315
123352
123356
123399
123418
123436
123446
123466
123471
123486
123523
123525
123526
123527
123528
123533
123551
123599
123633
123634
123639
123640
123644
123708
123718
123727
123729
123817
123822
123823
123826
123827
123830
123851
123867
123882
123885
123890
123899
123901
123911
123915
123953
123966
123992
124002
124029
124031
124054
124095
124096
124156
124196
124209
124220
124223
124225
124237
124241
124260
124264
124323
124331
124337
124338
124339
124340
124342
124345
124352
124354
124369
124438
124446
124453
124454
124463
124475
124548
124549
124556
124663
124666
124667
124669
124672
124674
126669
127200
127218
127240
127251
127272
127319
127338
127347
127361
127363
127366
127395
127400
127403
127409
127410
127446
127452
127460
127475
127487
127510
127525
127528
127531
127536
127558
127563
127569
127577
127582
127606
127608
127641
127659
127661
127682
127697
127724
127727
127728
127729
127730
127744
127748
127796
127802
127809
127811
127814
127818
127841
127861
127867
127871
127885
127939
127941
127945
127948
127949
127962
127971
127979
128033
128034
128059
128061
128062
128063
128064
128065
128071
128072
128073
128077
128079
128080
128081
128102
128138
128139
128140
128143
128144
128147
128149
128152
128154
128156
128158
128159
128166
128196
128216
128218
128219
128220
128221
128222
128223
128224
128288
128290
128292
128293
128294
128337
128342
128344
128381
128382
128383
128384
128385
128386
128387
128388
128399
128401
128403
128404
128407
128418
128436
128469
128480
128493
128514
128527
128551
128552
128555
128556
128575
128580
128582
128585
128586
128606
128620
128627
128628
128630
128631
128633
128635
128637
128659
128666
128667
128668
128669
128688
128718
128749
128750
128902
128905
128917
128920
128922
128940
128996
129085
129090
129107
129109
129110
129111
129112
129113
129129
129130
129171
129181
129183
129204
129217
129223
129234
129246
129248
129255
129260
129264
129267
129280
129282
129290
129291
129318
129323
129342
129344
129354
129355
129364
129391
129412
129420
129421
129434
129449
129460
129464
129467
129468
129476
129477
129529
129564
129565
129566
129567
129683
129684
129685
129686
129687
129698
129706
129707
129736
129741
129754
129760
129763
129798
129804
129806
129808
129817
129819
129820
129821
129826
129829
129830
129832
129837
129844
129847
129852
129889
129890
129897
129898
129900
129911
129926
129930
129931
129932
129941
129947
129951
129952
129953
129959
129962
129967
129981
129982
129983
130005
130016
130027
130034
130043
130044
130049
130050
130057
130061
130062
130100
130101
130116
130117
130133
130138
130142
130150
130169
130170
130185
130200
130201
130202
130235
130236
130246
130249
130274
130276
130277
130278
130279
130282
130310
130312
130338
130341
130350
130351
130361
130366
130371
130372
130376
130379
130391
130393
130419
130421
130442
130446
130447
130448
130474
130495
130569
130570
130571
130572
130573
130574
130635
130643
130651
130659
130668
130676
130735
131217
131412
131542
131548
131549
131564
131567
131568
131606
131609
131665
131693
131719
131727
131729
131738
131741
131744
131745
131759
131761
131771
131778
131786
131805
132005
132007
132013
132018
132023
132024
132027
132029
132030
132052
132053
132054
132057
132073
132106
132111
132145
132149
132152
132165
132172
132208
132211
132219
132235
132241
132242
132244
132247
132261
132266
132275
132281
132282
132283
132286
132294
132306
132344
132347
132348
132351
132370
132385
132401
132404
132406
132419
132424
132431
132435
132458
132460
132520
132521
132554
132555
132563
132566
132571
132619
132620
132751
132780
132790
132802
132803
132806
132811
132843
132861
132870
132899
132910
132911
132913
132914
132918
132919
132939
132944
132945
132985
132995
133000
133008
133013
133065
133070
133076
133097
133118
133120
133121
133166
133176
133180
133195
133206
133209
133229
133245
133264
133265
133279
133317
133319
133321
133323
133375
133418
133432
133438
133442
133473
133479
133493
133517
133570
133611
133625
133629
133632
133633
133635
133645
133646
133669
133721
133729
133735
133736
133774
133775
133777
133783
133788
133802
133804
133808
133814
133868
133911
133925
133927
133933
133934
133943
133966
133971
133998
134002
134003
134071
134079
134086
134089
134095
134107
134117
134122
134138
134189
134190
134203
134206
134228
134270
134302
134343
134345
134348
134350
134352
134354
134355
134357
134358
134359
134364
134366
134367
134565
134578
134579
134640
134643
134727
134728
134732
134733
134734
134736
134776
134814
134825
134863
134936
134942
135006
135008
135009
135010
135016
135031
135097
135119
135130
135131
135132
135133
135152
135198
135199
135200
135203
135206
135210
135213
135234
135239
135242
135253
135293
135295
135301
135302
135305
135379
135399
135401
135404
135406
135414
135416
135418
135423
135430
135431
135435
135439
135441
135443
135452
135454
135470
135477
135479
135480
135481
135484
135527
135587
135588
135612
135651
135653
135658
135672
135705
135708
135745
135782
135788
135790
135839
135842
135845
135878
135880
135881
135883
135885
135891
135892
135897
135898
135900
135938
135973
135974
135976
135977
135979
135980
135982
135984
135986
135989
135991
135995
135996
135999
136049
136050
136053
136092
136093
136096
136097
136100
136102
136103
136105
136129
136166
136169
136185
136187
136188
136189
136200
136217
136219
136266
136273
136280
136286
136333
136352
136363
136364
136396
136397
136398
136412
136415
136419
136458
136469
136474
136475
136476
136477
136484
136498
136504
136506
136520
136542
136543
136673
136699
136703
136714
136757
136770
136787
136788
136796
136818
136823
136855
136937
136939
136941
136943
136944
136945
136948
136986
137001
137084
137091
137123
137149
137150
137183
137184
137187
137200
137202
137207
137220
137221
137255
137272
137276
137277
137278
137279
137289
137290
137328
137329
137388
137389
137412
137457
137458
137476
137482
137499
137500
137502
137504
137528
137529
137548
137558
137559
137576
137577
137579
137580
137581
137582
137585
137587
137589
137591
137593
137594
137635
137665
137666
137667
137668
137671
137672
137674
137677
137678
137680
137683
137686
137690
137776
137777
137778
137780
137782
137784
137786
137789
137790
137823
137841
137842
137847
137849
137854
137855
137857
137866
137957
137965
137980
137982
137983
137985
137987
137994
137995
138040
138044
138062
138063
138065
138066
138067
138069
138071
138073
138074
138077
138081
138082
138083
138086
138087
138089
138123
138145
138147
138149
138151
138153
138155
138157
138159
138164
138165
138166
138167
138171
138230
138232
138234
138235
138411
138470
138521
138526
138527
138528
138537
138557
138558
138559
138560
138563
138564
138566
138568
138613
139135
139136
139137
139138
139139
139140
139235
139255
139266
139383
139414
139459
139462
139472
139474
139475
139483
139491
139505
139518
139549
139606
139640
139676
139691
139699
139723
139946
139947
139967
139968
140000
140001
140106
140175
140184
140192
140198
140211
140220
140221
140234
140240
140258
140283
140294
140297
140298
140299
140302
140305
140307
140309
140315
140317
140320
140325
140351
140375
140377
140378
140381
140382
140383
140386
140388
140390
140392
140393
140404
140409
140478
140480
140484
140486
140489
140526
140549
140553
140556
140557
140566
140576
140579
140587
140637
140638
140656
140670
140681
140682
140713
140746
140756
140757
140759
140764
140857
140901
140902
140920
140925
140927
140928
140965
140973
140989
140998
141009
141038
141046
141058
141061
141063
141077
141079
141144
141157
141158
141179
141206
141207
141225
141289
141290
141293
141300
141340
141476
141531
141548
141552
141555
141574
141684
141685
141688
141728
141729
141734
141757
141832
141833
141878
142126
142223
142232
142239
142314
142315
142316
142359
145271
145349
145361
145373
145440
145441
145442
145463
145464
145484
145556
145557
145558
145559
145866
145887
145888
145891
145893
146310
146312
146314
146325
146343
146356
146363
146388
146390
146440
146450
146451
146471
146480
146483
146484
146485
146488
146489
146490
146492
146493
146495
146533
146565
146584
146585
146586
146587
146588
146589
146590
146594
146595
146597
146625
146626
146629
146666
146667
146668
146670
146671
146672
146716
146718
146742
146794
146826
146850
146898
146902
146941
146946
146948
146965
148626
148864
149307
149441
149535
149536
149605
149628
149630
149637
149791
149793
149795
149806
149826
149827
149875
150109
150162
150175
150202
150227
150228
150231
150233
150235
150237
150244
150247
150289
150323
150337
150340
150343
150345
150346
150347
150350
150352
150353
150355
150356
150357
150359
150360
150396
150570
150620
150627
150802
150805
150807
150809
150810
150856
150898
150916
150979
151010
151025
151101
151167
151204
151205
151207
151208
151343
151347
151358
151372
151377
151387
151400
151408
151422
151432
151498
151504
151505
151723
151724
151753
151756
151817
151828
151836
151837
151838
151842
151843
151846
151863
151868
151872
151873
151875
151887
151889
151894
151969
152062
152108
152380
152632
152642
152648
152695
152696
152704
152711
152828
152830
152831
152832
152836
152837
152843
152845
152847
152849
152851
152853
152854
152881
152885
152891
152901
152906
152959
152962
152963
152982
152987
152989
152998
153047
153053
153091
153111
153194
153218
153232
153266
153267
153271
153273
153276
153280
153293
153294
153295
153299
153310
153313
153323
153335
153339
153348
153354
153365
153382
153393
153400
153405
153407
153412
153415
153549
153553
153574
153575
153577
153594
153601
153717
153826
153848
153850
153862
153863
153866
153914
153925
153971
153972
153978
153979
153980
153992
154010
154011
154012
154013
154014
154017
154036
154043
154044
154057
154086
154089
154092
154099
154101
154103
154144
154171
154172
154185
154218
154220
154225
154249
154250
154256
154270
154337
154344
154358
154359
154361
154367
154375
154379
154396
154463
154469
154470
154473
154494
154496
154497
154498
154500
154501
154502
154503
154510
154511
154518
154525
154526
154530
154559
154560
154561
154562
154567
154573
154596
154599
154600
154601
154602
154607
154621
154622
154631
154661
154668
154675
154676
154697
154715
154719
154721
154723
154746
154751
154752
154756
154764
154788
154821
154827
154828
154833
154837
154841
154851
154865
154868
154870
154871
154872
154877
154904
154914
154915
154920
154923
154928
154930
154934
154936
154938
154939
154948
154955
154963
154964
154971
154972
154975
154981
154990
154992
155031
155039
155045
155046
155050
155053
155076
155088
155095
155096
155097
155102
155121
155131
155132
155139
155140
155143
155144
155146
155149
155184
155197
155216
155262
155295
155296
155338
155339
155395
155397
155398
155407
155408
155409
155413
155414
155532
155540
155590
155592
155608
155609
155610
155611
155612
155613
155614
155615
155625
155629
155631
155632
155635
155646
155647
155648
155649
155667
155679
155689
155690
155694
155700
155701
155705
155723
155726
155727
155740
155742
155748
155773
155780
155819
155858
155862
155863
155873
155879
155880
155881
155892
155914
155935
155968
155969
155971
155972
155974
155979
155991
155995
156000
156005
156012
156013
156021
156038
156043
156046
156059
156060
156062
156075
156076
156077
156079
156081
156090
156093
156095
156110
156120
156126
156134
156135
156140
156141
156149
156156
156158
156170
156181
156182
156183
156188
156197
156198
156201
156215
156222
156241
156254
156255
156256
156264
156267
156268
156270
156273
156284
156291
156323
156327
156331
156362
156379
156408
156417
156424
156425
156430
156435
156436
156439
156440
156443
156444
156446
156452
156454
156457
156459
156475
156477
156479
156496
156497
156498
156503
156509
156512
156537
156539
156556
156575
156621
156625
156626
156631
156659
156663
156665
156686
156705
156706
156707
156708
156720
156721
156729
156731
156733
156736
156740
156744
156748
156749
156752
156753
156822
156823
156828
156847
156848
156856
156881
156903
156909
156910
156917
156941
156970
156995
156996
156998
156999
157000
157001
157002
157003
157004
157006
157015
157016
157020
157021
157028
157029
157030
157034
157038
157039
157046
157047
157055
157056
157059
157062
157066
157067
157071
157088
157091
157097
157100
157103
157106
157109
157114
157116
157140
157143
157149
157150
157155
157182
157184
157187
157199
157209
157216
157217
157224
157234
157239
157240
157242
157243
157246
157247
157254
157307
157324
157325
157361
157363
157432
157437
157511
157576
157587
157605
157606
157616
157617
157619
157629
157630
157631
157632
157633
157634
157660
157671
157676
157689
157708
157716
157717
157725
157726
157727
157728
157729
157730
157731
157732
157739
157742
157749
157750
157751
157757
157763
157773
157793
157805
157818
157834
157879
157880
157886
157890
157893
157894
157912
157913
157921
157938
157941
157974
157975
157980
157981
158002
158003
158004
158005
158010
158015
158022
158034
158043
158051
158057
158062
158066
158085
158086
158101
158103
158104
158109
158121
158122
158126
158127
158128
158130
158133
158134
158138
158144
158161
158174
158175
158176
158178
158184
158190
158191
158192
158201
158208
158210
158211
158213
158214
158216
158217
158218
158219
158220
158221
158222
158223
158229
158230
158231
158232
158234
158270
158272
158274
158276
158277
158289
158369
158574
158606
158613
158627
158639
158641
158671
158678
158685
158972
158973
158974
158975
158979
158983
158991
158998
159003
159006
159009
159012
159079
159137
159169
159172
159212
159236
159244
159270
159295
159354
159385
159390
159396
159415
159420
159427
159432
159436
159440
159442
159450
159457
159460
159466
159473
159481
159490
159557
159560
159563
159565
159571
159577
159584
159589
159594
159639
159646
159653
159657
159664
159671
159673
159681
159684
159736
159743
159763
159764
159771
159781
159797
159800
159801
159827
159832
159833
159849
159874
159875
159880
159884
159885
159886
159887
159890
159895
159898
159899
159905
159906
159911
160046
160047
160054
160065
160088
160091
160092
160106
160109
160110
160126
160162
160168
160169
160177
160178
160179
160180
160181
160185
160189
160190
160196
160198
160202
160203
160204
160300
160319
160320
160348
160366
160378
160382
160411
160419
160420
160433
160453
160464
160465
160474
160475
160476
160477
160478
160479
160487
160488
160494
160505
160506
160749
160750
160763
160776
160784
160785
160806
160809
160810
160823
160828
160865
160869
160871
160879
160880
160883
160914
160916
160919
160920
160952
160964
160965
160967
160975
160976
160980
160981
160982
160983
160998
160999
161000
161020
161022
161115
161169
161209
161264
161270
161271
161292
161337
161370
161394
161695
164007
164008
164026
164029
164030
164135
164139
164167
164185
164188
164189
164232
164233
164241
164242
164243
164244
164263
164269
164270
164285
164286
164377
164378
164380
164389
164399
164403
164422
164431
164432
164469
164473
164582
164583
164592
164593
164594
164595
164611
164625
164626
164631
164632
164709
164710
164714
164729
164751
164774
164775
164793
164810
164817
164819
164824
164840
164841
164882
164885
164908
164913
164934
164935
164936
164937
164939
164952
164953
164964
164965
165030
165031
165046
165054
165062
165066
165069
165090
165091
165118
165129
165137
165172
165189
165196
165197
165198
165199
165220
165354
165365
165366
165391
165393
165459
165460
165461
165477
165481
165495
165521
165526
165529
165530
165533
165536
165539
165543
165546
165551
165555
165560
165980
165983
165987
165995
166013
166020
166021
166032
166039
166077
166078
166090
166096
166102
166103
166123
166124
166125
166126
166132
166135
166156
166203
166220
166225
166230
166238
166261
166264
166265
166270
166271
166272
166275
166276
166277
166278
166279
166280
166281
166284
166289
166292
166296
166299
166352
166359
166360
166364
166365
166367
166372
166379
166383
166392
166451
166452
166454
166457
166458
166459
166461
166462
166463
166466
166468
166469
166472
166473
166514
166515
166518
166562
166762
166779
166923
167026
167027
167029
167116
167117
167123
167140
167141
167142
167143
167151
167159
167165
167166
167180
167190
167195
167202
167234
167251
167256
167261
167305
167356
167426
167501
167502
167687
167689
167871
168013
168132
168140
168365
168375
168388
168395
168450
168475
168476
168577
168617
168618
168636
168671
168682
168688
168694
168699
168716
168723
168726
168735
168768
168785
168826
168847
168848
168880
168881
168914
168919
168920
168924
168926
168927
168931
168934
168936
168966
168967
168979
168981
168994
169010
169014
169015
169016
169017
169020
169042
169055
169061
169080
169117
169120
169142
169143
169144
169145
169167
169169
169171
169175
169176
169181
169182
169244
169246
169247
169293
169295
169297
169299
169301
169304
169306
169329
169334
169337
169341
169344
169346
169347
169350
169351
169352
169354
169358
169361
169366
169417
169419
169421
169423
169532
169649
169650
169658
169659
169661
169662
169669
169671
169672
169680
169699
169703
169704
169724
169729
169744
169776
169798
169840
169914
169956
170048
170088
170397
170400
170411
170413
170776
170798
170799
170832
170841
170901
170902
170910
170913
170916
170917
170918
170921
170924
170927
170928
170933
170939
170940
170944
170951
170953
170955
170962
170963
170964
170967
170972
170977
171025
171138
171140
171141
171144
171206
171207
171212
171416
171668
171704
171705
171744
171745
171746
171747
171780
171785
171799
171818
171828
171829
171830
171836
171837
171869
171874
171910
171920
171937
171939
171950
171953
171984
172049
172131
172265
172266
172496
172752
172762
172764
172765
172776
172795
172796
172807
172808
172809
172810
172811
172817
172822
172842
172847
172848
172851
172852
172853
172857
172881
172883
172887
172895
172896
172905
172906
172912
172913
172927
172928
172929
172959
172993
172994
172995
172996
172997
172998
172999
173002
173025
173027
173051
173056
173063
173069
173083
173142
173144
173533
173534
173569
173574
173618
173707
174532
174550
174561
174598
174602
174681
174722
174725
174726
174728
174730
174732
174734
174736
174739
174749
174803
174806
174809
174817
174843
174865
174882
174921
174949
174998
175007
175010
175034
175040
175089
175097
175158
175183
175190
175243
175257
175269
175314
175316
175353
175358
175380
175382
175396
175397
175445
175467
175474
175475
175476
175488
175490
175502
175520
175522
175538
175577
175581
175611
175612
175707
175964
178438
178635
178637
178723
178724
178729
178771
179373
179435
179458
179533
179733
179818
179820
180102
180115
180174
180426
180447
180460
180462
180527
180854
180861
180888
180900
180913
180921
181190
181241
181293
181321
181382
181460
181495
181521
181529
181588
181597
181606
181626
181639
181691
181697
181795
181807
181812
181829
181831
181867
181923
181924
181935
181941
182004
182006
182148
182155
182163
182167
182174
182182
182245
182259
182263
182287
182288
182291
182350
182353
182438
182440
182441
182492
182494
182501
182502
182517
182530
182610
182615
182625
182626
182627
182631
182634
182635
182656
182685
182701
182738
182741
182742
182743
182744
182751
182752
182765
182766
182794
182831
182834
182836
182853
182929
182933
182936
182940
182945
183074
183094
183097
183099
183114
183115
183116
183117
183118
183119
183120
183121
183122
183123
183124
183125
183126
183127
183144
183145
183178
183182
183189
183193
183212
183214
183217
183348
183351
183352
183354
183491
183546
183552
183553
183557
183560
183561
183591
183598
183601
183644
183653
183654
183655
183669
183743
183784
183799
183804
183987
183994
183995
183996
183997
184028
184031
184040
184071
184079
184085
184108
184113
184120
184129
184134
184747
184756
184760
184768
184770
184776
184795
184802
184803
184804
184920
184923
185013
185045
185060
185061
185113
185114
185163
185168
185209
185215
185258
185266
185337
185351
185379
185382
185385
185406
185494
185516
185534
185626
185627
185628
185629
185630
185631
185634
185643
185721
185724
185790
185863
185921
185922
185923
185926
185956
185970
186138
186250
186513
186560
186663
186995
187053
187056
187061
187114
187210
187215
187237
187396
187407
187517
187546
187550
187558
187657
187658
187659
187679
187680
187856
187878
188037
188053
188123
188189
188314
188337
188448
188503
188504
188511
188528
188563
188564
188565
188569
188686
188712
188715
188727
188734
188739
188799
188800
188801
188809
188810
188817
188825
188828
188857
188862
188868
188892
188929
188974
188975
188983
188984
188993
188994
188995
188997
189000
189014
189015
189026
189033
189048
189049
189051
189055
189056
189082
189163
189164
189186
189188
189189
189192
189193
189194
189197
189198
189199
189207
189216
189221
189250
189283
189284
189285
189317
189326
189369
189374
189433
189434
189437
189438
189439
189440
189441
189442
189468
189485
189595
189597
189604
189605
189672
189685
189718
189793
189824
189825
189856
189867
189882
189902
190008
190011
190062
190081
190117
190143
190144
190166
190181
190183
190184
190202
190218
190229
190241
190245
190247
190248
190249
190251
190257
190284
190289
190317
190318
190324
190325
190341
190348
190403
190404
190428
190455
190456
190472
190474
190534
190632
190642
190706
190852
190883
190980
190981
190982
190983
190993
190996
190997
191045
191050
191085
191087
191095
191096
191104
191124
191142
191194
191229
191240
191241
191243
191319
191320
191321
191322
191332
191342
191347
191348
191370
191374
191375
191404
191405
191445
191464
191465
191473
191476
191520
191538
191539
191546
191547
191621
191702
191703
191775
191777
191787
191796
191797
191806
191813
191814
191815
191816
191817
191819
191822
191823
191845
191873
191917
191937
191938
191951
191956
192012
192020
192025
192026
192027
192028
192094
192148
192218
192219
192226
192228
192229
192247
192257
192263
192269
192274
192275
192283
192284
192297
192307
192314
192328
192334
192335
192337
192345
192372
192374
192375
192501
192572
192586
192587
192619
192621
192634
192650
192652
192655
192681
192683
192695
192700
192707
192708
192711
192723
192769
192770
192906
192907
192908
192921
192924
192933
192942
192969
192970
192980
192987
192990
193000
193031
193043
193108
193110
193203
193204
193223
193244
193245
193246
193252
193257
193263
193342
193343
193355
193356
193357
193362
193367
193576
193616
193772
193773
193781
193789
193808
193827
193831
193943
194015
194016
194017
194022
194040
194041
194046
194047
194048
194049
194050
194051
194052
194053
194055
194061
194076
194086
194090
194109
194115
194121
194122
194127
194160
194162
194163
194164
194165
194167
194185
194189
194195
194269
194270
194283
194352
194353
194366
194386
194387
194398
194399
194406
194410
194444
194449
194470
194471
194472
194473
194486
194493
194499
194515
194516
194564
194566
194595
194599
194695
194753
194818
194824
194847
194848
194849
194858
194876
194886
194887
194890
194948
194963
195010
195012
195054
195057
195060
195071
195073
195088
195098
195204
195206
195215
195217
195225
195242
195249
195253
195254
195255
195286
195297
195306
195317
195323
195357
195395
195396
195398
195405
195431
195439
195503
195514
195532
195533
195534
195671
195677
195679
195680
195681
195699
195712
195713
195720
195762
195812
195830
195856
195863
195864
195865
195896
195898
195900
195901
195902
195916
195958
195959
195961
195962
195964
195968
195987
196005
196092
196115
196116
196117
196133
196137
196138
196143
196149
196157
196164
196178
196192
196193
196198
196211
196213
196236
196238
196239
196245
196246
196256
196269
196270
196287
196334
196394
196491
196492
196539
196568
196584
196610
196611
196662
196728
196733
196801
197142
197256
197297
197383
197499
197503
197504
197505
197521
197525
197527
197528
197533
197534
197549
197568
197569
197591
197595
197600
197647
197679
197680
197701
197715
197723
197724
197725
197765
197794
197800
197803
197810
197811
197815
197818
197839
197841
197868
197869
197878
197894
197895
197929
197939
197944
197945
197946
197949
197950
197954
197955
197956
197972
197976
197984
197993
197995
197997
198017
198034
198048
198049
198050
198082
198083
198114
198115
198205
198216
198221
198225
198238
198254
198258
198267
198268
198269
198278
198333
198340
198346
198365
198375
198376
198380
198382
198463
198464
198499
198531
198545
198546
198663
198666
198672
198674
198675
198681
198682
198687
198694
198706
198715
198716
198717
198730
198731
198746
198749
198756
198769
198780
198781
198782
198783
198784
198791
198796
198800
198809
198813
198816
198999
199013
199052
199067
199068
199071
199075
199086
199095
199097
199115
199118
199122
199133
199134
199152
199182
199183
199399
199435
199446
199454
199455
199456
199518
199530
199536
199544
199571
199572
199585
199590
199591
199615
199616
199634
199637
199639
199641
199642
199646
199655
199660
199663
199668
199669
199672
199673
199676
199678
199682
199684
199686
199695
199698
199700
199735
199743
199744
199745
199772
199773
199808
199809
199969
199973
