0
1
2
3
4
5
6
7
19
20
21
22
23
24
25
26
27
62
63
64
74
123
124
125
126
127
128
129
130
131
132
133
134
135
136
280
281
840
841
842
843
955
957
958
1303
1305
1311
1402
1403
1404
1405
1453
1454
1837
1838
1839
1840
1850
1852
1930
2415
3710
3711
3712
3713
3714
3715
5315
5433
7774
8677
8802
8846
8848
8850
8852
8854
8856
8858
8859
8860
8861
8862
8863
8888
8889
8890
8891
8892
8893
8894
8895
8896
8897
8898
8899
9046
9047
9048
9049
9050
9051
9052
9053
9054
9055
9056
9057
9060
9061
9062
9063
9064
9065
9066
9067
9068
9069
9070
9071
9096
9097
9098
9099
9100
9101
9102
9103
9104
9105
9106
9107
9112
9113
9114
9115
9116
9117
9118
9119
9120
9121
9122
9123
9167
9168
9169
9170
9171
9172
9173
9174
9175
9176
9177
9178
9244
9293
9303
9304
9305
11077
11080
11090
11362
11393
11564
11613
11807
11808
11809
11810
11811
11812
11813
11814
11815
11816
11817
11818
11819
11820
11840
11841
12010
12011
12012
12013
12014
12015
12120
12123
12131
12369
12566
13457
14560
15145
15147
15151
15178
15186
15188
15191
15194
15196
15223
15225
15227
15229
15231
15234
15236
15240
15244
15260
15262
15407
15409
18787
18808
18810
18899
18901
18933
18934
18969
18970
18971
19009
19019
19112
19209
19210
19216
19217
19224
19225
19226
19229
19234
19236
19256
19257
19266
19277
19280
19281
19282
19298
19349
19361
19365
19440
19475
19527
19530
19552
19600
19604
19606
19653
19662
19696
19697
19719
19720
19721
19724
19726
19730
19731
19732
19737
19738
19750
19769
19770
19775
19816
19817
19828
19845
19884
19892
19895
19897
19898
19899
19903
19904
19905
19909
19928
19938
19942
19979
19991
19996
20002
20003
20005
20029
20030
20031
20032
20105
20106
20159
20164
20252
20265
20269
20270
20280
20286
20355
20356
20365
20368
20457
20459
20476
20525
20529
20541
20542
20543
20547
20568
20626
20634
20635
20655
20727
20735
20736
20737
20764
20781
20794
20805
20806
20808
20880
21043
21044
21047
21219
21220
21221
21372
21373
21374
21479
21480
21481
21560
21561
21590
21748
21927
22081
22202
22214
22237
22370
22373
22511
22578
22737
22744
22917
22920
23076
23239
23255
23277
23288
23289
23298
23321
23328
23329
23338
23354
23356
23373
23375
23378
23411
23434
23435
23436
23457
23473
23488
23495
23496
23504
23516
23517
23520
23527
23536
23547
23561
23646
23701
23708
23742
23773
23774
23775
23857
23859
23860
23868
23869
24325
24327
25284
25298
25349
25350
25411
25413
25447
25471
25472
25478
25480
25484
25485
25490
25493
25500
25506
25517
25520
25522
25528
25537
25539
25542
25552
25554
25579
25582
25620
25622
25630
25633
25885
25887
25970
25978
26003
26072
26076
26123
26136
26138
26140
26199
26310
26317
26331
26336
26341
26418
26721
26734
26735
26771
26783
26811
26813
26817
26855
26880
27061
27198
28123
28964
28965
28966
28967
28968
28971
29217
29218
29219
29220
29223
29224
29227
29228
29532
29533
29673
29674
29675
29676
29699
29700
29701
29702
29729
29734
29836
29841
29846
29897
29915
29916
29917
29918
29946
29947
29987
29989
29991
29994
29997
29999
30000
30012
30203
30205
30217
30219
30221
30632
30636
30637
30641
30642
30643
30644
30657
30658
30664
30669
30671
30698
30702
30706
30765
30766
31035
31041
31153
31154
31194
31201
31213
31226
31227
31228
31229
31231
31256
31257
31299
31311
31321
31322
31332
31352
31353
31356
31357
31361
31362
31377
31402
31403
31416
31421
31444
31457
31463
31483
31491
31492
31520
31533
31544
31591
31596
31603
31607
31608
31609
31614
31615
31617
31618
31623
31626
31628
31630
31631
31632
31633
31634
31635
31636
31638
31661
31674
31676
31677
31679
31684
31686
31688
31692
31694
31696
31701
31702
31704
31707
31710
31712
31715
31718
31720
31722
31735
31745
31746
31761
31768
31769
31770
31771
31772
31773
31774
31775
31776
31777
31778
31779
31780
31781
31782
31823
31825
31828
31829
31832
31834
31837
31839
31841
31843
31846
31848
31849
31850
31851
31852
31853
31854
31855
31856
31857
31858
31860
31861
31862
31863
31864
31865
31866
31867
31868
31869
31870
31871
31892
31903
31912
31926
31935
31937
31940
31942
31943
31944
31945
31994
32002
32020
32021
32022
32035
32036
32037
32039
32044
32045
32052
32054
32059
32061
32063
32068
32070
32073
32074
32075
32076
32077
32079
32080
32081
32091
32093
32095
32096
32098
32102
32103
32106
32108
32110
32111
32113
32114
32115
32116
32117
32119
32121
32122
32123
32124
32125
32126
32127
32128
32129
32130
32131
32132
32133
32134
32135
32136
32137
32142
32249
32278
32282
32333
32349
32350
32373
32401
32409
32410
32421
32425
32469
32484
32486
34197
34203
34208
34209
34229
34238
34284
34303
34304
34331
34334
34335
34338
34421
34425
34426
34452
34454
34489
34490
34492
34520
34521
34523
34533
34538
34548
34549
34550
34552
34561
34565
34576
34577
34579
34584
34588
34597
34598
34599
34602
34607
34610
34666
34667
34674
34935
34972
34973
34979
35020
35023
35026
35029
35032
35036
35038
35039
35040
35041
35043
35045
35048
35051
35054
35055
35056
35059
35066
35135
35136
35137
35138
35139
35140
35141
35142
35143
35144
35145
35146
35147
35148
35208
35209
35245
35246
35247
35255
35256
35257
35260
35261
35265
35269
35278
35279
35337
35455
35467
35474
35493
35527
35576
35577
35579
35580
35583
35584
35588
35599
35600
35679
35698
35699
35703
35706
35707
35714
35725
35735
35737
35740
35742
35743
35744
35745
35746
35754
35755
35758
35759
35760
35780
35782
35784
35786
35792
35802
35807
35815
35826
35986
36025
36065
36289
36290
36291
36292
36293
36294
36313
36427
36428
36451
36452
36461
36462
36491
36582
36583
36588
36589
36606
36607
36624
36625
36680
36681
36732
36733
36746
36747
36759
36760
36764
36765
37100
37101
37151
37152
37430
37432
37442
37443
37461
37462
37472
37478
37479
37480
37481
37482
37744
37825
37830
37841
37843
37844
38003
38004
38005
38006
38007
38058
38174
38175
38183
38192
38193
38258
38262
38286
38288
38634
38637
38648
38651
38719
38720
38727
38777
38778
38835
38836
38883
38885
38898
38899
38907
38916
38917
38948
38949
38950
38951
38952
38984
38985
38988
39021
39023
39037
39047
39058
39059
39087
39094
39107
39127
39156
39157
39191
39192
39204
39205
39226
39227
39276
39278
39280
39283
39286
39290
39292
39294
39296
39300
39309
39310
39312
39313
39318
39319
39330
39331
39352
39353
39359
39360
39376
39377
39378
39379
39380
39630
39631
39669
39670
39672
39673
39680
39681
39691
39692
39752
39754
39756
39758
39760
39762
39765
39768
39784
39785
39824
39926
39927
39928
39954
39956
39972
39989
40046
40054
40072
40075
40096
40097
40126
40137
40138
40158
40159
40163
40164
40168
40171
40173
40176
40177
40178
40180
40181
40182
40183
40184
40185
40186
40187
40188
40189
40262
40265
40299
40488
40498
40503
40504
40505
40512
40513
40515
40518
40564
40566
40567
40572
40586
40593
40596
40601
40602
40603
40604
40618
40619
40620
40621
40622
40623
40627
40630
40635
40638
40642
40645
40686
40689
40690
40692
40696
40704
40708
40711
40791
40798
40800
40801
40802
40803
40806
40814
40815
40819
40823
40826
40829
40834
40837
40845
40891
40952
41264
41320
41336
41337
41383
41384
41385
41391
41392
41393
41397
41405
41417
41423
41455
41462
41463
41464
41466
41470
41474
41478
41519
41522
41523
41555
41558
41567
41644
41646
41647
41650
41651
41654
41749
41773
41838
42768
42770
42771
42776
42934
42975
42978
42997
43008
43013
43016
43020
43026
43027
43028
43029
43032
43035
43144
43153
43154
43170
43223
43233
43250
43251
43252
43253
43433
43437
43443
43444
43445
43446
43450
43451
43463
43464
43472
43473
43477
43497
43498
43500
43501
43503
43506
43508
43589
43615
43619
43620
43670
43797
43822
43886
43891
43892
43905
43906
43938
43939
43940
43942
43972
43979
43982
43984
43997
44002
44003
44051
44052
44128
44131
44134
44147
44150
44154
44174
44180
44187
44188
44189
44192
44195
44199
44235
44293
44306
44310
44311
44324
44329
44332
44353
44354
44367
44376
44379
44385
44404
44462
44494
44523
44644
44646
44654
44657
44659
44723
44724
44769
44835
44836
44837
44838
44839
44840
44866
44867
46492
46646
46647
46734
46886
47163
47189
47209
47210
47211
47212
47216
47217
47221
47227
47303
47306
47322
47323
47324
47328
47384
47397
47456
47457
47460
47473
47474
47476
47509
47511
47516
47517
47518
47519
47520
47521
47522
47526
47531
47536
47540
47546
47557
47560
47566
47568
47575
47576
47577
47578
47579
47616
47617
47618
47619
47620
47626
47641
47642
47647
47648
47649
47650
47684
47703
47708
47713
47717
47719
47726
47759
47764
47765
47770
47772
47778
47782
47814
47838
47841
47844
47854
47855
47875
47876
47879
47884
47891
47898
47919
47925
47929
47935
47936
47937
47942
47962
47971
47984
47987
47988
47989
47993
48037
48039
48040
48041
48042
48043
48044
48056
48076
48099
48100
48101
48102
48103
48104
48119
48126
48129
48204
48205
48206
48207
48208
48210
48211
48212
48213
48214
48290
48291
48292
48294
48300
48344
48348
48350
48351
48352
48353
48354
48503
48504
48505
48506
48507
48508
48509
48677
48682
48683
48684
48855
48856
48983
49178
49393
49598
49652
49671
49778
49800
49806
49808
49829
49831
49834
49835
49852
50002
50025
50037
50042
50047
50051
50239
50282
50286
50287
50288
50290
50317
50351
50352
50353
50362
50363
50426
50493
50548
50550
50557
50567
50641
50646
50721
50836
50837
50851
50910
50914
50955
50958
50999
51000
51015
51017
51026
51027
51145
51161
51210
51378
51382
51387
51388
51389
51393
51395
51401
51506
51508
51542
51566
51604
51661
51662
51673
51674
51675
51676
51677
51687
51690
51698
51798
51799
51803
51819
51864
51865
51867
51868
51888
51892
51895
51903
51904
51905
51906
51907
51932
51961
51986
52011
52047
52048
52080
52097
52114
52115
52124
52126
52128
52132
52148
52175
52189
52203
52215
52216
52225
52244
52255
52267
52292
52313
52337
52366
52386
52413
52421
52471
52472
52491
52506
52520
52548
52549
52550
52552
52554
52555
52613
52619
52734
52736
52737
52744
52745
52746
52750
52754
52758
52763
52770
52873
52874
52875
52877
52932
52965
52966
52971
52975
52987
53005
53008
53010
53016
53048
53061
53065
53067
53070
53104
53137
53144
53153
53155
53161
53165
53168
53171
53179
53181
53182
53183
53184
53188
53207
53225
53250
53253
53264
53265
53268
53269
53283
53317
53318
53322
53323
53327
53341
53366
53369
53406
53408
53411
53413
53414
53417
53441
53449
53452
53453
53454
53458
53459
53460
53461
53466
53467
53468
53475
53480
53486
53494
53665
53668
53695
53696
53697
53703
53728
53737
53747
53770
53804
53805
53815
53832
53835
53836
53847
53848
53849
53850
53875
53876
53884
53891
53927
53928
53930
53931
53961
53962
53968
53971
53972
54028
54029
54030
54032
54037
54051
54052
54065
54066
54097
54103
54134
54147
54149
54150
54154
54191
54193
54207
54210
54214
54215
54220
54222
54223
54224
54227
54228
54230
54235
54239
54246
54259
54261
54265
54275
54277
54288
54289
54305
54318
54320
54325
54343
54361
54362
54377
54378
54381
54384
54396
54397
54398
54404
54405
54443
54444
54460
54616
54654
54701
54713
54719
54721
54737
54760
54790
54791
54832
54834
54868
54881
54884
54887
54895
54897
54907
54909
54911
54912
54914
54922
54963
54966
54990
54992
55115
55117
55118
55119
55122
55124
55127
55150
55153
55160
55196
55197
55198
55201
55203
55205
55206
55210
55213
55215
55217
55232
55235
55239
55242
55261
55264
55266
55336
55346
55355
55374
55387
55389
55395
55405
55421
55424
55432
55433
55440
55442
55443
55445
55447
55450
55451
55470
55471
55557
55607
55608
55625
55626
55688
55689
55704
55716
55748
55767
55768
55770
55786
55787
55789
55790
55791
55792
55793
55802
55805
55807
55812
55813
55817
55818
55819
55820
55821
55822
55824
55844
55845
55846
55853
55856
55861
55868
55869
55871
55874
55879
55881
55892
55895
55896
55897
55899
55901
55909
55911
55916
55923
55931
55934
55947
55949
55956
55960
55964
55965
55970
55976
55980
55985
55986
55989
55994
55995
56000
56002
56003
56004
56006
56007
56010
56011
56016
56020
56021
56051
56058
56062
56077
56083
56084
56085
56112
56139
56140
56144
56217
56260
56267
56305
56320
56327
56328
56329
56330
56334
56339
56341
56342
56347
56348
56352
56353
56354
56355
56356
56358
56359
56361
56362
56363
56370
56371
56382
56383
56392
56399
56401
56413
56414
56415
56423
56435
56439
56440
56455
56468
56485
56488
56493
56494
56496
56499
56516
56517
56544
56545
56546
56551
56555
56572
56583
56584
56589
56594
56596
56597
56679
56728
56752
56753
56760
56778
56782
56832
56833
56838
56842
56848
56876
56878
56918
56919
56920
56923
56925
56965
56981
56984
56985
56987
56988
56989
57000
57001
57003
57005
57009
57012
57018
57019
57020
57032
57043
57048
57056
57065
57066
57076
57083
57096
57102
57103
57108
57111
57112
57122
57123
57129
57150
57175
57176
57177
57178
57189
57190
57192
57204
57205
57206
57207
57208
57211
57214
57226
57239
57241
57242
57246
57251
57252
57258
57261
57264
57265
57266
57271
57282
57314
57319
57321
57333
57334
57337
57338
57349
57353
57354
57355
57356
57360
57365
57373
57375
57377
57380
57388
57392
57401
57406
57407
57418
57419
57420
57422
57425
57426
57432
57433
57444
57458
57459
57460
57468
57470
57481
57482
57483
57484
57485
57500
57501
57502
57503
57515
57517
57523
57525
57528
57529
57539
57540
57541
57543
57558
57578
57588
57597
57608
57625
57684
57688
57692
57702
57703
57707
57718
57740
57773
57774
57775
57780
57786
57790
57791
57800
57803
57818
57878
57879
57895
57898
57899
57906
57909
57932
57933
57945
57946
57947
57953
57956
57964
57966
57967
57968
57972
57973
57975
57978
57980
57982
57983
57987
57988
58009
58010
58017
58018
58020
58022
58033
58036
58037
58039
58044
58056
58058
58063
58168
58179
58184
58186
58197
58198
58204
58215
58223
58231
58240
58247
58250
58254
58263
58264
58265
58266
58268
58269
58276
58286
58287
58295
58298
58327
58328
58331
58332
58333
58338
58343
58345
58350
58364
58383
58384
58389
58390
58393
58396
58410
58411
58413
58416
58419
58420
58424
58426
58437
58438
58439
58443
58532
58563
58568
58572
58575
58581
58605
58608
58612
58613
58614
58615
58618
58619
58621
58633
58648
58649
58679
58680
58693
58867
58869
58928
58987
58990
59003
59007
59023
59025
59056
59138
59143
59146
59151
59155
59156
59157
59158
59171
59172
59174
59177
59178
59182
59192
59196
59265
59271
59279
59281
59305
59306
59309
59312
59316
59319
59321
59354
59355
59360
59377
59380
59383
59396
59400
59427
59521
59529
59532
59542
59552
59607
59610
59614
59615
59618
59619
59621
59622
59816
59910
60081
60094
60356
60711
60712
60715
60718
60721
62075
62078
62103
62104
62108
62111
62154
62162
62163
62188
62189
62190
62191
62195
62225
62277
62316
62317
62328
62339
62340
62347
62348
62349
62354
62361
62380
62385
62596
62598
62599
62600
62601
62627
62690
62713
62717
62726
62727
62757
62773
62775
62780
62781
62795
62796
62805
62806
62807
62809
62813
62821
62822
62881
62884
62885
62891
62898
62899
62900
62901
62902
62911
62913
62928
62941
62948
62980
63015
63017
63020
63179
63206
63226
63228
63229
63231
63263
63264
63265
63272
63318
63325
63326
63350
63351
63352
63355
63356
63360
63363
63367
63424
63425
63563
63772
63912
63914
64005
64007
64202
64317
64429
64445
64517
64721
64830
64888
65098
65152
65220
65300
65301
65533
65541
65580
65764
66076
66077
66199
66205
66208
66223
66356
66367
66378
66381
66390
66391
66392
66396
66488
66489
66495
66496
66594
66596
66597
66598
66602
66667
66668
66772
66773
66783
66784
66785
66786
66788
66789
66800
66845
66865
66866
66869
66872
66876
66878
66916
66917
66984
66990
66991
66995
66996
66999
67000
67001
67004
67130
67279
67290
67309
67345
67346
67377
67378
67379
67400
67423
67433
67434
67436
67444
67458
67459
67460
67462
67465
67466
67481
67487
67493
67494
67501
67503
67513
67515
67520
67521
67535
67548
67549
67550
67555
67575
67584
67585
67586
67593
67611
67612
67614
67664
67665
67678
67694
67695
67702
67752
67753
67768
67769
67781
67799
67804
67809
67810
67817
67820
67835
67857
67858
67886
67911
67925
67957
67963
67968
68029
68062
68067
68080
68081
68098
68129
68130
68138
68142
68143
68144
68146
68149
68176
68183
68209
68212
68213
68214
68215
68230
68231
68232
68233
68234
68239
68244
68249
68267
68300
68303
68308
68318
68328
68331
68340
68346
68351
68370
68374
68375
68384
68393
68396
68398
68400
68404
68411
68417
68422
68423
68424
68425
68430
68431
68440
68443
68444
68445
68447
68453
68461
68464
68479
68481
68497
68502
68507
68508
68514
68517
68519
68525
68552
68553
68556
68567
68570
68572
68588
68591
68592
68603
68608
68613
68624
68626
68630
68635
68638
68646
68649
68655
68673
68674
68676
68687
68688
68689
68694
68699
68700
68704
68709
68738
68742
68744
68746
68755
68756
68763
68771
68773
68774
68777
68784
68815
68847
68848
68854
68855
68857
68861
68882
68885
68888
68890
68892
68894
68898
68900
68952
68953
68955
68962
68974
68997
69024
69026
69027
69028
69029
69030
69032
69033
69037
69041
69042
69149
69152
69182
69194
69203
69224
69225
69252
69258
69270
69271
69277
69283
69289
69310
69316
69334
69340
69393
69394
69395
69396
69409
69412
69419
69422
69432
69437
69451
69470
69530
69531
69547
69548
69552
69558
69568
69573
69579
69606
69631
69749
69870
69873
69912
69929
69933
69934
69935
69936
69937
69952
69963
69968
69975
69985
69989
70247
70248
70249
70251
70266
70267
70268
70273
70278
70283
70293
70298
70565
70567
70568
70569
70573
70574
70576
70581
70582
70583
70584
70586
70606
70608
70614
70633
70655
70691
70714
70756
70757
70759
70767
70812
70814
70828
70829
70838
70839
70905
70913
70966
70969
71005
71008
71013
71014
71019
71027
71054
71055
71057
71058
71059
71060
71062
71063
71064
71066
71067
71068
71070
71071
71073
71074
71076
71078
71095
71096
71097
71103
71159
71164
71166
71174
71214
71244
71248
71282
71283
71291
71292
71293
71296
71298
71306
71330
71336
71389
71391
71392
71393
71394
71416
71420
71422
71424
71429
71430
71480
71481
71484
71485
71493
71494
71495
71501
71506
71512
71515
71517
71531
71532
71549
71550
71551
71553
71557
71566
71570
71571
71577
71579
71581
71583
71588
71591
71594
71596
71600
71603
71606
71609
71618
71619
71625
71670
71700
71702
71710
71726
71729
71732
71741
71743
71744
71750
71757
71772
71787
71795
71796
71797
71814
71820
71821
71871
71876
71881
71931
71932
71933
71940
71973
71979
71980
71983
71999
72023
72034
72050
72063
72065
72066
72078
72080
72083
72156
72222
72244
72261
72262
72285
72290
72309
72328
72351
72353
72397
72402
72425
72428
72433
72436
72438
72442
72450
72451
72454
72457
72472
72494
72497
72505
72510
72514
72520
72526
72527
72533
72606
72607
72641
72650
72654
72659
72661
72665
72690
72703
72708
72808
72811
72816
72817
72824
72832
72842
72848
72867
72874
72965
72980
72983
72984
72987
72989
72993
72998
73000
73008
73029
73038
73049
73056
73064
73069
73075
73084
73150
73164
73350
73351
73357
73427
73431
73441
73451
73457
73466
73482
73501
73507
73598
73600
73601
73611
73614
73621
73623
73630
73638
73639
73645
73648
73651
73655
73660
73664
73672
73702
73708
73716
73722
73900
73901
73911
73912
73922
73928
73938
73945
73955
73956
73958
74026
74054
74081
74089
74091
74131
74141
74143
74199
74228
74230
74282
74295
74296
74297
74298
74299
74300
74305
74307
74308
74309
74310
74311
74312
74317
74320
74325
74328
74332
74336
74341
74351
74539
74541
74542
74544
74545
74547
74552
74556
74561
74563
74571
74572
74574
74581
74593
74607
74610
74635
74636
74815
74821
74822
74823
74829
74830
74853
74856
74858
74859
74860
74870
74871
74882
74903
74914
74918
74920
74921
74938
74939
74940
74941
74942
74943
74953
74955
74956
74958
75024
75031
75052
75092
75096
75100
75103
75104
75107
75108
75114
75117
75121
75124
75135
75165
75169
75469
75470
75486
75523
75525
75530
75545
75549
75554
75556
75558
75561
75566
75570
75572
75574
75575
75580
75583
75586
75587
75599
75603
75610
75643
75651
75652
75668
75670
75671
75672
75679
75707
75708
75715
75767
75775
75781
75782
75797
75810
75812
75815
75816
75817
75819
75824
75826
75830
75831
75833
75834
75836
75840
75847
75964
75968
75978
75986
75993
75994
75998
75999
76004
76019
76020
76021
76022
76027
76050
76051
76061
76062
76063
76064
76065
76076
76081
76082
76091
76092
76104
76121
76168
76174
76185
76186
76194
76195
76196
76202
76206
76269
76270
76271
76273
76284
76285
76302
76303
76304
76348
76369
76420
76427
76428
76429
76438
76442
76464
76465
76525
76557
76576
76582
76600
76601
76602
76608
76610
76618
76642
76662
76665
76668
76669
76676
76739
76763
76765
76767
76789
76799
76814
76820
76824
76828
76838
76839
76854
76864
76873
76885
76886
76893
76894
76895
76900
76901
76961
76972
77007
77008
77009
77010
77018
77035
77039
77055
77083
77089
77128
77129
77131
77135
77160
77163
77170
77171
77201
77202
77209
77246
77247
77268
77284
77285
77291
77314
77327
77328
77331
77346
77351
77353
77366
77370
77374
77384
77385
77399
77403
77406
77414
77425
77430
77440
77446
77452
77472
77473
77474
77475
77476
77485
77490
77492
77493
77495
77500
77502
77507
77516
77518
77522
77526
77535
77584
77588
77590
77604
77605
77608
77621
77648
77663
77674
77677
77678
77683
77687
77701
77702
77737
77751
77752
77767
77769
77772
77800
77809
77810
77823
77826
77832
77833
77834
77837
77857
77858
77885
77949
77954
78006
78007
78008
78012
78013
78019
78116
78121
78122
78125
78128
78131
78167
78168
78170
78177
78180
78185
78188
78193
78196
78215
78220
78221
78237
78241
78245
78246
78255
78256
78263
78310
78311
78331
78342
78343
78349
78352
78360
78361
78372
78385
78398
78402
78416
78419
78423
78429
78430
78436
78453
78454
78464
78497
78498
78499
78501
78502
78503
78516
78517
78518
78529
78530
78531
78537
78538
78539
78555
78566
78580
78581
78589
78606
78628
78630
78632
78633
78644
78645
78646
78666
78667
78668
78669
78690
78714
78719
78733
78738
78740
78741
78759
78760
78761
78765
78815
78816
78827
78831
78835
78854
78871
78911
78940
78941
78957
78973
78974
78978
79008
79010
79018
79019
79024
79033
79039
79041
79050
79051
79065
79075
79076
79083
79092
79098
79102
79104
79117
79118
79126
79127
79128
79140
79163
79164
79190
79191
79201
79283
79284
79292
79308
79309
79312
79330
79371
79372
79374
79399
79405
79406
79408
79415
79459
79465
79467
79470
79471
79472
79473
79478
79500
79501
79515
79516
79547
79551
79552
79553
79554
79623
79624
79625
79718
79722
79723
79724
79725
79726
79727
79728
79729
79730
79731
79732
79733
79734
79735
79768
79769
79884
79885
79886
79887
79976
79977
79978
79979
80070
80071
80189
80206
80212
80213
80214
80215
80219
80221
80226
80227
80321
80342
80354
80355
80358
80359
80363
80364
80365
80402
80432
80433
80452
80626
80627
80662
80681
80690
80691
80705
80754
80755
80774
80798
80818
80819
80820
80821
80837
80838
81157
81170
81184
81235
81378
81385
81388
81404
81405
81407
81408
81411
81414
81415
81416
81430
81436
81438
81445
81455
81457
81466
81467
81471
81487
81495
81496
81503
81504
81505
81548
81553
81556
81557
81580
81724
81743
81745
81750
81770
81771
81772
81773
81774
81778
81779
81780
81782
81789
81794
81795
81796
81797
81803
81817
81832
81834
81837
81840
81842
81846
81851
81852
81853
81857
81860
81861
81865
81867
81868
81869
81870
81871
81872
81873
81874
81875
81885
81997
81998
82015
82042
82045
82048
82050
82053
82056
82057
82059
82061
82063
82067
82070
82072
82073
82075
82078
82080
82085
82088
82090
82092
82095
82104
82106
82107
82109
82111
82117
82121
82123
82124
82126
82129
82138
82158
82159
82160
82161
82162
82163
82164
82165
82166
82167
82168
82169
82170
82171
82172
82173
82174
82175
82176
82177
82178
82179
82180
82181
82182
82183
82185
82186
82188
82193
82194
82196
82199
82201
82203
82229
82231
82233
82235
82237
82240
82242
82244
82245
82246
82247
82248
82249
82250
82251
82252
82253
82254
82255
82256
82257
82258
82259
82260
82261
82262
82263
82264
82265
82303
82304
82316
82321
82339
82340
82341
82343
82344
82346
82348
82350
82352
82353
82355
82463
82464
82465
82466
82467
82477
82478
82481
82483
82484
82496
82497
82498
82499
82550
82551
82564
82700
82723
82727
82733
82749
82757
82758
82762
82776
82782
82783
82794
82795
82796
82824
82859
82861
82862
82906
82916
82917
82918
82919
82920
82921
82922
83083
83122
83123
83143
83163
83164
83168
83169
83170
83171
83173
83174
83175
83178
83179
83180
83182
83184
83185
83220
83222
83224
83225
83226
83227
83230
83231
83232
83233
83236
83237
83239
83240
83242
83311
83312
83313
83316
83318
83320
83322
83325
83326
83354
83356
83383
83485
83614
83631
83648
83652
83669
83687
83693
83707
83709
83711
83712
83713
83728
83770
83772
83774
83775
83776
83792
83794
83796
83819
83821
83846
83855
83856
83857
83858
83859
83861
83862
83874
83905
83907
83908
83910
83911
83913
83915
83917
83929
83936
83941
83942
83944
83946
83987
83988
83989
84016
84017
84018
84041
84106
84117
84122
84126
84192
84194
84196
84197
84216
84306
84316
84321
84333
84398
84407
84408
84409
84410
84411
84412
84503
84519
84525
84555
84580
84583
84584
84634
84644
84649
84661
84666
84667
84668
84669
84670
84671
84675
84676
84680
84681
84682
84683
84685
84688
84693
84696
84709
84746
84797
84869
84915
84916
84917
84918
84919
84920
84944
84945
84946
84947
84948
84949
84950
84954
84959
84965
84968
84974
85039
85115
85118
85125
85280
85632
85648
85657
85658
85697
85719
85720
85728
85729
85730
85734
85754
85756
85800
85803
85811
85812
85813
85815
85850
85858
85859
85862
85869
85870
85873
85875
85884
85885
85890
85891
85892
85895
85922
85923
86202
86813
86814
86824
86826
86827
86830
86831
87105
88061
88065
88066
88091
88158
88175
88177
88178
88179
88183
88184
88188
88189
88199
88245
88279
88280
88306
88307
88308
88312
88334
88366
88368
88377
88412
88423
88467
88504
88619
88638
88654
88671
88673
88680
88691
88723
88724
88819
88854
88861
88890
88891
88935
88952
88972
88973
88993
89006
89076
89079
89090
89091
89094
89095
89121
89124
89148
89149
89164
89166
89167
89183
89186
89187
89196
89200
89204
89205
89228
89229
89289
89290
89300
89302
89307
89313
89321
89324
89345
89360
89361
89587
89678
89743
89744
89889
89897
89988
90100
90193
90244
90261
90271
90324
90325
90343
90344
90347
90383
90394
90455
90461
90464
90465
90468
90469
90629
90630
90631
90632
90636
90637
90679
90680
90683
90685
90687
90688
90692
90699
90701
90709
90723
90725
90728
90729
90731
90732
90733
90734
90740
90747
90750
90753
90767
90769
90771
90773
90775
90780
90781
90782
90784
90785
90788
90792
90803
90804
90805
90806
90828
90861
90905
90908
90910
90932
90946
90959
90960
90977
90991
91015
91020
91021
91045
91064
91065
91067
91085
91096
91106
91107
91156
91158
91162
91163
91164
91171
91194
91197
91370
91389
91405
91407
91409
91410
91412
91414
91415
91418
91419
91425
91426
91431
91447
91461
91468
91470
91477
91488
91495
91512
91514
91515
91516
91525
91528
91608
91609
91652
91654
91657
91663
91686
91702
91762
91774
91776
91800
91801
91835
91851
91875
91894
91938
91940
91945
91946
91950
92017
92025
92084
92350
92620
92689
92690
92800
92823
92838
92966
92967
92986
92994
92995
93014
93019
93020
93047
93048
93094
93113
93144
93160
93245
93273
93280
93316
93318
93374
93375
93459
93460
93554
93579
93614
93643
93644
93661
93711
93712
93728
93734
93735
93962
93999
94046
94057
94071
94181
94203
94217
94219
94308
94335
94370
94372
94374
94376
94405
94414
94439
94471
94481
94484
94488
94490
94492
94496
94499
94500
94503
94505
94507
94509
94510
94511
94512
94513
94514
94515
94516
94560
94562
94564
94565
94568
94570
94572
94573
94574
94575
94576
94577
94578
94579
94580
94581
94582
94583
94584
94585
94586
94587
94588
94589
94590
94591
94592
94593
94615
94636
94639
94640
94670
94683
94698
94715
94716
94718
94721
94730
94732
94734
94735
94738
94747
94748
94774
94776
94782
94784
94786
94787
94790
94791
94795
94798
94799
94801
94804
94807
94816
94817
94819
94824
94826
94835
94836
94837
94839
94844
94847
94850
94927
94938
94939
94942
94945
94947
94949
94952
94953
94956
94959
94961
94962
94970
94971
94972
94973
94974
94975
94976
94977
94978
94996
95001
95005
95006
95008
95011
95012
95014
95016
95018
95019
95020
95021
95022
95023
95024
95025
95026
95027
95028
95029
95030
95031
95032
95036
95038
95041
95042
95043
95044
95045
95046
95050
95052
95054
95056
95059
95061
95062
95063
95064
95065
95066
95068
95069
95071
95105
95106
95242
95247
95258
95259
95271
95278
95279
95281
95286
95287
95297
95298
95299
95301
95306
95307
95317
95318
95320
95325
95326
95334
95335
95336
95338
95343
95344
95363
95367
95386
95387
95391
95393
95400
95430
95433
95435
95437
95440
95442
95444
95448
95450
95453
95454
95456
95457
95458
95459
95460
95461
95462
95463
95464
95465
95466
95467
95468
95469
95470
95471
95472
95473
95474
95475
95476
95477
95478
95480
95481
95651
95654
95767
95771
95776
95787
95797
95799
95803
95805
95807
95809
95812
95814
95847
95900
95904
95909
96203
96354
96394
96411
96420
96434
96435
96457
96477
96482
96486
96487
96534
96535
96540
96541
96560
96579
96581
96599
96605
96612
96616
96640
96685
96753
96771
96774
96814
96819
96820
96849
97067
97069
97071
97135
97136
97199
97268
97274
97319
97393
97406
97407
97410
97413
97426
97452
97453
97456
97460
97461
97462
97463
97501
97503
97523
97563
97564
97565
97568
97571
97574
97576
97613
97614
97615
97616
97617
97620
97625
97628
97630
97631
97634
97640
97672
97675
97691
97692
97720
97721
97733
97781
97815
97822
97825
97830
97831
97832
97844
97857
97858
97859
97860
97861
97862
97863
97866
97872
97874
97880
97884
97987
98022
98186
98187
98188
98268
98271
98289
98291
98299
98307
98319
98323
98327
98331
98339
98345
98346
99136
99138
99140
99186
99197
99215
99287
99423
99425
99426
99451
99452
99562
99563
99567
99570
99571
99575
99581
99584
99588
99592
99603
99606
99617
99619
99658
99711
99715
99808
99810
99811
99822
99823
99824
99827
99829
99831
99832
99836
99838
99840
99844
99864
99867
99878
99895
99896
99923
99924
99935
99938
99951
99954
99968
99990
99999
100001
100003
100005
100006
100007
100009
100052
100066
100069
100077
100081
100082
100083
100084
100085
100089
100096
100099
100112
100117
100118
100122
100205
100221
100315
100317
100322
100326
100333
100334
100339
100340
100350
100351
100380
100391
100430
100431
100432
100435
100439
100442
100443
100445
100449
100460
100474
100558
100567
100572
100573
100574
100588
100589
100590
100591
100592
100593
100609
100617
100618
100621
100623
100627
100632
100633
100637
100641
100660
100665
100680
100683
100685
100689
100717
100720
100721
100757
100760
100819
100855
100864
100874
100875
100876
100902
100903
100920
100947
100954
101003
101004
101008
101010
101011
101014
101021
101035
101036
101039
101041
101044
101062
101073
101117
101121
101138
101139
101141
101144
101149
101150
101151
101166
101170
101174
101175
101180
101265
101288
101324
101418
101419
101420
101421
101448
101452
101453
101454
101457
101459
101462
101465
101466
101469
101470
101471
101472
101473
101482
101489
101497
101501
101504
101511
101588
101603
101606
101614
101615
101616
101617
101618
101656
101665
101666
101670
101673
101678
101679
101680
101681
101682
101684
101693
101695
101696
101701
101709
101741
101768
101769
101780
101784
101792
101793
101805
101808
101822
101823
101860
101861
101868
101869
101870
101881
101888
101889
101892
101895
101896
101918
101936
101937
101974
101975
101976
101977
101980
101984
101985
101986
101988
102007
102028
102034
102045
102049
102050
102051
102052
102054
102066
102067
102068
102071
102094
102095
102100
102101
102102
102104
102105
102118
102122
102129
102133
102139
102142
102143
102146
102151
102315
102343
102348
102351
102400
102422
102423
102443
102457
102462
102463
102464
102466
102467
102468
102469
102514
102528
102529
102554
102558
102559
102560
102566
102648
102649
102650
102651
102652
102722
102728
102730
102731
102736
102737
102750
102761
102812
102813
102819
102824
102825
102853
102889
102903
102919
102932
102939
102943
102944
102945
102948
102949
102965
102973
102975
102977
102978
103003
103004
103005
103020
103022
103024
103026
103028
103029
103030
103033
103042
103088
103130
103166
103195
103230
103231
103234
103236
103238
103243
103245
103256
103276
103294
103371
103373
103374
103375
103377
103386
103429
103439
103440
103444
103453
103454
103455
103474
103510
103514
103522
103523
103530
103532
103534
103550
103675
103686
103705
103706
103707
103708
103709
103734
103735
103739
103748
103749
103750
103754
103758
103759
103768
103769
103772
103774
103780
103781
103836
103882
103902
103968
103990
103994
104009
104012
104120
104121
104122
104381
104461
104462
104497
104566
104567
104568
104569
104571
104989
105155
105158
105159
105167
105170
105174
105175
105176
105272
105273
105277
105309
105335
105336
105343
105345
105346
105360
105361
105524
105528
105531
105533
105534
105535
105536
105631
105745
105751
105752
106165
106169
106170
106210
106211
106212
106214
106215
106217
106218
106220
106985
106986
106988
106989
106991
106994
106998
106999
107003
108595
108597
111244
111246
111248
111250
111251
111252
111256
111258
111260
111265
111267
111269
111271
111272
111274
111276
111278
111291
111293
111295
111352
111355
111356
111821
112808
113171
113260
113270
113273
113274
113275
113278
113293
113308
113310
113311
113313
113316
113318
113366
113368
113369
113370
113443
113522
113524
113528
113556
113563
113567
113590
113604
113630
113632
113734
113742
113747
113758
113770
113771
113772
113776
113780
113788
113795
113822
113824
113825
113826
113827
113854
113899
113900
113901
113911
113913
113974
114140
114147
114148
114149
114150
114151
114153
114156
114166
114167
114172
114181
114208
114210
114215
114217
114281
114287
114319
114323
114324
114349
114351
114352
114353
114357
114359
114361
114575
114772
114774
114776
114778
114780
114782
114784
114785
114866
114869
115009
115021
115026
115029
115041
115054
115066
115072
115100
115105
115108
115116
115120
115122
115144
115148
115152
115160
115172
115192
115194
115250
115252
115284
115286
115330
115331
115332
115340
115344
115367
115374
115377
115395
115398
115399
115400
115405
115410
115412
115415
115417
115422
115423
115430
115432
115439
115440
115444
115456
115462
115474
115486
115504
115519
115543
115544
115545
115559
115568
115570
115589
115607
115678
115688
115691
115693
115696
115712
115715
115784
115785
115786
115794
115799
115800
115809
115819
115823
115832
115835
115839
115851
115902
115905
115906
115909
115911
115913
115915
115936
115940
115942
115948
115954
115960
115971
115998
115999
116024
116033
116034
116036
116039
116082
116084
116086
116095
116097
116105
116125
116135
116136
116145
116159
116166
116175
116187
116203
116206
116209
116218
116237
116255
116264
116270
116300
116308
116309
116315
116371
116372
116373
116396
116397
116399
116434
116443
116458
116460
116461
116464
116466
116468
116469
116472
116473
116474
116477
116480
116502
116525
116532
116534
116545
116550
116563
116567
116572
116576
116577
116610
116616
116624
116625
116639
116661
116665
116666
116669
116684
116693
116696
116705
116719
116729
116730
116740
116744
116838
116849
116850
116864
116883
116908
119066
119092
119093
119130
119173
119174
119175
119206
119207
119208
119209
119210
119219
119277
119283
119302
119303
119304
119305
119311
119315
119316
119317
119342
119349
119370
119371
119373
119375
119376
119378
119379
119380
119416
119443
119476
119513
119537
119697
119704
119705
119736
119752
119759
119775
119782
119783
119810
119818
119831
119882
119897
119913
119989
120051
120074
120088
120092
120093
120205
120242
120250
120251
120296
120299
120349
120350
120354
120357
120463
120488
120514
120530
120549
120567
120581
120582
120583
120584
120586
120597
120605
120677
120701
120772
120773
120774
120776
120795
120798
120824
120825
120841
120844
120846
120851
120852
120853
120855
120885
120886
120971
121023
121069
121090
121110
121124
121139
121153
121423
121525
121692
121774
121801
121805
121812
121816
121817
121823
121852
121890
121905
121933
121994
122090
122145
122273
122275
122302
122398
122505
122586
123068
123097
123098
123219
123240
123271
123278
123290
123334
123356
123380
123381
123559
123570
123579
123580
123622
123679
123680
123681
123682
123710
123713
123715
123863
123921
123952
123953
123959
123960
123976
123981
123984
123986
123988
123989
123990
123994
124043
124057
124074
124077
124080
124082
124264
124265
124267
124386
124411
124427
124497
124767
124777
124913
124995
125448
125449
125450
125451
127031
127033
127117
127118
127229
127244
127433
127436
127439
127442
127445
127448
127451
127454
127457
127711
127712
127713
127714
127715
127716
127725
127740
127752
127921
127933
128079
128081
128136
128138
128140
128357
128362
128454
128458
128516
128537
128643
128747
128750
128754
128757
128759
128760
128761
128762
128763
128764
128765
128766
128767
128768
128769
128770
128771
128772
128792
128813
128814
128824
128831
128832
128834
128835
128840
128843
128846
128850
128887
128889
128891
128892
128893
128894
128901
128903
128954
128957
128960
129000
129003
129006
129007
129021
129030
129031
129053
129055
129061
129206
129243
129261
129262
129296
129335
129338
129341
129344
129353
129354
129355
129366
129373
129376
129379
129385
129386
129387
129388
129389
129400
129401
129404
129407
129410
129414
129416
129419
129423
129424
129425
129426
129428
129429
129440
129448
129449
129454
129456
129465
129469
129477
129486
129493
129494
129495
129499
129500
129503
129507
129510
129517
129518
129524
129566
129567
129570
129571
129572
129577
129585
129591
129594
129598
129602
129612
129613
129617
129618
129626
129627
129630
129649
129651
129714
129748
131683
131787
131788
131789
132234
134316
138621
139334
139767
139770
139791
139798
139810
139813
139814
139815
139816
139973
139997
140047
140064
140067
140072
140125
140186
140216
140218
140264
140275
140276
140277
140278
140279
140281
140287
140291
140296
140302
140307
140430
140432
140447
140448
140468
140473
140481
140494
140507
140523
140524
140528
140536
140537
140538
140539
140557
140558
140559
140560
140561
140566
140570
140571
140582
140583
140644
140648
140717
140719
140728
140795
140799
140800
140821
140825
140826
140851
140861
140878
140891
140893
140895
140923
140925
140946
140980
141106
141107
141129
141153
141159
141173
141174
141183
141190
141198
141199
141209
141214
141234
141253
141259
141260
141294
141296
141299
141313
141341
141419
141467
141471
141472
141487
141505
141520
141524
141530
141567
141572
141580
141629
141634
141640
141674
141755
141987
142164
142665
143440
144750
144755
144764
144765
144779
145472
146631
147019
147023
147038
149577
149578
149579
149580
149581
149582
149585
149586
149587
149588
149601
149760
149761
151627
151628
152345
152346
152351
152354
152355
152394
152395
152396
152398
152399
152400
152402
152403
152405
152406
152414
152415
152424
152979
152980
155432
158434
158435
158440
161445
164464
164468
168927
173146
176951
177447
177449
181629
182083
182084
182223
182225
182244
182250
182902
183876
184378
184379
184419
184420
184421
184422
184772
184779
184785
184788
184877
185042
185045
185119
185120
185474
186066
186067
186198
188131
188268
188438
188460
188561
188564
188721
188919
188922
189100
189138
189139
189868
189869
189916
189997
189998
190130
190131
190414
191483
192074
192211
192214
192338
192342
192373
192374
192378
192381
192385
192478
192481
192648
192768
193043
193250
193331
193351
193386
193449
193528
193563
193567
193605
193714
193776
193813
193874
193945
193956
193959
193962
193963
194019
194045
194129
194157
194218
194241
194248
196362
196836
196839
196922
196955
197012
197013
197037
197044
197143
197156
197157
197196
197202
197258
197261
197332
197345
197350
197357
197363
197369
197384
197636
197641
197750
197864
197968
198456
198561
198749
198750
198886
198887
198888
199016
199018
199355
199467
199487
199498
199608
199609
199752
199763
199764
199765
199954
199957
199989
199991
199999
