680
1089
1090
1092
1257
2542
2562
2570
2577
2578
2590
2648
2654
2678
2716
2717
2718
2729
2730
2732
2743
2744
2748
2749
2756
2767
2769
2772
2778
2779
2780
2783
2785
2794
2803
2808
2835
2850
2851
2863
2864
2868
2869
2870
2875
2878
2910
2911
2912
2931
2933
2941
2944
2946
2948
2949
2952
2953
2954
2955
2968
2969
2986
2990
2991
3079
3085
3153
3160
3173
3217
3266
3278
3335
3375
3450
3453
3465
3466
3538
3604
3607
3610
3613
3614
3615
3618
3619
3620
3621
3622
3623
3624
3627
3632
3634
3638
3640
3659
3698
3700
3792
3794
3798
3799
3802
3818
3821
3871
3872
3873
3874
3877
3879
4028
4029
4171
4172
4173
4174
5351
5355
5357
5371
5375
5386
5441
5452
5493
5526
5778
5781
5786
5789
5906
6005
6063
6086
6091
6095
6101
6103
6109
6151
6152
6153
6158
6204
6206
6207
6210
6213
6216
6217
6218
6219
6220
6221
6223
6226
6229
6230
6232
6235
6238
6272
6273
6274
6340
6341
6342
6364
6365
6370
6374
6401
6403
6406
6407
6413
6414
6419
6450
6451
6456
6457
6486
6488
6496
6500
6502
6504
6506
6521
6566
6568
6589
6698
6699
6738
6740
6832
6834
6869
6889
6890
6891
6892
6895
6899
6925
6988
7082
7083
7128
7199
7213
7234
7253
7271
7288
7289
7295
7296
7306
7309
7310
7314
7319
7320
7408
7424
7567
7573
7575
7582
7590
7593
7594
7598
7599
7604
7607
7609
7610
7616
7618
7620
7625
7630
7633
7637
7640
7646
7660
7661
7662
7679
7691
7692
7693
7694
7695
7698
7729
7732
7738
7740
7741
7747
7754
7759
7773
7790
7797
7798
7799
7800
7801
7802
7803
7804
7833
7836
7839
7852
7853
7855
7864
7865
7866
7872
7883
7886
7898
7905
7906
7910
7914
7926
7954
7955
7964
7965
7966
7968
7998
7999
8007
8008
8009
8013
8019
8020
8027
8038
8067
8068
8072
8080
8107
8110
8111
8120
8123
8124
8125
8144
8148
8151
8152
8153
8164
8170
8175
8176
8183
8186
8187
8191
8194
8207
8235
8238
8240
8242
8246
8269
8288
8302
8317
8338
8381
8413
8416
8417
8420
8430
8435
8438
8443
8472
8473
8474
8481
8486
8511
8530
8531
8538
8539
8744
8782
8783
8784
8785
8786
8791
8795
8800
8831
8901
8902
8968
8969
9002
9041
9068
9435
9576
9710
9711
9712
9715
9717
9730
9731
9735
9736
9737
9757
10038
10039
10096
10509
10510
10579
10580
10581
10888
11267
11275
11278
11281
11284
11287
11288
11300
11310
11319
11329
11337
11346
11355
11384
11388
11420
11472
11474
11522
11535
11604
11608
11624
11632
11690
11694
11695
11696
11697
11698
11699
11712
11721
11738
11740
11751
11756
11779
11782
11808
11861
11869
11871
11892
11983
12005
12018
12034
12078
12080
12082
12083
12093
12102
12103
12104
12109
12112
12114
12122
12146
12149
12320
12350
12355
12358
12365
12371
12392
12393
12397
12404
12406
12420
12422
12480
12482
12484
12486
12487
12489
12507
12519
12524
12527
12528
12550
12551
12552
12553
12555
12557
12564
12566
12567
12570
12577
12580
12584
12626
12627
12630
12694
12702
12746
12748
12750
12752
12755
12770
12772
12773
12784
12785
12834
12862
12916
12920
12933
12934
12935
12936
12939
12940
12944
12961
12962
12963
12974
13042
13071
13086
13125
13126
13232
13235
13236
13633
13740
13794
13809
13811
14164
14202
14213
14237
14245
14279
14301
14329
14335
14351
14353
14354
14355
14358
14361
14362
14372
14477
14478
14480
14481
14483
14639
14642
14646
14648
14650
14652
14654
14684
14716
14721
14733
14734
14735
14736
14742
14743
14770
14772
14773
14776
14778
14780
14783
14786
14802
14803
14804
14805
14808
14863
14865
14869
14871
14873
14875
14877
14909
15015
15025
15029
15044
15045
15046
15047
15051
15099
15102
15104
15139
15145
15148
15155
15160
15162
15179
15181
15185
15187
15189
15191
15193
15223
15272
15284
15285
15289
15380
15383
15391
15456
15498
15506
15529
15530
15531
15532
15536
15539
15627
15631
15636
15638
15640
15645
15653
15693
15741
15742
15745
15747
15748
15750
15752
15754
15755
15760
15762
15763
15765
15766
15767
15768
15770
15772
15773
15776
15777
15780
15782
15786
15789
15801
15803
15805
15806
15807
15809
15810
15812
15818
15819
15821
15823
15825
15827
15832
15834
15835
15838
15841
15856
15858
15860
15862
15870
15883
15933
15935
15937
15939
15941
15988
16069
16072
16073
16076
16077
16079
16081
16087
16090
16092
16093
16095
16097
16100
16102
16103
16105
16123
16125
16126
16127
16131
16133
16229
16237
16276
16282
16284
16286
16288
16314
16364
16368
16389
16392
16393
16421
16428
16523
16524
16526
16527
16545
16556
16557
16558
16758
16796
16801
16818
16822
16858
16859
16862
16917
16925
16928
16929
16931
16932
16934
16946
16947
16978
16979
16982
17017
17024
17025
17044
17053
17056
17060
17063
17064
17065
17066
17103
17104
17105
17106
17124
17136
17275
17331
17502
17666
17820
17955
18134
18302
18473
18636
18643
18651
18653
18655
18657
18661
18683
18685
18687
18689
18691
18704
18726
18736
18737
18738
18871
18874
18876
18891
18917
18934
18937
18939
18940
18957
18965
18966
18967
19092
19093
19094
19097
19098
19099
19106
19111
19113
19115
19120
19123
19135
19138
19158
19159
19164
19166
19197
19198
19204
19205
19206
19208
19216
19223
19227
19235
19236
19240
19252
19253
19280
19283
19284
19301
19357
19474
19476
19492
19516
19803
20045
20075
20078
20080
20110
20139
20140
20146
20147
20148
20149
20150
20155
20160
20161
20164
20165
20167
20172
20185
20189
20212
20216
20222
20238
20267
20318
20319
20330
20352
20353
20356
20357
20358
20359
20360
20364
20371
20375
20394
20407
20460
20480
20481
20482
20483
20484
20486
20494
20496
20509
20519
20548
20572
20573
20574
20580
20581
20583
20640
20643
20644
20645
20651
20652
20679
20702
20721
20723
20730
20749
20759
20773
20775
20777
20779
20799
20818
20819
20829
20849
20850
20854
20856
20858
20860
20865
20869
20872
20875
20878
20879
20882
20883
20895
20898
20916
20942
20952
20955
20970
20974
20979
20987
20992
20997
21003
21006
21008
21015
21017
21019
21025
21027
21029
21031
21040
21047
21052
21053
21054
21056
21063
21078
21088
21098
21099
21100
21107
21121
21123
21132
21139
21140
21141
21142
21143
21160
21166
21167
21168
21170
21178
21181
21196
21241
21246
21248
21253
21257
21305
21390
21415
21417
21418
21419
21420
21421
21428
21438
21439
21440
21442
21455
21457
21467
21499
21500
21502
21503
21505
21506
21525
21534
21535
21537
21538
21560
21561
21563
21564
21566
21567
21591
21592
21600
21608
21609
21650
21669
21671
21672
21673
21674
21675
21681
21690
21691
21692
21694
21702
21705
21709
21930
21932
21941
21942
21943
21944
21945
21972
21973
21974
21975
21987
21997
21998
21999
22005
22010
22012
22021
22023
22025
22027
22029
22050
22109
22114
22123
22159
22165
22166
22190
22200
22208
22226
22227
22228
22252
22259
22261
22264
22266
22269
22270
22271
22272
22273
22295
22296
22297
22298
22305
22320
22328
22339
22348
22426
22430
22431
22444
22455
22456
22457
22485
22486
22487
22488
22489
22490
22498
22500
22506
22507
22508
22510
22517
22520
22521
22538
22542
22545
22549
22553
22556
22557
22558
22559
22560
22562
22566
22570
22572
22574
22577
22580
22585
22592
22612
22618
22623
22624
22625
22628
22632
22650
22663
22668
22672
22679
22685
22687
22690
22693
22695
22698
22729
22732
22734
22750
22825
22874
22877
22880
22883
22886
22931
22940
22953
22972
22977
22992
23001
23002
23015
23016
23017
23023
23031
23055
23058
23059
23062
23065
23066
23067
23068
23069
23071
23073
23078
23079
23083
23087
23129
23132
23136
23137
23145
23146
23177
23178
23217
23235
23238
23239
23240
23241
23245
23246
23250
23259
23292
23293
23294
23295
23461
23462
23464
23472
23478
23510
23514
23527
23543
23568
23591
23593
23605
23606
23617
23642
23647
23661
23667
23668
23675
23684
23695
23711
23724
23736
23754
23771
23796
23811
23858
23863
23867
23878
23950
23965
23989
23990
24021
24035
24057
24119
24129
24140
24144
24164
24175
24196
24200
24204
24212
24218
24221
24222
24224
24227
24239
24245
24252
24255
24266
24278
24287
24291
24297
24301
24339
24346
24355
24364
24381
24382
24391
24400
24418
24422
24429
24435
24438
24449
24463
24464
24490
24538
24589
24656
24699
24735
24767
24777
24785
24808
24866
24934
25011
25244
25252
25253
25260
25275
25277
25278
25336
25354
25366
25397
25405
25406
25407
25413
25464
25465
25468
25471
25473
25527
25566
25568
25616
25620
25621
25623
25624
25626
25628
25670
25671
25673
25692
25693
25694
25760
25779
25786
25790
25795
25796
25797
25801
25808
25809
25819
25828
25831
25836
25848
25905
25911
25914
25922
25944
25951
25955
25956
25962
25963
25964
25968
25973
25976
25984
26001
26002
26003
26008
26023
26037
26040
26117
26119
26121
26125
26131
26132
26138
26143
26159
26166
26308
26334
26337
26357
26361
26362
26396
26413
26422
26448
26453
26513
26593
26695
26741
26949
26967
26999
27004
27005
27006
27007
27008
27022
27028
27031
27036
27043
27046
27666
27674
27679
27682
27706
27708
27711
27712
27713
27716
27718
27719
27836
27859
27861
27866
27871
27876
27878
27906
27926
27929
27933
27936
27938
27940
27946
27953
27954
27962
27963
27964
27965
27966
27967
27968
27982
28034
28051
28071
28077
28081
28154
28157
28175
28255
28428
28450
28453
28551
28577
28580
28583
28584
28590
28597
28598
28599
28604
28607
28613
28614
28615
28616
28661
28664
28665
28669
28690
28693
28731
28743
28745
28776
28779
28785
28788
28791
28792
28793
28800
28808
28924
28950
29120
29137
29159
29165
29180
29181
29183
29184
29185
29187
29188
29189
29319
29324
29333
29334
29337
29345
29408
29444
29445
29945
29947
30232
30239
31119
31126
31127
31136
31157
31324
31327
31360
31362
31415
31417
31476
31478
31497
31499
31528
31530
31579
31581
31628
31636
31640
31647
31653
31655
31658
31663
31666
31669
31674
31690
31693
31697
31959
32138
32165
32167
32171
32212
32214
32221
32222
32235
32237
32238
32244
32252
32385
32388
32429
32433
32437
32446
32501
32502
32503
32504
32505
32506
32551
32553
32554
32556
32557
32558
32559
32560
32561
32562
32563
32565
32566
32568
32571
32576
32577
32580
32583
32589
32592
32608
32637
32644
32651
32652
32674
32675
32676
32680
32723
32761
32767
32786
32799
32804
32805
32848
32849
32923
32924
32927
32932
32940
32941
32942
32947
32948
32962
32969
32970
32979
32980
32981
32984
32989
33001
33002
33033
33063
33073
33074
33086
33087
33088
33089
33132
33134
33135
33141
33142
33143
33144
33151
33167
33171
33172
33178
33180
33181
33185
33259
33322
33323
33334
33346
33351
33352
33353
33359
33360
33361
33362
33363
33370
33389
33405
33406
33407
33408
33418
33419
33420
33421
33423
33429
33433
33434
33446
33491
33492
33493
33499
33534
33558
33580
33603
33605
33607
33641
33650
33651
33656
33657
33658
33659
33661
33662
33663
33693
33694
33695
33703
33707
33712
33713
33714
33716
33720
33723
33730
33736
33751
33795
33798
33799
33800
33801
33802
33803
33804
33806
33807
33809
33810
33811
33841
33846
33851
33855
33858
33863
33867
33870
33871
33874
33878
33879
33881
33883
33886
33887
33888
33891
33893
33895
33920
33922
33923
33924
33925
33926
33939
33943
33947
33974
33975
33976
33987
34007
34013
34030
34046
34047
34052
34056
34058
34060
34093
34101
34102
34103
34104
34105
34112
34118
34157
34175
34182
34183
34184
34185
34186
34187
34201
34207
34208
34209
34228
34230
34236
34239
34240
34246
34247
34253
34255
34275
34290
34292
34301
34304
34305
34306
34307
34311
34312
34313
34317
34321
34330
34351
34361
34363
34383
34695
34696
34719
34730
34732
34733
34734
34762
34841
34842
34850
34851
34852
34879
34880
34883
34887
34888
34916
34919
34922
34924
34934
34935
34937
34949
34957
34958
34960
34969
34970
34981
34996
35008
35009
35011
35015
35028
35036
35042
35044
35058
35060
35062
35063
35067
35089
35091
35115
35131
35135
35138
35143
35157
35161
35163
35183
35185
35201
35226
35227
35273
35275
35278
35280
35281
35282
35286
35287
35291
35294
35295
35297
35303
35315
35317
35319
35320
35323
35377
35380
35382
35384
35385
35415
35417
35420
35423
35458
35459
35478
35489
35490
35492
35495
35496
35499
35511
35512
35531
35536
35541
35542
35543
35544
35546
35550
35554
35558
35559
35560
35607
35610
35613
35643
35644
35645
35659
35666
35693
35694
35695
35721
35729
35732
35738
35740
35749
35750
35751
35752
35793
35794
35795
35796
35820
35840
35861
35946
36116
36250
36274
36276
36426
36433
36573
36581
36690
36856
37021
37023
37186
37350
37362
37502
37640
37779
37840
38003
38160
38326
38498
38506
38521
38530
38531
38533
38536
38537
38540
38626
38646
38648
38661
38832
38838
38839
38841
38844
38845
38848
39053
39055
39056
39119
39138
39145
39146
39147
39148
39169
39175
39180
39240
39246
39248
39249
39257
39258
39280
39281
39284
39285
39286
39287
39289
39291
39293
39297
39301
39303
39308
39479
39484
39485
39493
39503
39506
39509
39512
39515
39517
39520
39526
39527
39533
39534
39543
39549
39551
39552
39554
39559
39560
39565
39573
39574
39657
39673
39674
39690
39693
39695
39696
39700
39707
39715
39758
39761
39766
39767
39768
39777
39778
39785
39788
39793
39810
39811
39837
39839
39842
39844
39846
39847
39850
39875
39879
39880
39881
39893
39896
39900
39904
39907
39908
39914
39927
39937
39938
39978
39984
39987
39988
39994
39995
40005
40011
40012
40013
40014
40022
40026
40027
40043
40049
40067
40068
40073
40092
40168
40182
40196
40207
40211
40214
40215
40216
40237
40238
40255
40289
40292
40300
40301
40312
40315
40318
40323
40324
40334
40335
40337
40343
40344
40350
40353
40354
40357
40363
40364
40368
40374
40377
40378
40379
40383
40387
40396
40397
40402
40403
40409
40417
40418
40421
40433
40441
40442
40445
40465
40472
40473
40476
40478
40483
40487
40490
40491
40499
40500
40514
40519
40543
40547
40554
40557
40559
40583
40588
40593
40594
40595
40596
40597
40598
40599
40600
40601
40602
40603
40606
40611
40615
40619
40621
40710
40714
40743
40817
40829
40862
40943
40944
40947
40949
40969
40970
40971
40973
40977
40978
40983
40984
40996
41004
41022
41052
41058
41065
41068
41083
41085
41087
41088
41091
41093
41105
41125
41127
41152
41153
41162
41178
41179
41182
41183
41209
41210
41211
41213
41216
41217
41219
41254
41261
41263
41264
41265
41266
41280
41284
41286
41288
41346
41347
41356
41386
41387
41388
41390
41393
41394
41396
41465
41472
41474
41475
41476
41477
41479
41483
41485
41487
41540
41543
41545
41561
41671
41674
41680
41683
41686
41752
41788
41800
41806
41808
41836
41841
41847
41849
41850
41851
41852
41853
41854
41855
41856
41857
41858
41862
41866
41867
41874
41875
41915
41931
41936
41937
41961
42003
42006
42012
42014
42015
42020
42021
42030
42031
42032
42039
42040
42042
42043
42045
42049
42050
42052
42061
42064
42070
42075
42078
42081
42275
42298
42302
42321
42324
42325
42331
42358
42375
42379
42380
42388
42389
42395
42398
42417
42449
42454
42455
42496
42497
42499
42500
42502
42504
42506
42517
42519
42555
42557
42559
42560
42563
42564
42576
42591
42598
42599
42600
42601
42602
42607
42609
42630
42633
42635
42636
42637
42645
42646
42696
42697
42701
42705
42720
42748
42757
42764
42765
42766
42767
42768
42810
42818
42861
42908
42938
42939
42941
42943
42946
42947
42957
42982
42989
42990
42991
42992
42993
42995
42999
43017
43021
43203
43354
43418
43419
43421
43423
43427
43430
43431
43432
43441
43444
43457
43469
43477
43496
43502
43503
43504
43505
43506
43508
43515
43519
43521
43523
43587
43588
43591
43614
43626
43628
43679
43680
43681
43682
43683
43684
43685
43686
43687
43688
43689
43690
43691
43692
43693
43694
43695
43696
43697
43699
43739
43747
43748
43749
43752
43754
43757
43767
43781
43787
44125
44126
44177
44182
44210
44217
44218
44223
44227
44231
44245
44282
44430
44493
44496
44570
44585
44663
44826
44870
44887
45119
45122
45147
45151
45179
45185
45304
45554
45614
45615
47167
47168
47169
47180
47181
47228
47352
47353
47373
47404
47407
47410
47420
47421
47422
47427
47434
47435
47437
47457
47460
47491
47494
47517
47519
47525
47526
47527
47539
47544
47557
47588
47591
47607
47608
47609
47610
47615
47624
47639
47710
47718
47781
47789
47792
47798
47813
47817
47829
47834
47835
47847
47848
47859
47860
47862
47866
47874
47893
48005
48006
48020
48031
48057
48121
48125
48126
48144
48174
48175
48176
48177
48178
48179
48180
48181
48182
48184
48188
48194
48198
48221
48223
48236
48243
48244
48246
48254
48257
48343
48354
48359
48360
48388
48589
48610
48633
48640
48651
48656
48657
48668
48685
48687
48758
48759
48790
48792
48793
48806
48807
48818
48819
48820
48821
48850
48851
48852
48858
48864
48879
48897
48904
48916
48920
48921
49008
49039
49164
49208
49216
49224
49227
49229
49232
49253
49291
49294
49298
49299
49311
49320
49335
49445
49446
49447
49448
49471
49545
49547
49548
49549
49553
49558
49559
49563
49564
49569
49574
49575
49577
49581
49584
49595
49596
49606
49611
49612
49622
49623
49627
49628
49645
49646
49678
49680
49681
49682
49694
49698
49825
49827
49963
50005
50125
50126
50127
50128
50139
50140
50141
50285
50286
50287
50288
50302
50318
50353
50427
50442
50445
50448
50450
50451
50454
50455
50456
50457
50459
50485
50585
50586
50616
50617
50630
50659
50664
50704
50705
50709
50721
50744
50749
50750
50752
50753
50758
50762
50808
50812
50821
50822
50823
50824
50825
50827
50829
50830
50841
50846
50847
50848
50849
50850
50851
50852
50853
50858
50859
50860
50866
50869
50882
50883
50895
50897
50927
50929
50932
50933
50938
50941
50945
50957
50959
50987
51001
51009
51016
51018
51035
51041
51042
51069
51072
51073
51084
51085
51086
51089
51092
51093
51094
51098
51111
51112
51160
51202
51204
51209
51211
51215
51221
51224
51236
51237
51238
51268
51269
51306
51319
51335
51336
51361
51362
51366
51371
51404
51405
51410
51412
51420
51421
51422
51448
51483
51484
51485
51487
51495
51497
51499
51500
51505
51511
51515
51520
51544
51569
51591
51594
51614
51619
51630
51634
51661
51662
51690
51691
51696
51702
51707
51708
51711
51715
51720
51723
51731
51740
51745
51748
51757
51760
51761
51764
51765
51794
51799
51800
51801
51802
51803
51806
51814
51818
51820
51955
51956
51960
51967
51972
51973
51979
52006
52011
52012
52013
52014
52015
52017
52022
52023
52027
52029
52031
52067
52068
52070
52071
52073
52075
52077
52079
52081
52082
52084
52085
52087
52089
52090
52165
52166
52167
52171
52172
52174
52175
52176
52177
52180
52181
52183
52184
52185
52186
52189
52191
52193
52252
52254
52256
52258
52260
52278
52301
52302
52338
52344
52363
52373
52378
52383
52389
52403
52422
52431
52458
52461
52466
52479
52507
52508
52510
52511
52518
52522
52523
52542
52545
52600
52601
52604
52698
52703
52705
52711
52712
52713
52714
52715
52716
52717
52720
52727
52730
52731
52733
52737
52738
52744
52746
52749
52781
52787
52880
52883
52884
52888
52892
52895
52898
52901
52904
52905
52908
52909
52910
52911
52914
52915
52929
52935
52936
52937
52938
52939
52941
52943
52946
52949
52951
52998
53003
53123
53375
53376
53381
53391
53425
53435
53451
53452
53546
53557
53566
53606
53612
53613
53614
53615
53616
53637
53641
53657
53675
53677
53722
53782
53855
53897
53950
54034
54036
54037
54038
54041
54042
54044
54047
54048
54050
54054
54056
54058
54059
54060
54061
54063
54065
54066
54067
54068
54070
54071
54075
54076
54077
54081
54096
54159
54182
54183
54185
54186
54188
54189
54191
54193
54195
54197
54244
54246
54247
54250
54255
54256
54260
54264
54268
54275
54279
54283
54395
54396
54432
54441
54475
54476
54480
54503
54527
54531
54556
54561
54562
54563
54569
54584
54598
54613
54649
54651
54653
54684
54686
54688
54731
55347
55597
55599
55605
55607
55627
55629
55671
55673
55705
55709
55733
55735
55820
55821
55822
55841
55863
55871
55876
55877
55878
55881
55884
55885
55886
55887
55888
55889
55892
55894
55896
55897
55901
55905
55909
56005
56018
56129
56203
56222
56233
56238
56270
56283
56286
56315
56316
56317
56326
56327
56329
56338
56356
56357
56443
56444
56447
56448
56451
56455
56456
56457
56463
56464
56484
56518
56521
56555
56557
56558
56582
56601
56602
56604
56605
56607
56608
56635
56637
56803
56804
56806
56807
56809
56810
56813
56855
56856
56860
56864
56866
56867
56893
56894
56912
56914
56916
56917
56920
56922
56933
56934
56939
56940
56941
56942
56957
56958
57252
57254
57259
57275
57280
57283
57284
57300
57314
57316
57318
57322
57330
57438
57457
57460
57470
57485
57549
57550
57582
57588
57655
57674
57701
57714
57847
57848
57850
57855
57889
57923
57930
57931
57932
57933
57934
57935
57936
57937
57940
57946
58000
58071
58089
58232
58289
58290
58293
58294
58296
58331
58343
58347
58362
58365
58366
58371
58378
58395
58431
58439
58472
58487
58504
58505
58549
58552
58609
58610
58625
58626
58627
58628
58629
58630
58632
58633
58635
58657
58718
58719
58728
58729
58730
58731
58734
58745
58755
58775
58799
58800
58802
58815
58831
58832
58840
58841
58853
58854
58879
58883
58902
58903
58919
58920
58921
58922
58923
58925
58958
58959
58980
58984
59015
59045
59058
59059
59078
59079
59094
59095
59107
59136
59137
59138
59139
59161
59162
59177
59181
59196
59197
59206
59207
59213
59225
59226
59232
59236
59237
59266
59267
59280
59281
59294
59295
59304
59306
59314
59315
59340
59341
59350
59351
59357
59358
59368
59369
59377
59378
59385
59386
59424
59425
59426
59428
59434
59435
59438
59439
59447
59449
59461
59462
59467
59468
59469
59470
59472
59474
59480
59486
59505
59549
59551
59565
59566
59571
59573
59578
59580
59584
59585
59589
59593
59602
59605
59608
59612
59613
59621
59622
59627
59633
59634
59649
59652
59667
59668
59683
59684
59687
59720
59758
59759
59767
59772
59781
59785
59786
59794
59795
59800
59801
59805
59809
59810
59815
59816
59820
59821
59826
59827
59832
59833
59838
59841
59842
59848
59849
59854
59855
59860
59861
59865
59866
59870
59871
59876
59877
59892
59893
59908
59909
59925
59926
59931
59932
59936
59937
60012
60013
60019
60020
60026
60034
60038
60039
60044
60045
60057
60065
60067
60068
60070
60076
60077
60085
60086
60087
60101
60107
60109
60113
60114
60120
60124
60125
60141
60155
60162
60164
60165
60169
60181
60183
60185
60198
60199
60203
60204
60206
60207
60218
60219
60224
60226
60235
60236
60242
60244
60258
60263
60264
60273
60274
60290
60293
60309
60312
60339
60344
60345
60348
60351
60358
60359
60363
60366
60370
60373
60380
60382
60385
60386
60387
60388
60398
60399
60404
60406
60409
60410
60416
60420
60424
60426
60428
60430
60436
60437
60438
60439
60447
60448
60454
60455
60456
60460
60464
60466
60471
60472
60473
60478
60479
60491
60492
60508
60509
60521
60522
60534
60536
60550
60564
60600
60622
60658
60666
60686
60704
60705
60714
60748
60749
60750
60754
60790
60795
60813
60817
60843
60845
60862
60867
60868
60872
60879
60880
60881
60887
60912
60920
60923
60945
60946
60999
61020
61050
61069
61070
61075
61076
61094
61095
61097
61115
61116
61128
61144
61158
61176
61217
61266
61286
61300
61301
61304
61307
61318
61323
61331
61335
61344
61348
61349
61350
61351
61387
61400
61401
61410
61411
61418
61423
61424
61429
61434
61465
61466
61467
61506
61507
61508
61509
61510
61517
61533
61538
61539
61540
61560
61561
61566
61569
61573
61579
61581
61583
61585
61596
61599
61600
61605
61613
61634
61636
61642
61643
61644
61648
61649
61652
61654
61655
61665
61684
61687
61695
61703
61705
61706
61719
61726
61739
61745
61746
61751
61756
61796
61808
61815
61842
61844
61849
61851
61867
61871
61873
61874
61887
61890
61897
61898
61901
61912
61926
61934
61938
61939
61944
61945
61946
61953
61962
61968
61987
61988
62003
62008
62009
62016
62019
62028
62030
62031
62032
62036
62047
62049
62062
62070
62073
62074
62076
62079
62080
62089
62093
62094
62095
62107
62120
62121
62124
62138
62139
62140
62141
62142
62154
62155
62166
62167
62169
62170
62181
62191
62193
62197
62214
62215
62231
62236
62237
62238
62239
62250
62268
62289
62296
62326
62351
62353
62398
62399
62400
62402
62407
62442
62462
62463
62470
62471
62472
62494
62495
62501
62503
62505
62526
62527
62528
62544
62545
62546
62548
62551
62553
62558
62560
62562
62564
62576
62579
62582
62583
62585
62600
62611
62635
62636
62647
62665
62668
62671
62674
62684
62685
62722
62723
62727
62729
62744
62750
62752
62753
62754
62755
62766
62803
62811
62812
62813
62814
62815
62816
62817
62818
62827
62832
62837
62842
62847
62851
62866
62868
62882
62903
62905
62907
62908
62909
62911
62915
62916
62920
62927
62929
62936
62938
62939
62974
62976
62977
62978
62980
62985
62990
63014
63076
63081
63150
63153
63190
63192
63195
63225
63255
63257
63258
63269
63306
63310
63314
63315
63329
63330
63336
63337
63338
63343
63350
63354
63355
63365
63366
63367
63382
63383
63388
63390
63392
63400
63406
63408
63411
63413
63415
63419
63420
63426
63429
63432
63433
63447
63448
63452
63486
63487
63495
63501
63504
63509
63510
63540
63548
63549
63551
63554
63556
63557
63560
63563
63566
63567
63568
63569
63626
63635
63636
63637
63655
63657
63658
63666
63694
63695
63696
63720
63727
63728
63779
63780
63781
63798
63800
63803
63804
63814
63815
63841
63844
63848
63854
63855
63857
63860
63873
63878
63879
63885
63886
63891
63893
63899
63900
63905
63907
63911
63916
63919
63920
63921
63922
63923
63926
63929
63937
63938
63940
63943
63955
63956
63957
63959
63961
63962
63965
63970
63984
63994
64001
64002
64003
64005
64010
64012
64022
64023
64025
64026
64027
64028
64030
64031
64033
64037
64042
64048
64050
64053
64059
64064
64066
64082
64089
64090
64091
64093
64097
64098
64101
64102
64105
64111
64115
64116
64117
64121
64123
64162
64183
64184
64187
64189
64193
64194
64195
64204
64205
64213
64228
64229
64237
64238
64240
64245
64248
64252
64256
64259
64268
64269
64270
64293
64303
64306
64308
64309
64313
64321
64331
64332
64338
64340
64359
64360
64362
64366
64368
64370
64371
64376
64392
64394
64401
64402
64404
64416
64431
64432
64449
64450
64461
64468
64480
64491
64510
64514
64522
64531
64540
64541
64551
64571
64582
64594
64595
64636
64642
64661
64663
64667
64672
64685
64698
64714
64716
64718
64727
64728
64729
64735
64746
64749
64750
64763
64791
64794
64826
64842
64849
64850
64878
64882
64886
64895
64904
64941
64946
64951
64952
64953
64956
64958
64971
64973
64979
64992
64993
64997
65008
65031
65032
65033
65040
65041
65042
65045
65046
65052
65056
65058
65062
65067
65080
65085
65088
65089
65092
65099
65101
65104
65115
65118
65119
65123
65128
65136
65143
65145
65147
65150
65153
65156
65158
65160
65163
65168
65171
65172
65176
65177
65183
65219
65222
65223
65227
65230
65235
65238
65242
65247
65248
65250
65251
65259
65262
65272
65281
65282
65305
65307
65308
65310
65311
65313
65314
65316
65317
65318
65319
65320
65321
65323
65327
65339
65357
65359
65361
65362
65364
65365
65369
65371
65373
65376
65378
65380
65383
65397
65398
65405
65406
65409
65426
65430
65434
65438
65441
65446
65447
65449
65531
65536
65543
65556
65557
65559
65572
65575
65590
65593
65606
65607
65647
65652
65664
65665
65676
65685
65699
65706
65716
65717
65718
65725
65730
65738
65748
65749
65754
65757
65763
65766
65775
65793
65794
65809
65815
65828
65852
65865
65867
65897
65900
65912
65916
65925
65927
65939
65948
65953
65955
65958
65972
65980
65983
65989
65993
66005
66117
66165
66419
66947
67153
67162
67177
67180
67184
67185
67234
67250
67253
67292
67346
67350
67373
67409
67415
67435
67448
67449
67452
67466
67473
67486
67488
67494
67553
67555
67558
67607
67637
67678
67700
67707
67722
67724
67728
67730
67737
67746
67747
67748
67758
67759
67761
67770
67771
67781
67783
67789
67791
67797
67799
67808
67810
67841
68019
68020
68025
68027
68029
68030
68032
68047
68059
68073
68084
68088
68100
68112
68115
68128
68141
68142
68153
68164
68166
68189
68194
68197
68204
68207
68261
68302
68350
68351
68353
68371
68383
68395
68396
68434
68441
68447
68454
68479
68481
68491
68494
68495
68497
68510
68511
68521
68573
68577
68592
68601
68603
68606
68609
68686
68695
68704
68709
68711
68714
68716
68728
68741
68752
68755
68765
68769
68781
68788
68805
68817
68832
68840
68849
68873
68874
68905
68954
68956
68972
68974
68987
68990
69003
69015
69016
69031
69045
69057
69072
69089
69097
69126
69128
69183
69197
69203
69204
69206
69213
69214
69215
69217
69230
69231
69246
69261
69271
69284
69287
69300
69311
69325
69336
69337
69351
69357
69374
69384
69392
69414
69417
69427
69428
69429
69434
69442
69449
69463
69479
69511
69545
69588
69624
69626
69640
69651
69652
69653
69656
69689
69769
69770
69783
69785
69788
69790
69793
69795
69807
69818
69821
69827
69870
69885
69908
69910
69921
69938
69940
69954
69966
69967
69970
69972
69983
69995
70008
70019
70030
70040
70042
70043
70055
70058
70070
70091
70092
70328
70353
70354
70356
70359
70361
70375
70376
70378
70381
70392
70397
70400
70414
70426
70436
70440
70441
70442
70480
70504
70510
70516
70524
70525
70552
70556
70559
70573
70578
70581
70590
70599
70608
70609
70644
70646
70649
70651
70665
70676
70687
70701
70714
70715
70727
70741
70742
70812
70814
70822
70825
70828
70830
70843
70856
70859
70872
70885
70896
70912
70914
70925
70928
70940
70976
70978
70982
70984
70999
71009
71011
71023
71038
71048
71061
71072
71073
71110
71112
71116
71118
71132
71184
71187
71238
71240
71256
71266
71269
71282
71293
71305
71318
71329
71332
71344
71355
71368
71434
71438
71572
71574
71577
71579
71594
71604
71617
71627
71629
71640
71653
71663
71675
71686
71699
71867
71869
71879
71890
71901
71910
71913
71925
71962
71963
72118
72119
72139
72157
72159
72171
72183
72193
72207
72208
72209
72229
72248
72272
72298
72326
72328
72334
72394
72395
72398
72399
72407
72421
72423
72436
72446
72447
72459
72470
72482
72494
72505
72516
72528
72539
72551
72571
72592
72595
72602
72605
72619
72630
72632
72658
72666
72691
72701
72719
72721
72765
72768
72811
72813
72829
72839
72850
72861
72872
72873
72877
72881
72892
72904
72986
73050
73052
73066
73067
73080
73150
73258
73375
73408
73410
73448
73449
73474
73483
73497
73510
73513
73524
73531
73586
73588
73605
73617
73631
73650
73671
73684
73686
73888
73954
73956
73970
73972
73984
73995
74008
74023
74032
74051
74064
74081
74088
74106
74144
74146
74148
74163
74165
74186
74188
74196
74200
74220
74342
74343
74358
74370
74380
74398
74401
74423
74433
74444
74467
74469
74484
74494
74496
74510
74530
74636
74638
74650
74653
74663
74674
74685
74695
74700
74716
74728
74741
74745
74757
74769
74772
74786
74788
74830
74832
74847
74884
74886
74901
74911
74922
74925
74937
74952
75088
75132
75312
75315
75370
75394
75399
75649
75652
75659
75663
75666
75726
75783
75790
75793
75796
75800
75801
75809
75815
75816
75817
75822
75845
75866
75911
75912
75919
75927
75930
75934
75937
75943
75944
75945
75946
75948
75971
75972
75973
75977
76143
76171
76177
76198
76201
76202
76215
76222
76230
76239
76252
76255
76267
76270
76308
76309
76310
76326
76327
76328
76341
76343
76408
76425
76430
76444
76448
76488
76538
76603
76621
76722
76726
76740
76741
76754
76779
76782
76783
76796
76801
76804
76827
76832
76837
76895
76902
76924
76947
76958
76973
76980
76982
76985
76988
76992
77004
77064
77091
77093
77096
77099
77104
77107
77114
77117
77149
77152
77155
77159
77172
77179
77183
77186
77190
77193
77200
77206
77208
77250
77296
77361
77364
77368
77492
77494
77507
77510
77516
77521
77546
77549
77559
77560
77567
77572
77653
77679
77735
77740
77745
77791
77795
77801
77807
77815
77821
77822
77825
77827
77835
77838
77853
77856
77909
77918
77923
77963
77965
77969
77983
77986
77994
78000
78001
78002
78003
78010
78016
78031
78039
78055
78064
78068
78081
78089
78094
78095
78109
78111
78112
78117
78131
78136
78154
78159
78162
78185
78186
78187
78370
78389
78392
78399
78420
78478
78479
78517
78525
78531
78645
78697
78700
78767
78769
78773
78779
78799
78805
78834
78835
78838
78840
78871
78874
79070
79076
79077
79187
79192
79328
79379
79382
79392
79394
80145
80164
80167
80184
80185
80186
80225
80396
80399
80402
80437
80502
80504
80583
80587
80611
80618
80620
80670
80767
80790
80856
80918
80919
80924
80925
80930
80931
80933
80938
80992
80994
81030
81031
81036
81037
81051
81055
81059
81061
81063
81068
81069
81095
81098
81099
81100
81101
81254
81255
81256
81269
81277
81279
81283
81285
81286
81287
81313
81316
81320
81321
81338
81351
81359
81534
81705
81830
82038
82246
82456
82669
82710
82714
82717
82719
82731
82733
82753
82802
82866
82877
82879
82893
83090
83116
83239
83245
83296
83297
83298
83301
83341
83347
83348
83367
83392
83407
83409
83411
83414
83417
83420
83421
83422
83428
83429
83430
83431
83432
83433
83434
83438
83441
83445
83449
83451
83472
83475
83477
83480
83547
83559
83560
83593
83594
83595
83599
83620
83621
83701
83702
83714
83717
83747
83748
83752
83753
83757
83761
83762
83763
83764
83765
83767
83768
83769
83771
83774
83777
83778
83779
83789
83795
83800
83801
83802
83807
83816
83819
83824
83825
83838
83851
83852
83866
83870
83903
83905
83922
83994
83995
84000
84157
84176
84177
84179
84182
84184
84188
84189
84193
84195
84199
84202
84206
84223
84225
84239
84316
84317
84391
84392
84393
84397
84402
84415
84416
84417
84442
84450
84477
84481
84499
84503
84534
84541
84543
84548
84549
84552
84553
84562
84566
84567
84571
84575
84584
84586
84626
84630
84632
84639
84651
84652
84660
84661
84665
84666
84667
84669
84684
84746
84771
84776
84816
84833
84835
84836
84837
84854
84856
84883
84901
84902
84903
84904
84905
84906
84907
84908
84912
84913
84915
84918
84922
84923
84926
84927
84928
84933
84968
85026
85027
85028
85047
85060
85061
85062
85063
85064
85065
85066
85067
85068
85069
85070
85072
85077
85081
85084
85088
85091
85092
85093
85094
85095
85096
85097
85098
85099
85103
85106
85112
85117
85122
85126
85131
85159
85160
85161
85166
85167
85168
85169
85172
85173
85179
85188
85197
85198
85199
85201
85202
85203
85217
85218
85219
85220
85221
85222
85225
85231
85235
85239
85241
85244
85252
85266
85267
85311
85352
85353
85354
85355
85356
85357
85358
85382
85428
85429
85431
85432
85433
85434
85444
85606
85610
85839
85847
85851
85934
86035
86164
86171
86182
86198
86329
86330
86837
86838
86841
86842
86843
86844
86845
86846
86863
86871
86872
86873
86876
86879
86937
86938
86941
86955
86967
86973
86978
86979
87017
87031
87081
87151
87200
87201
87202
87203
87204
87205
87233
87252
87254
87256
87258
87299
87300
87303
87305
87309
87352
87358
87363
87371
87450
87524
87534
87552
87557
87581
87582
87583
87614
87615
87616
87620
87624
87625
87626
87632
87633
87654
87668
87669
87688
87689
87691
87692
87698
87699
87704
87719
87721
87722
87723
87724
87739
87743
87781
87783
87789
87790
87813
87815
87832
87833
87852
87863
87887
87895
87915
87916
87922
87925
87930
87935
87944
87949
87953
87974
87976
87977
87978
87979
87980
87981
87982
87994
87996
87997
87999
88000
88002
88004
88007
88008
88011
88013
88015
88018
88020
88022
88025
88027
88028
88029
88030
88031
88057
88161
88163
88165
88167
88168
88171
88185
88186
88187
88243
88268
88270
88271
88419
88440
88441
88442
88443
88444
88445
88446
88450
88454
88455
88462
88467
88468
88469
88470
88471
88472
88473
88474
88475
88476
88482
88483
88484
88486
88491
88493
88494
88495
88496
88497
88499
88500
88502
88505
88512
88516
88520
88523
88524
88530
88533
88536
88544
88545
88546
88547
88554
88564
88637
88638
88639
88654
88655
88656
88658
88660
88661
88675
88676
88682
88684
88729
88793
88795
88830
88837
88846
88859
88860
88862
88875
88891
88956
88957
88984
88986
88988
88989
88990
88991
88992
88998
89001
89004
89006
89013
89023
89024
89025
89026
89027
89028
89030
89036
89040
89053
89061
89062
89071
89086
89089
89092
89107
89109
89110
89111
89117
89132
89136
89152
89153
89159
89160
89161
89162
89163
89178
89182
89183
89199
89205
89223
89225
89226
89235
89237
89238
89239
89240
89241
89242
89243
89284
89293
89295
89296
89298
89299
89300
89301
89304
89305
89307
89328
89330
89334
89335
89344
89346
89360
89361
89366
89379
89394
89395
89402
89405
89408
89432
89438
89474
89489
89490
89492
89507
89517
89518
89519
89520
89521
89522
89523
89565
89570
89571
89575
89576
89577
89578
89579
89580
89587
89591
89595
89599
89603
89605
89615
89616
89632
89660
89661
89662
89663
89664
89665
89673
89682
89683
89684
89685
89686
89687
89689
89690
89695
89696
89707
89709
89710
89713
89717
89721
89729
89753
89754
89755
89796
89850
89885
89896
89915
89917
89918
89919
89920
89921
89922
89934
89952
90000
90006
90007
90011
90017
90018
90028
90048
90051
90075
90077
90078
90081
90094
90099
90104
90125
90128
90136
90137
90165
90170
90176
90182
90184
90189
90208
90209
90232
90233
90255
90257
90260
90294
90338
90339
90430
90431
90434
90435
90437
90438
90441
90442
90477
90480
90501
90502
90503
90504
90505
90506
90507
90508
90516
90517
90520
90522
90533
90534
90537
90538
90545
90546
90547
90549
90551
90555
90563
90566
90572
90573
90574
90578
90642
90643
90644
90645
90654
90655
90656
90658
90659
90660
90661
90662
90664
90667
90669
90673
90727
90898
90899
90903
90905
90976
90977
90978
90980
90983
90986
91027
91035
91046
91073
91074
91075
91085
91086
91087
91097
91130
91187
91210
91214
91217
91225
91226
91239
91241
91243
91255
91260
91272
91285
91289
91290
91291
91292
91293
91294
91296
91297
91301
91302
91305
91354
91370
91371
91393
91394
91395
91396
91401
91402
91403
91404
91406
91408
91410
91412
91414
91416
91429
91452
91453
91460
91463
91466
91469
91481
91482
91483
91484
91486
91497
91498
91500
91502
91504
91506
91510
91526
91540
91545
91546
91550
91564
91570
91573
91576
91581
91582
91583
91584
91590
91601
91604
91605
91607
91623
91626
91635
91646
91649
91651
91652
91653
91673
91680
91695
91706
91708
91719
91721
91724
91727
91730
91731
91733
91759
91770
91772
91774
91775
91777
91778
91780
91786
91789
91796
91798
91799
91800
91806
91809
91810
91823
91824
91827
91829
91831
91833
91869
91879
91899
91904
91905
91959
91964
91971
91976
91977
91978
92057
92058
92059
92129
92134
92137
92142
92143
92144
92147
92150
92155
92160
92166
92168
92169
92170
92171
92172
92180
92181
92186
92187
92188
92191
92192
92195
92198
92199
92203
92206
92276
92277
92278
92280
92285
92286
92287
92290
92306
92307
92308
92309
92311
92312
92315
92319
92329
92338
92398
92399
92400
92401
92402
92518
92535
92556
92559
92562
92563
92564
92565
92566
92567
92568
92569
92570
92571
92572
92584
92585
92586
92587
92588
92589
92590
92591
92592
92593
92594
92851
92852
92854
92855
92856
92857
92858
92859
92860
92861
92862
92863
92864
92865
92882
92888
92892
92905
92908
92911
92914
92917
92919
92920
92921
92922
92923
92926
92977
92979
92986
92988
92990
93027
93031
93032
93063
93066
93080
93130
93144
93146
93147
93152
93154
93155
93251
93253
93263
93281
93284
93292
93293
93296
93299
93421
93423
93424
93425
93432
93450
93456
93458
93470
93475
93484
93499
93501
93502
93515
93516
93517
93518
93544
93545
93550
93551
93647
93648
93692
93730
93736
93796
93797
93799
93810
93811
93812
93814
93815
93818
93821
93833
93845
93860
93861
93884
93885
93889
93890
93891
93895
93938
93949
93967
93973
93979
94003
94008
94009
94013
94014
94025
94043
94045
94064
94068
94071
94079
94081
94082
94084
94085
94086
94089
94105
94106
94107
94108
94109
94128
94129
94163
94267
94268
94269
94273
94275
94276
94277
94280
94293
94309
94318
94327
94356
94385
94396
94400
94409
94413
94414
94450
94475
94476
94482
94485
94524
94525
94530
94532
94587
94590
94592
94594
94597
94620
94621
94625
94628
94636
94642
94658
94659
94667
94668
94684
94685
94687
94688
94692
94693
94697
94721
94744
94745
94754
94755
94756
94762
94864
94865
94868
94871
94873
94921
94922
94931
94952
94969
95011
95022
95030
95032
95040
95041
95063
95080
95093
95104
95106
95107
95108
95129
95132
95134
95137
95140
95141
95142
95143
95144
95158
95164
95192
95202
95203
95204
95205
95206
95207
95208
95209
95210
95212
95215
95218
95222
95225
95256
95283
95288
95315
95391
95411
95498
95525
95526
95527
95528
95529
95540
95542
95543
95544
95563
95566
95574
95575
95576
95577
95578
95579
95702
95703
95704
95705
95706
95707
95708
95709
95710
95718
95719
95720
95729
95773
95774
95781
95786
95793
95795
95796
95834
95837
95871
95874
95876
95880
95881
95884
95891
95892
95893
95894
95895
95898
95900
95904
95907
95917
95937
95945
96085
96089
96105
96163
96199
96227
96229
96230
96233
96234
96235
96236
96237
96238
96239
96240
96241
96242
96243
96246
96400
96437
96474
96485
96486
96496
96497
96503
96530
96531
96532
96542
96544
96545
96546
96547
96548
96549
96550
96551
96552
96553
96573
96575
96576
96577
96578
96579
96580
96597
96598
96600
96601
96603
96670
96749
96756
96762
96874
96883
96899
96900
96925
97001
97006
97007
97008
97014
97020
97022
97023
97025
97033
97036
97043
97049
97061
97064
97065
97066
97071
97079
97080
97083
97085
97090
97092
97098
97106
97113
97115
97169
97170
97187
97244
97327
97333
97334
97335
97342
97343
97344
97345
97346
97347
97348
97349
97350
97351
97352
97353
97354
97356
97361
97409
97414
97421
97422
97423
97424
97425
97426
97427
97428
97456
97457
97467
97469
97482
97484
97485
97487
97489
97490
97504
97509
97582
97596
97600
97601
97602
97603
97617
97618
97624
97625
97628
97629
97630
97631
97640
97641
97693
97696
97698
97705
97737
97739
97749
97750
97755
97798
97803
97826
97976
97978
97979
97982
97983
97987
97988
97989
97990
97991
97992
97998
98028
98053
98066
98074
98100
98101
98103
98104
98115
98143
98144
98145
98157
98160
98166
98280
98344
98348
98349
98350
98351
98354
98364
98403
98404
98405
98406
98430
98431
98433
98437
98448
98452
98463
98464
98479
98608
98609
98617
98618
98619
98620
98621
98622
98623
98624
98625
98626
98627
98641
98644
98645
98646
98650
98651
98685
98686
98687
98722
98726
98731
98735
98754
98761
98762
98777
98812
98817
98829
98830
98835
98845
98851
98857
98861
98879
98880
98917
98933
98953
98956
98977
99028
99035
99036
99063
99066
99073
99074
99088
99089
99090
99093
99094
99097
99106
99110
99113
99120
99128
99129
99130
99131
99196
99211
99214
99217
99219
99225
99231
99232
99233
99239
99244
99245
99248
99260
99307
99308
99310
99335
99337
99343
99344
99355
99356
99395
99415
99422
99423
99424
99438
99465
99467
99468
99472
99474
99480
99489
99490
99501
99502
99568
99628
99677
99782
99836
99837
99845
99846
99864
99865
99867
99875
99876
99894
99898
99900
99909
99915
99936
99937
99939
99941
99942
99997
100000
100001
100008
100009
100014
100021
100026
100029
100030
100054
100058
100065
100067
100072
100076
100085
100087
100088
100089
100091
100094
100096
100103
100106
100112
100114
100123
100124
100128
100129
100131
100139
100142
100143
100144
100145
100148
100151
100152
100192
100194
100220
100221
100270
100284
100289
100290
100298
100340
100345
100346
100349
100354
100357
100358
100359
100362
100365
100367
100369
100375
100377
100383
100387
100421
100425
100430
100443
100445
100450
100457
100467
100471
100473
100476
100477
100487
100491
100494
100504
100505
100510
100513
100514
100515
100518
100522
100530
100532
100546
100548
100551
100553
100556
100557
100566
100567
100568
100604
100605
100606
100609
100612
100621
100623
100624
100627
100640
100662
100663
100664
100665
100686
100688
100689
100691
100693
100695
100696
100740
100747
100749
100751
100753
100756
100757
100759
100763
100768
100775
100777
100778
100779
100780
100781
100783
100788
100809
100812
100813
100821
100827
100828
100831
100836
100843
100855
100857
100877
100878
100879
100886
100888
100889
100890
100893
100900
100938
100943
100945
100953
100955
100956
100957
100959
100962
100964
100966
100967
100968
100974
100978
100979
100980
100985
100987
100993
100998
101002
101011
101012
101017
101018
101028
101032
101076
101080
101085
101087
101164
101178
101183
101190
101191
101195
101197
101200
101202
101204
101206
101207
101208
101209
101212
101213
101216
101219
101222
101234
101237
101239
101240
101241
101243
101288
101290
101292
101296
101298
101327
101332
101333
101334
101336
101339
101356
101357
101369
101370
101377
101378
101409
101417
101429
101435
101460
101467
101468
101469
101473
101514
101517
101518
101525
101526
101535
101546
101549
101550
101558
101560
101598
101601
101602
101611
101633
101651
101654
101661
101676
101680
101682
101684
101688
101695
101696
101698
101702
101708
101713
101739
101742
101750
101775
101776
101777
101778
101781
101794
101796
101799
101824
101826
101839
101843
101852
101853
101860
101862
101865
101866
101867
101877
101883
101885
101886
101888
101892
101926
101934
101941
101950
101951
101952
102006
102043
102044
102047
102048
102052
102060
102063
102064
102066
102071
102073
102077
102078
102079
102080
102082
102083
102086
102089
102095
102103
102109
102153
102154
102163
102164
102165
102168
102178
102180
102207
102209
102218
102220
102227
102228
102229
102231
102240
102241
102242
102249
102250
102251
102257
102265
102268
102270
102276
102283
102285
102287
102288
102291
102319
102322
102327
102330
102332
102334
102336
102337
102338
102342
102343
102344
102345
102346
102350
102355
102357
102361
102415
102417
102419
102422
102423
102425
102426
102428
102431
102435
102441
102468
102469
102472
102474
102478
102481
102482
102483
102485
102487
102511
102512
102513
102514
102531
102532
102535
102537
102542
102544
102549
102561
102562
102568
102592
102610
102612
102614
102617
102619
102621
102623
102626
102628
102629
102630
102631
102634
102635
102636
102637
102649
102653
102669
102670
102674
102675
102677
102679
102681
102684
102689
102690
102726
102728
102730
102733
102734
102737
102747
102751
102754
102756
102758
102764
102766
102775
102777
102783
102784
102785
102812
102813
102822
102834
102838
102852
102872
102884
102893
102898
102902
102906
102908
102909
102910
102917
102921
102923
102926
102928
102930
102933
102937
102940
102942
102951
102959
102962
102963
102976
103005
103006
103008
103009
103012
103016
103024
103025
103027
103036
103039
103050
103077
103079
103084
103086
103126
103127
103129
103150
103155
103156
103159
103161
103169
103172
103173
103179
103180
103181
103218
103228
103230
103241
103256
103259
103280
103282
103308
103311
103327
103339
103340
103354
103365
103367
103376
103377
103384
103400
103406
103416
103419
103421
103438
103441
103465
103484
103487
103498
103548
103549
103550
103566
103567
103569
103598
103599
103600
103601
103602
103603
103604
103806
103828
103829
103947
103948
103949
103950
103994
104006
104009
104010
104011
104017
104035
104042
104043
104051
104056
104057
104058
104059
104060
104061
104064
104071
104084
104092
104195
104196
104197
104201
104202
104206
104207
104210
104249
104275
104315
104316
104321
104344
104345
104442
104444
104511
104518
104519
104526
104528
104529
104532
104540
104637
104644
104646
104647
104652
104657
104658
104663
104664
104735
104756
104765
104768
104770
104772
104773
104774
104775
104781
104796
104935
105102
105150
105178
105181
105202
105206
105207
105214
105219
105220
105222
105286
105289
105290
105291
105292
105293
105301
105302
105307
105311
105316
105320
105324
105331
105333
105334
105339
105351
105358
105361
105389
105392
105399
105400
105401
105417
105425
105429
105434
105437
105439
105444
105448
105452
105457
105482
105483
105487
105498
105501
105551
105557
105558
105569
105587
105590
105595
105628
105640
105649
105650
105652
105660
105664
105669
105676
105677
105678
105682
105683
105685
105687
105689
105693
105696
105697
105702
105703
105706
105796
105797
105836
105838
105839
105842
105844
105846
105847
105850
105870
105900
105914
105915
105934
105940
105941
105947
105948
105949
105962
105973
105994
106050
106051
106069
106083
106086
106090
106091
106092
106112
106142
106146
106147
106155
106175
106179
106180
106194
106200
106205
106230
106232
106233
106264
106284
106302
106303
106307
106309
106311
106314
106318
106331
106337
106338
106339
106347
106349
106356
106366
106369
106371
106374
106377
106378
106381
106421
106425
106427
106532
106727
106791
106801
106811
106812
106813
106814
106832
106833
106834
106903
107025
107030
107039
107063
107085
107090
107091
107102
107105
107108
107110
107111
107112
107116
107117
107190
107191
107192
107193
107196
107225
107226
107227
107228
107229
107232
107236
107241
107247
107313
107360
107368
107374
107395
107396
107397
107398
107420
107423
107425
107444
107447
107451
107452
107469
107505
107506
107518
107537
107540
107541
107577
107578
107579
107587
107593
107618
107653
107658
107673
107677
107680
107682
107683
107693
107696
107698
107699
107700
107701
107702
107703
107705
107718
107736
107740
107743
107748
107777
107778
107779
107780
107781
107782
107783
107785
107787
107789
107793
107805
107811
107815
107834
107852
107898
107900
107903
107905
107909
107912
107913
107914
107920
107925
108043
108051
108055
108056
108070
108108
108153
108167
108208
108215
108228
108271
108285
108318
108364
108375
108376
108377
108378
108380
108381
108401
108419
108420
108859
109138
109161
109162
109169
109173
109176
109184
109191
109240
109266
109378
109438
109441
109482
109485
109487
109489
109493
109495
109510
109609
109625
109657
109660
109675
109679
109709
109738
109746
109753
109781
109790
109793
109799
109820
109824
109911
109918
109919
109939
109952
109958
109985
109988
109998
109999
110000
110001
110006
110078
110100
110102
110109
110112
110115
110117
110130
110134
110144
110145
110148
110149
110150
110151
110152
110153
110158
110164
110166
110189
110190
110193
110198
110201
110202
110203
110204
110205
110206
110209
110216
110217
110236
110249
110257
110262
110286
110289
110310
110311
110312
110328
110336
110342
110354
110364
110403
110549
110561
110562
110608
110609
110610
110625
110627
110629
110634
110638
110640
110647
110663
110670
110722
110727
110730
110779
110780
110808
110815
110820
110861
110878
110966
110981
111003
111034
111063
111076
111078
111080
111203
111319
111320
111321
111322
111328
111340
111343
111349
111357
111444
111449
111467
111475
111489
111494
111501
111504
111505
111511
111525
111528
111529
111530
111533
111545
111556
111557
111558
111559
111565
111573
111578
111602
111609
111614
111623
111628
111758
111777
111793
111804
111833
111837
111839
111841
111843
111844
111858
111874
111876
111893
111894
111897
111900
111901
111912
111917
111930
111940
111962
111969
111970
111975
111976
111977
111983
112029
112030
112031
112032
112074
112123
112126
112154
112190
112195
112216
112217
112225
112324
112400
112419
112444
112445
112455
112497
112498
112499
112500
112528
112533
112564
112568
112580
112585
112586
112598
112599
112600
112601
112602
112603
112612
112622
112623
112624
112625
112626
112627
112628
112629
112630
112632
112633
112636
112642
112652
112662
112667
112673
112682
112687
112695
112700
112706
112725
112726
112739
112771
112791
112801
112802
112803
112804
112820
112823
112838
112839
112852
112872
112878
112894
112909
112922
112933
112956
112958
112968
112978
112979
112980
112981
112987
112988
112989
112990
112998
113016
113021
113028
113029
113033
113045
113049
113061
113064
113068
113072
113075
113082
113086
113087
113088
113131
113137
113138
113144
113145
113148
113149
113154
113171
113179
113235
113236
113237
113238
113239
113241
113242
113244
113245
113248
113255
113287
113298
113301
113302
113320
113344
113351
113364
113370
113371
113392
113400
113427
113449
113450
113515
113516
113518
113519
113524
113625
113626
113627
113631
113632
113633
113638
113643
113658
113659
113660
113661
113668
113733
113743
113802
113808
113813
113840
113843
113853
113870
113887
113914
113967
113968
113971
113974
113989
114002
114027
114081
114251
114254
114257
114265
114269
114279
114282
114283
114285
114287
114338
114342
114343
114348
114352
114353
114354
114355
114356
114357
114358
114359
114360
114363
114377
114400
114401
114402
114437
114438
114439
114445
114446
114466
114485
114510
114511
114512
114514
114519
114529
114548
114559
114562
114659
114664
114705
114716
114728
114729
114742
114743
114772
114773
114775
114786
114808
114809
114810
114811
114859
114920
114921
114922
114923
114926
114928
114934
114936
115069
115087
115166
115167
115169
115222
115223
115299
115361
115388
115389
115398
115399
115403
115406
115428
115429
115434
115437
115454
115458
115460
115513
115515
115516
115518
115519
115524
115528
115536
115539
115607
115610
115767
115790
115861
115886
115929
115986
116030
116070
116071
116165
116207
116281
116282
116285
116287
116293
116393
116395
116446
116452
116453
116465
116488
116489
116513
116535
116544
116547
116548
116557
116576
116577
116583
116638
116654
116655
116710
116711
116718
116726
116728
116729
116732
116733
116742
116743
116745
116752
116760
116766
116768
116772
116789
116795
116796
116814
116824
116829
116873
116874
116893
116900
116901
116915
116916
116942
116943
116948
116979
116986
117014
117024
117025
117029
117038
117055
117089
117092
117093
117098
117101
117104
117112
117118
117121
117123
117127
117138
117139
117143
117156
117157
117162
117164
117166
117170
117180
117184
117213
117233
117234
117245
117249
117253
117268
117269
117271
117274
117275
117277
117300
117303
117394
117395
117396
117397
117416
117417
117418
117419
117420
117424
117435
117436
117443
117447
117451
117523
117525
117575
117703
117704
117757
117781
117782
117784
117836
117837
117842
117849
117856
117865
117871
117874
117894
117912
117913
117915
117918
117941
118067
118083
118089
118106
118125
118151
118160
118180
118188
118189
118214
118217
118230
118231
118246
118251
118256
118262
118275
118280
118291
118299
118300
118302
118306
118313
118324
118325
118329
118333
118334
118335
118338
118341
118347
118387
118393
118406
118411
118422
118477
118487
118489
118500
118502
118508
118526
118533
118538
118551
118567
118569
118571
118572
118574
118586
118593
118595
118596
118598
118600
118605
118606
118607
118613
118616
118625
118627
118644
118652
118654
118673
118674
118675
118681
118684
118696
118697
118705
118712
118718
118720
118722
118760
118775
118789
118791
118803
118804
118805
118806
118807
118817
118819
118821
118822
118823
118826
118845
118848
118853
118854
118876
118878
118895
118903
118967
118974
119032
119034
119035
119040
119044
119057
119063
119068
119074
119080
119082
119130
119213
119214
119215
119217
119220
119241
119243
119250
119251
119253
119254
119257
119273
119276
119332
119339
119354
119356
119357
119359
119361
119362
119364
119367
119381
119384
119385
119395
119399
119411
119412
119417
119422
119427
119442
119484
119486
119487
119493
119497
119498
119500
119501
119503
119506
119508
119512
119514
119516
119519
119527
119576
119578
119582
119584
119594
119605
119617
119621
119661
119676
119680
119684
119711
119719
119723
119726
119738
119765
119776
119779
119789
119790
119799
119802
119835
119841
119847
119851
119854
119860
119865
119876
119878
119881
119904
119912
119914
119924
119944
119945
119946
119947
119948
119952
119953
119974
119989
119990
120004
120006
120007
120010
120021
120038
120042
120046
120048
120049
120053
120054
120058
120059
120073
120076
120117
120119
120120
120138
120182
120185
120197
120198
120231
120232
120236
120336
120337
120386
120387
120388
120389
120390
120391
120392
120393
120394
120396
120397
120398
120400
120401
120404
120405
120406
120407
120408
120410
120411
120412
120415
120416
120420
120421
120423
120424
120426
120428
120431
120434
120438
120442
120444
120450
120454
120457
120463
120467
120596
120600
120619
120622
120626
120627
120685
120686
120687
120688
120788
120797
120830
120832
120837
120840
120844
120884
120888
120889
120891
120899
120911
120918
120919
120925
120926
120941
120943
120944
120947
120948
120964
121003
121006
121018
121030
121234
121235
121292
121305
121307
121309
121650
121660
121847
121853
121854
121855
121856
121857
121858
121859
121865
121866
121870
121871
121872
121876
121878
121879
121880
121881
121885
121888
121891
121892
121894
121899
121900
121938
121939
121940
122035
122049
122053
122072
122074
122079
122145
122146
122260
122265
122319
122327
122365
122366
122368
122369
122411
122412
122414
122416
122421
122425
122442
122446
122503
122504
122505
122506
122509
122525
122526
122530
122531
122532
122533
122537
122549
122550
122555
122556
122561
122604
122608
122685
122703
122727
122729
122756
122758
122765
122767
122770
122773
122778
122782
122838
122865
122866
122867
122876
122885
122888
122890
122892
122894
122901
122909
122910
122915
122919
122924
122925
123010
123017
123018
123019
123058
123062
123069
123074
123077
123088
123104
123105
123110
123138
123148
123149
123151
123153
123170
123175
123197
123200
123201
123207
123208
123209
123210
123212
123222
123224
123226
123227
123230
123237
123238
123239
123240
123241
123243
123247
123248
123265
123293
123295
123296
123300
123301
123303
123305
123307
123309
123311
123318
123319
123320
123324
123325
123327
123328
123329
123330
123333
123334
123336
123337
123339
123340
123343
123345
123360
123363
123364
123383
123386
123394
123411
123412
123424
123428
123463
123473
123474
123475
123476
123479
123481
123489
123501
123507
123520
123534
123535
123547
123565
123592
123593
123595
123603
123604
123605
123606
123621
123622
123641
123642
123644
123645
123646
123648
123665
123673
123680
123682
123683
123684
123686
123688
123689
123690
123691
123692
123693
123694
123696
123698
123702
123708
123716
123717
123721
123722
123723
123724
123727
123731
123733
123744
123784
123785
123823
123826
123828
123831
123846
123847
123848
123856
123860
123864
123865
123867
123871
123884
123886
123891
123905
123907
123920
123938
123939
123941
123942
123943
123945
123952
123953
123960
123961
123962
123964
123966
123967
123971
123985
123986
123988
123992
123993
123994
123996
123997
123999
124001
124002
124003
124004
124005
124006
124007
124011
124015
124018
124020
124026
124100
124101
124104
124106
124147
124149
124150
124151
124153
124187
124188
124189
124206
124207
124213
124214
124215
124216
124226
124235
124236
124239
124248
124255
124265
124269
124272
124276
124283
124291
124294
124296
124316
124317
124321
124327
124328
124348
124350
124356
124361
124391
124413
124414
124416
124418
124420
124421
124430
124438
124500
124505
124510
124522
124523
124528
124531
124533
124540
124543
124561
124562
124565
124569
124583
124586
124590
124599
124601
124613
124621
124622
124623
124624
124625
124626
124635
124657
124663
124668
124683
124687
124688
124690
124692
124702
124703
124705
124748
124779
124781
124787
124800
124815
124817
124825
124845
124864
124866
124868
124869
124877
124903
124906
124913
124934
124941
124943
124945
124948
124949
124951
124952
125003
125004
125005
125006
125007
125008
125010
125012
125013
125101
125109
125110
125112
125114
125115
125117
125120
125161
125185
125209
125245
125247
125249
125259
125262
125274
125275
125306
125312
125320
125329
125344
125345
125350
125352
125355
125360
125363
125366
125374
125393
125422
125450
125452
125456
125459
125462
125502
125514
125524
125526
125536
125537
125689
125695
125696
125705
125708
125711
125714
125719
125729
125736
125737
125748
125755
125775
125801
125873
125875
125877
125943
125945
125955
126006
126016
126029
126030
126033
126036
126069
126070
126261
126278
126466
126829
126863
126889
127073
127095
127102
127103
127104
127108
127112
127124
127131
127143
127156
127157
127232
127253
127303
127405
127421
127554
127676
127770
128405
128409
128474
128485
128486
128489
128490
128492
128493
128495
128496
128499
128514
128517
128519
128532
128537
128538
128543
128585
128588
128590
128592
128597
128607
128613
128815
128845
129175
129176
129194
129197
129198
129200
129202
129203
129205
129220
129222
129253
129270
129275
129282
129285
129376
129402
129431
129447
129472
129477
129489
129492
129510
129538
129573
129576
129590
129617
129620
129642
129657
129735
129758
129760
129762
129763
129764
129765
129766
129767
129769
129771
129773
129775
129778
129779
129791
129794
129795
129796
129805
129806
129810
129833
129835
129840
129848
129849
129974
129983
129987
129991
130013
130016
130028
130029
130037
130039
130053
130054
130064
130071
130108
130130
130154
130186
130193
130202
130215
130282
130286
130292
130293
130300
130327
130349
130363
130366
130368
130369
130372
130375
130377
130378
130379
130380
130381
130384
130387
130390
130391
130392
130396
130417
130425
130427
130434
130498
130499
130500
130536
130548
130584
130585
130588
130591
130631
130657
130710
130711
130712
130715
130723
130729
130734
130737
130755
130784
130790
130791
130797
130805
130807
130809
130848
130899
130900
130901
130904
130906
130908
130929
130931
130938
130952
130957
130961
130970
130973
130974
130983
130985
130989
130991
131020
131026
131037
131046
131061
131104
131105
131131
131161
131163
131171
131173
131215
131225
131227
131237
131239
131241
131287
131297
131316
131317
131318
131321
131414
131428
131430
131433
131442
131448
131468
131522
131532
131546
131547
131552
131556
131564
131573
131583
131586
131603
131637
131644
131686
131712
131758
131759
131760
131893
131937
131938
131943
131951
131970
132024
132035
132058
132059
132060
132068
132070
132085
132095
132101
132103
132112
132128
132131
132139
132141
132157
132257
132261
132272
132276
132292
132294
132298
132300
132302
132303
132306
132308
132313
132317
132329
132334
132341
132343
132395
132425
132443
132454
132479
132491
132525
132554
132555
132557
132573
132594
132595
132596
132597
132599
132600
132643
132651
132652
132658
132696
132697
132706
132710
132711
132712
132713
132723
132724
132726
132727
132729
132730
132732
132733
132735
132792
132793
132807
132808
132814
132815
132817
132827
132848
132861
132864
132866
132888
132893
132913
132914
132917
132918
132926
132941
132958
132960
132961
132977
132986
132987
132988
132989
132990
132991
132992
132993
132996
132997
132999
133000
133007
133014
133033
133036
133037
133038
133039
133043
133045
133065
133066
133067
133069
133070
133072
133073
133074
133081
133086
133094
133095
133096
133121
133122
133124
133125
133166
133167
133181
133182
133183
133186
133187
133188
133189
133208
133211
133226
133228
133229
133230
133232
133248
133256
133263
133274
133286
133288
133298
133305
133356
133357
133364
133365
133377
133382
133389
133394
133395
133409
133410
133422
133425
133427
133439
133464
133466
133468
133470
133500
133518
133566
133567
133570
133596
133674
133683
133699
133701
133764
133767
133768
133770
133771
133777
133804
133807
133812
133813
133835
133851
133862
133866
133870
133871
133872
133888
133900
133925
133926
133946
133947
133948
133949
133950
133951
133953
133954
133955
133956
133959
133960
133962
133963
133964
133983
133984
133989
133993
134017
134020
134021
134022
134024
134025
134026
134027
134030
134031
134032
134034
134067
134098
134100
134127
134160
134162
134164
134166
134174
134175
134178
134179
134238
134240
134242
134244
134246
134248
134250
134251
134253
134254
134255
134256
134257
134258
134259
134260
134261
134263
134264
134265
134266
134267
134268
134270
134271
134294
134295
134298
134312
134333
134335
134337
134339
134340
134343
134345
134347
134380
134389
134391
134393
134395
134397
134398
134439
134452
134453
134456
134457
134461
134578
134579
134583
134590
134840
134852
134889
134890
134892
134924
134959
134962
134963
134964
135005
135025
135029
135030
135093
135097
135099
135102
135112
135134
135145
135181
135184
135237
135238
135244
135245
135350
135365
135370
135548
135550
135551
135612
135613
135616
135619
135693
135696
135697
135720
135727
135735
135824
135825
135826
135827
135828
135829
135834
135838
135842
136018
136020
136066
136067
136071
136074
136094
136095
136414
136426
136428
136566
136572
136576
136578
136604
136606
136607
136614
136629
136676
136769
136968
136971
137190
137191
137408
137411
137664
137679
137717
137720
137721
137725
137728
137739
137740
137894
137899
137902
137905
137906
137907
137949
137950
138046
138069
138122
138127
138128
138136
138137
138138
138139
138148
138150
138191
138193
138199
138200
138205
138222
138223
138225
138228
138233
138240
138248
138253
138254
138263
138302
138309
138311
138315
138317
138328
138332
138333
138334
138338
138340
138341
138345
138368
138369
138370
138371
138372
138373
138374
138387
138388
138403
138423
138427
138428
138429
138431
138433
138434
138440
138446
138452
138458
138492
138493
138553
138554
138607
138608
138611
138613
138624
138628
138631
138634
138635
138636
138641
138642
138643
138644
138645
138671
138672
138684
138685
138689
138693
138702
138704
138705
138709
138717
138720
138740
138747
138750
138765
138766
138768
138773
138777
138783
138784
138785
138787
138789
138791
138793
138798
138799
138804
138814
138832
138833
138834
138840
138856
138869
138874
138899
138900
138901
138902
138909
138910
138922
138923
138924
138929
138945
138954
138978
138985
138988
138991
138993
138994
139003
139012
139031
139050
139052
139053
139057
139104
139105
139111
139157
139160
139161
139210
139219
139222
139228
139229
139235
139236
139237
139238
139337
139342
139345
139360
139363
139364
139365
139367
139368
139396
139398
139400
139401
139403
139404
139406
139409
139410
139411
139434
139435
139436
139438
139439
139443
139465
139468
139471
139472
139478
139487
139495
139498
139503
139533
139535
139538
139539
139542
139598
139629
139640
139641
139642
139643
139644
139670
139671
139672
139673
139675
139677
139679
139680
139684
139688
139692
139695
139713
139717
139742
139764
139765
139767
139768
139770
139771
139772
139774
139775
139802
139803
139806
139826
139827
139831
139834
139836
139838
139840
139843
139844
139871
139906
139917
139975
140028
140030
140256
140693
140694
140700
140761
140762
140808
140809
140810
140836
140842
140845
140855
140873
140898
140900
140961
140962
140963
140967
140969
140980
140987
140990
140991
140998
140999
141000
141010
141035
141050
141064
141090
141091
141110
141113
141128
141129
141133
141136
141145
141166
141167
141202
141203
141204
141205
141206
141230
141231
141232
141233
141235
141236
141238
141241
141243
141246
141247
141248
141249
141250
141260
141264
141269
141273
141276
141281
141282
141284
141285
141310
141311
141325
141330
141331
141336
141338
141342
141343
141345
141349
141350
141359
141366
141369
141370
141371
141378
141395
141396
141397
141399
141400
141414
141430
141431
141452
141464
141470
141510
141512
141528
141536
141550
141551
141555
141560
141563
141564
141567
141573
141595
141599
141663
141673
141674
141677
141701
141716
141717
141719
141720
141737
141780
141781
141796
141797
141799
141800
141802
141803
141805
141806
141808
141809
141843
141887
141895
141901
141917
141918
141931
141932
141933
141944
141962
141979
141980
141981
142040
142045
142047
142075
142101
142102
142107
142108
142111
142113
142114
142115
142165
142210
142222
142224
142226
142227
142228
142236
142237
142238
142242
142270
142277
142278
142299
142300
142365
142366
142404
142416
142417
142428
142502
142506
142507
142512
142519
142565
142578
142586
142621
142634
142808
142811
142814
142815
142816
142819
142822
142827
142828
142829
142830
142831
142832
142835
142837
142841
142845
142850
142853
142859
143267
143268
143269
143740
143754
143757
143758
143776
143779
143784
143785
143794
143988
143989
143990
144003
144126
144163
144166
144169
144172
144173
144174
144175
144179
144187
144192
144213
144214
144220
144222
144273
144302
144305
144314
144319
144320
144360
144361
144363
144366
144368
144373
144375
144385
144386
144387
144390
144393
144394
144396
144397
144398
144399
144402
144406
144419
144532
144622
144623
144624
144629
144642
144668
144674
144679
144680
144681
144685
144786
144787
144791
144792
144793
144797
144806
145080
145082
145086
145089
145091
145094
145095
145121
145124
145125
145129
145131
145132
145133
145134
145140
145142
145145
145147
145149
145150
145151
145154
145156
145164
145167
145168
145175
145181
145182
145183
145218
145223
145316
145317
145328
145331
145381
145450
145456
145457
145458
145459
145462
145463
145478
145479
145480
145483
145486
145490
145521
145532
145535
145538
145552
145554
145567
145573
145575
145587
145589
145821
145822
145828
145833
145868
145869
145870
145873
145880
145886
146153
146155
146222
146223
146224
146225
146228
146229
146231
146233
146235
146236
146237
146238
146291
146292
146484
146485
146487
146493
146730
146756
146901
147229
147448
147476
147825
147854
147868
147953
147954
147959
147960
147964
147973
148020
148023
148039
148040
148041
148059
148074
148104
148122
148124
148157
148178
148199
148200
148221
148224
148238
148241
148248
148251
148255
148259
148266
148271
148284
148287
148290
148292
148294
148295
148303
148304
148306
148310
148312
148349
148362
148706
148742
148757
148922
148989
149071
149074
149077
149078
149080
149082
149224
149225
149226
149227
149228
149229
149230
149234
149239
149243
149251
149255
149269
149271
149274
149303
149308
149312
149313
149321
149323
149332
149338
149339
149340
149353
149354
149355
149357
149363
149365
149367
149368
149369
149371
149381
149512
150687
152038
152882
152884
152886
152889
152891
152893
152894
152897
152900
152915
152921
152931
152933
153087
153094
153759
153761
153763
153765
153768
153771
153781
153793
153798
153930
153938
154587
154822
154926
154941
154956
154957
154961
154963
154968
154969
154972
154980
154984
154989
154990
154997
155009
155167
155168
155169
155181
155192
155199
155200
155209
155210
155213
155214
155227
155229
155235
155236
155269
155307
155341
155342
155345
155348
155349
155360
155371
155387
155389
155445
155481
155484
155544
155673
156317
156544
156547
156575
156607
156611
156622
156625
156626
156627
156695
156739
156776
156794
156799
156812
156815
156817
156820
156823
156834
156836
156840
156842
156846
156858
156860
156865
156878
156895
157027
157028
157375
157380
157381
157394
157397
157415
157420
157456
157473
157482
157487
157488
157494
157500
157504
157505
157507
157511
157512
157513
157517
157519
157522
157524
157535
157540
157558
157574
157780
157811
157816
157822
157829
157839
157842
157845
157846
157875
157880
157883
157884
157889
157892
157894
157910
157911
157913
157918
157921
157948
157978
157980
157987
158000
158004
158018
158021
158026
158029
158032
158069
158076
158077
158129
158131
158134
158138
158140
158146
158153
158156
158163
158164
158165
158169
158206
158209
158221
158224
158226
158229
158344
158346
158347
158350
158358
158365
158368
158370
158435
158507
158542
158547
158548
158556
158560
158564
158565
158706
158894
158895
158938
159205
159206
159216
159218
159220
159221
159222
159228
159229
159230
159234
159235
159281
159288
159293
159298
159305
159318
159323
159337
159338
159343
159349
159350
159351
159354
159361
159363
159365
159374
159376
159377
159378
159380
159384
159386
159389
159390
159423
159426
159441
159452
159460
159466
159472
159475
159487
159491
159494
159496
159516
159520
159523
159525
159543
159545
159563
159568
159617
159622
159626
159631
159632
159645
159651
159702
159706
159761
159877
159881
159889
159890
159897
159898
159906
160242
160540
160593
160661
160704
160716
160726
160727
160731
160736
160805
160809
160810
160816
160819
160830
160831
160838
160841
160849
160851
160859
160863
160868
160869
160871
160881
160926
160933
160936
160943
160945
160949
160986
161000
161002
161005
161012
161014
161017
161026
161060
161061
161080
161081
161090
161152
161170
161175
161181
161187
161195
161199
161236
161261
161277
161340
161343
161345
161358
161360
161376
161384
161408
161413
161418
161438
161457
161469
161471
161474
161477
161528
161543
161581
161582
161686
161745
161767
161773
161783
161788
161796
161801
161809
161811
161812
161848
161854
161863
161904
161910
162119
162136
162208
162211
162279
162320
162321
162339
162343
162358
162360
162364
162366
162377
162964
162965
162966
162967
163093
163106
163107
163123
163124
163280
163286
163287
163288
163290
163291
163296
163297
163298
163303
163307
163309
163322
163337
163340
163343
163349
163351
163357
163378
163385
163393
163397
163398
163402
163407
163408
163411
163420
163430
163431
163432
163434
163437
163438
163439
163440
163442
163444
163445
163451
163456
163460
163465
163747
163757
164200
164201
164202
164358
164362
164373
164374
164375
164379
164380
164381
164383
164384
164386
164387
164388
164395
164402
164405
164416
164417
164420
164422
164423
164435
164441
164446
164477
164479
164481
164482
164484
164485
164487
164488
164489
164491
164492
164493
164494
164497
164498
164499
164500
164503
164504
164506
164507
164511
164967
165362
165394
165396
165397
165399
165401
165402
165412
165525
165684
165689
165691
166636
166643
167705
167706
167721
167726
167731
167742
167743
167747
167749
167752
167763
167764
167765
167766
167767
167960
168580
168782
168783
168789
169027
169068
169817
169856
170122
170353
171035
171050
171053
171281
171293
171297
171407
171420
171438
171450
171454
171462
172145
172147
172169
172268
172275
172276
172290
172291
172648
172651
172679
172682
172711
172716
172873
172877
173930
174060
174066
174266
174296
174299
174323
174324
174326
174351
174356
174538
174541
174544
174548
174551
174561
174567
174622
174623
174628
174633
174644
174647
174695
174975
174995
175219
175274
175275
175284
175305
175307
175330
175335
175352
175353
175354
175365
175412
175415
175419
175470
175475
175484
175487
175500
175508
175590
175597
175628
175638
175827
175830
175833
175839
175840
175860
175868
175873
175878
175892
175897
175904
175956
175961
175990
175998
176003
176022
176057
176253
176282
176367
176659
176710
176937
176977
176984
177006
177126
177127
177144
177145
177155
177162
177198
177203
177271
177273
177303
177306
177309
177313
177352
177353
177357
177358
177407
177408
177454
177461
177469
177473
177557
177807
177811
177817
177819
177826
177834
177991
178082
178085
178104
178183
178186
178194
178198
178383
178384
178388
178416
178436
178441
178700
179339
179396
179467
179487
179782
179788
179809
179814
179816
179817
179818
179819
179838
179839
179840
179843
180452
180660
180782
180786
180841
181580
181582
181587
181591
181598
181599
181679
181683
181691
181703
181987
182009
182038
182974
183010
183014
183018
183023
183032
183034
183037
183042
183045
183133
183138
183212
183222
184068
184071
184075
184079
184083
184166
184177
184179
184181
184183
184184
184194
184351
184409
184467
185089
185100
185104
185171
185180
185211
185216
185218
185224
185228
185412
185414
185417
185421
185425
185426
185444
185446
185452
185453
185543
186242
186243
186269
186536
186541
186542
186573
186574
186576
186577
186579
186580
186581
186582
186583
186584
186588
186589
186592
186596
186608
187463
187570
187843
187845
187851
187856
188062
188068
188070
188077
188081
188090
188091
188102
188107
188258
188345
188531
188532
188620
188624
188637
188652
188659
188875
188988
189010
189018
189028
189311
189314
189316
189322
189326
189330
189337
189450
189466
189787
189794
189814
189815
189829
190123
190140
190255
190270
190273
190274
190278
190281
190291
190300
190310
190829
190837
190856
191047
191886
191912
192991
193873
193884
194015
194142
194337
194338
194341
194345
194349
194521
194604
194605
194802
194806
194811
194825
194842
194984
194988
195124
195131
195409
195414
195550
195551
195555
196344
197240
197344
197499
197683
197705
197723
198633
198636
198641
198647
198651
198657
198674
198675
198896
198897
199096
199104
199321
