41
49
119
1564
2640
2651
2735
2949
2950
2951
2952
2953
2954
2955
2956
2957
2958
2959
2960
2961
2962
3045
3046
3047
3048
3071
3072
3073
3074
3223
3224
4068
4069
4070
4071
4099
4100
4183
4214
4431
4432
4433
4434
4435
4436
4437
4438
4439
4440
4441
4442
4443
4444
4451
4452
4453
4454
4525
4526
4527
4528
4695
4700
5144
5145
5146
5147
5172
5173
6169
6410
6458
6481
6497
6498
6519
6612
6613
6614
6644
6645
6646
6658
6706
6709
6726
6727
6728
6729
6730
6731
6732
6733
6734
6735
6736
6737
6738
6739
6989
6990
6991
6992
6993
6994
6995
6996
6997
6998
6999
7000
7001
7002
7114
7117
7136
7137
7296
7297
7298
7299
7444
7445
7706
7707
7708
7712
7713
7714
7718
7719
7817
8007
8008
8009
8010
8023
8024
8108
8119
8120
8141
8160
8166
8251
8264
8299
8300
8321
8323
8324
8331
8334
8345
8346
8347
8350
8392
8397
8398
8449
8450
8452
8453
8455
8457
8464
8484
8487
8526
8532
8533
8536
8553
8555
8556
8558
8561
8564
8565
8567
8572
8574
8576
8600
8602
8604
8608
8609
8611
8614
8617
8618
8620
8623
8647
8662
8667
8672
8675
8678
8703
8723
8757
8765
8774
8783
8784
8793
8796
8820
8851
8852
8871
8921
8922
8956
8958
8962
8963
8965
8967
8984
8991
8992
8997
9002
9003
9004
9005
9006
9007
9008
9009
9039
9041
9042
9055
9074
9075
9079
9083
9097
9127
9210
9235
9301
9310
9311
9312
9324
9349
9399
9561
9563
9565
9568
9570
9571
9572
9576
9601
9605
9624
9639
9652
9654
9668
9670
9673
9674
9676
9679
9681
9685
9687
9688
9691
9692
9693
9694
9699
9700
9730
9731
9732
9740
9748
9765
9774
9775
9778
9784
9790
9792
9795
9796
9797
9824
9834
9847
9850
9851
9860
9863
9874
9876
9877
9878
9879
9886
9888
9891
9914
9936
9968
10009
10010
10011
10012
10013
10014
10017
10023
10026
10033
10041
10042
10044
10069
10248
10272
10274
10315
10333
10398
10399
10401
10404
10407
10421
10422
10426
10429
10446
10465
10579
10580
10583
10584
10585
10586
10591
10593
10596
11004
11643
12994
12997
13075
13721
15506
18510
18617
18618
18619
18620
18621
18622
18623
18624
18625
18626
18627
18628
18629
18630
18736
18737
18875
18898
19028
19029
19086
19088
19094
19194
19195
19196
19197
19245
19248
19427
19439
19448
19694
19703
19716
19723
19730
19979
20009
20010
20067
20106
20107
20108
20109
20121
20131
20132
20133
20134
20148
20186
20187
20188
20189
20190
20191
20192
20193
20194
20195
20196
20197
20198
20199
20214
20215
20261
20286
20289
20373
20374
20376
20377
20380
20381
20384
20391
20394
20397
20398
20406
20407
20410
20411
20451
20462
20841
20844
20846
20850
20879
20882
20885
20896
20919
20920
20937
20942
20950
20952
20955
20958
20959
20960
20961
20993
21137
21138
21166
21167
21168
21169
21170
21171
21184
21206
21207
21209
21210
21211
21212
21218
21219
21374
21375
21456
21549
21575
21617
21618
21623
21624
21625
21626
21628
21629
21670
21673
21674
21689
21754
21767
21847
21920
21921
21928
21934
21975
21978
21982
22029
22044
22078
22086
22089
22092
22101
22140
22141
22150
22151
22152
22171
22174
22188
22207
22230
22237
22262
22263
22269
22270
22276
22281
22346
22426
22429
22430
22431
22432
22568
22578
22626
22674
22698
22699
22721
22723
22726
22732
22733
22734
22740
22751
22753
22762
22765
22767
22770
22790
22791
22792
22813
22814
22815
22816
22819
22820
22822
22827
22853
22857
22858
22908
22917
22918
22919
22920
22921
22922
22923
22924
22925
22926
22927
24373
24562
24583
24584
24588
24593
24596
24605
24606
24607
24611
24614
24615
24618
24622
24627
24632
24633
24645
24666
24701
24702
24732
24733
24734
24754
24781
24783
24786
24824
24825
24827
24841
24842
24849
24880
24881
24882
24884
24905
24906
24907
24909
24910
24918
24924
24940
24944
24986
24990
24993
24994
25025
25026
25029
25030
25032
25039
25054
25055
25056
25057
25060
25065
25086
25092
25110
25176
25188
25219
25222
25223
25226
25228
25229
25231
25232
25235
25239
25248
25249
25254
25256
25262
25275
25296
25299
25305
25306
25313
25316
25332
25338
25339
25340
25353
25355
25363
25364
25370
25374
25379
25380
25392
25395
25423
25432
25438
25439
25451
25462
25470
25498
25537
25539
25547
25548
25549
25551
25552
25563
25565
25585
25592
25593
25594
25595
25596
25598
25599
25600
25604
25608
25617
25618
25619
25623
25649
25650
25677
25695
25696
25715
25726
25727
25739
25740
25741
25744
25757
25758
25795
25799
25804
25805
25810
25861
25866
25868
25872
25873
25921
25928
25932
25933
25934
25939
25940
25956
25957
25969
25970
25972
25989
26033
26110
26125
26160
26162
26173
26174
26175
26176
26182
26183
26184
26188
26189
26209
26210
26211
26216
26220
26221
26222
26227
26230
26233
26236
26240
26245
26265
26338
26339
26341
26350
26351
26371
26374
26375
26376
26378
26381
26383
26384
26400
26401
26403
26404
26449
26476
26517
26591
26612
26615
26627
26629
26632
26633
26635
26681
26717
26720
26733
26791
26792
26793
26794
26863
26865
26866
26867
26873
26877
26900
26901
26905
26914
26918
26919
26920
26921
26929
26930
26947
26986
26993
26996
26999
27000
27064
27087
27092
27096
27097
27098
27099
27101
27104
27107
27112
27117
27180
27181
27186
27189
27205
27237
27247
27249
27256
27268
27269
27270
27273
27275
27291
27293
27297
27300
27301
27305
27306
27307
27311
27399
27400
27401
27465
27466
27467
27471
27493
27496
27505
27506
27545
27546
27547
27563
27711
27712
27742
27882
27883
27888
27927
27929
27945
27947
28073
28074
28088
28089
28090
28247
28265
28268
28275
28309
28310
28316
28317
28318
28463
28476
28477
28644
28645
28747
28859
28860
28906
28918
29049
29094
29099
29100
29108
29109
29110
29114
29150
29151
29175
29311
29312
29331
29491
29493
29496
29506
29507
29522
29523
29532
29533
29553
29576
29577
29578
29595
29596
29598
29599
29606
29625
29649
29654
29656
29676
29694
29699
29701
29702
29703
29739
29744
29774
29777
29794
29795
29796
29800
29804
29805
29813
29817
29869
29871
29872
29873
29874
29882
29896
29897
29899
29900
29910
29911
29917
29918
29919
29920
29924
29932
29944
29945
29952
29962
29968
29976
29985
29995
30001
30019
30020
30095
30122
30123
30182
30209
30210
30239
30240
30243
30259
30268
30270
30273
30277
30278
30279
30280
30294
30297
30300
30302
30304
30305
30307
30321
30323
30325
30327
30329
30332
30353
30355
30356
30364
30379
30381
30385
30387
30388
30401
30402
30418
30419
30437
30440
30459
30463
30493
30531
30533
30542
30559
30563
30604
30609
30611
30629
30630
30631
30632
30639
30640
30647
30670
30728
30737
30753
30761
30766
30767
30774
30777
30780
30782
30785
30787
30790
30792
30797
30798
30801
30803
30804
30805
30806
30807
30808
30809
30810
30811
30812
30813
30814
30836
30855
30861
30862
30864
30867
30874
30875
30877
30880
30885
30886
30888
30891
30896
30898
30900
30906
30907
30909
30912
30918
30919
30921
30924
30935
30936
30937
30938
30939
30940
30941
30942
30943
30944
30945
30946
30947
30948
30949
30950
30951
30952
30953
30954
30955
30956
30966
30968
30969
30971
30973
30975
30977
30980
30981
30982
30983
30984
30985
30986
30987
30988
30989
30990
30991
30992
30993
30994
30996
30997
30998
30999
31000
31001
31002
31009
31147
31148
31149
31150
31151
31152
31153
31154
31155
31156
31157
31158
31159
31160
31213
31214
31218
31309
31311
31312
31313
31314
31315
31317
31318
31450
31481
31488
31489
31502
31503
31504
31505
31524
31525
31526
31547
31567
31594
31602
31615
31625
31627
31630
31633
31635
31637
31640
31643
31645
31646
31648
31651
31652
31653
31654
31655
31656
31657
31658
31659
31660
31661
31662
31671
31672
31674
31675
31677
31679
31680
31683
31684
31685
31686
31687
31688
31689
31690
31691
31692
31693
31694
31695
31696
31697
31698
31700
31701
31702
31703
31704
31705
31706
31712
31723
31732
31737
31738
31781
31786
31787
31790
31793
31794
31799
31800
31801
31802
31803
31806
31809
31815
31816
31822
31828
31829
31835
31843
31846
31859
31862
31864
31866
31869
31871
31889
31895
31897
31899
31914
31939
31940
31941
31942
31943
31944
31945
31946
31956
31957
31959
31965
31982
31999
32000
32001
32004
32008
32021
32024
32028
32032
32036
32086
32087
32088
32089
32090
32091
32093
32094
32117
32168
32169
32171
32176
32178
32189
32190
32191
32193
32200
32203
32238
32239
32240
32276
32569
32573
32574
32608
32609
32610
32611
32621
35200
35213
35226
35340
35342
35617
35619
35622
35624
35653
35671
35717
35739
35742
35744
35745
35828
36139
36144
36148
36167
36168
36176
36180
36181
36249
36253
36267
36475
36481
36486
36508
36535
36537
36539
36834
36864
36866
37100
37335
37380
37477
37625
37626
37628
37630
37631
37783
37785
37822
37915
37989
37990
37992
37994
37995
38170
38171
38177
38185
38209
38210
38220
38230
38318
38328
38330
38331
38345
38356
38359
38362
38363
38373
38407
38408
38423
38424
38465
38467
38475
38478
38479
38480
38488
38489
38490
38491
38492
38495
38503
38504
38583
38586
38590
38592
38651
38668
38669
38671
38672
38714
38732
38734
38737
38740
38743
38744
38748
38759
38760
38761
38762
38766
38770
38775
38783
38786
38813
38815
38817
38821
38825
38837
38838
38844
38845
38864
38865
38866
38867
38868
38869
38870
38873
38882
38883
38885
38897
38925
38937
39023
39038
39089
39090
39118
39119
39122
39123
39144
39165
39177
39180
39183
39186
39201
39205
39206
39210
39211
39226
39227
39228
39229
39237
39238
39239
39245
39246
39251
39254
39259
39264
39271
39281
39282
39283
39293
39319
39383
39384
39391
39393
39407
39435
39437
39439
39440
39443
39465
39467
39498
39499
39554
39555
39556
39579
39580
39581
39624
39625
39626
39678
39681
39682
39683
39686
39693
39694
39716
39719
39726
39730
39769
39777
39916
39917
39918
40032
40033
40044
40046
40099
40100
40135
40319
40668
40815
40976
41158
41371
41634
41830
41833
41878
41887
41897
42033
42112
42113
42120
42276
42281
42432
42452
42453
42477
42676
42701
42865
42866
42867
42871
42912
43116
43118
43294
43295
43302
43316
43325
43339
43358
43359
43406
43407
43417
43487
43531
43532
43533
43536
43537
43549
43550
43565
43570
43571
43592
43609
43635
43663
43664
43665
43688
43708
43719
43728
43737
43744
43753
43764
43773
43775
43777
43787
43795
43804
43817
43916
43968
44003
44039
44234
44342
44343
44346
44347
44350
44391
44393
44394
44398
44401
44418
44460
44461
44462
44470
44508
44513
44636
44662
44663
44667
44671
44673
44676
44739
44756
44762
44810
44828
44829
44830
44831
44832
44833
44836
44837
44838
44853
44887
44898
44899
44900
44905
44906
44909
44911
44913
44924
44969
44989
46789
46802
50593
55221
55230
55231
55238
55269
55270
55279
55285
55388
55390
55392
55394
55396
55398
55400
55401
55402
55403
55404
55405
55406
55407
55408
55409
55410
55411
55412
55413
55445
55446
55464
55486
55489
55490
55503
55527
55528
55530
55542
55551
55559
55585
55587
55589
55592
56104
56117
56119
56123
56125
56127
56134
56140
56143
56144
56145
56146
56147
56148
56170
56171
56172
56173
56174
56194
56225
56227
56228
56231
56233
56235
56237
56238
56240
56243
56245
56247
56248
56251
56252
56255
56257
56258
56259
56260
56261
56262
56263
56264
56265
56266
56267
56268
56269
56270
56271
56272
56273
56274
56275
56276
56277
56278
56322
56325
56456
56458
56460
56462
56464
56465
56466
56467
56468
56469
56470
56471
56472
56473
56474
56475
56476
56477
56562
56563
56596
56624
56669
56675
56680
56682
56685
56688
56690
56771
56861
56862
56863
56877
56881
56885
56889
56896
56911
56913
56914
56917
56918
56919
56920
56925
56926
57257
57258
57259
57263
57275
57386
57404
57440
57444
57448
57450
57453
57454
57459
57462
57463
57469
57470
57473
57489
57495
57496
57498
57502
57511
57512
57515
57518
57519
57548
57549
57550
57553
57573
57592
57593
57599
57638
57640
57645
57649
57650
57651
57653
57654
57655
57657
57658
57660
57663
57664
57665
57668
57671
57674
57682
57768
57785
57789
57794
57795
57801
57802
57803
57804
57805
57809
57813
57819
57822
57827
57828
57830
58045
58048
58054
58055
58060
58061
58062
58063
58066
58068
58072
58076
58161
58163
58164
58190
58230
58231
58235
58238
58245
58265
58268
58279
58280
58281
58282
58287
58288
58289
58301
58306
58310
58314
58331
58333
58334
58335
58339
58341
58353
58395
58464
58483
58521
58546
58559
58566
58593
58596
58602
58604
58650
58651
58662
58665
58667
58673
58674
58679
58744
58750
58751
58763
58823
58830
58856
58857
58862
58877
58878
58891
58892
58893
58895
58899
58902
58908
58909
58910
58913
58932
58933
58934
58938
58940
58941
58945
58949
58954
58959
58966
58972
58977
58980
58981
58984
58997
59025
59035
59056
59089
59119
59124
59131
59338
59377
59378
59386
59391
59402
59403
59406
59407
59408
59415
59416
59417
59418
59419
59420
59421
59422
59423
59465
59470
59477
59513
59514
59521
59523
59526
59528
59530
59532
59533
59534
59535
59536
59537
59565
59566
59567
59568
59582
59721
59823
59988
60135
60167
60304
60460
60608
60760
60789
60846
60848
60878
60913
60937
60938
60939
61053
61057
61062
61076
61077
61102
61142
61143
61174
61198
61203
61206
61210
61211
61215
61216
61223
61224
61227
61334
61335
61336
61342
61348
61350
61352
61354
61360
61387
61388
61398
61400
61405
61409
61412
61414
61417
61419
61420
61421
61422
61423
61424
61425
61426
61427
61428
61438
61461
61506
61526
61536
61540
61543
61579
61589
61592
61610
61615
61619
61622
61627
61629
61631
61633
61635
61655
61657
61664
61683
61684
61685
61699
61718
61723
61724
61727
61730
61733
61734
61735
61736
61737
61738
61739
61741
61742
61745
61749
61753
61758
61785
61788
61797
61799
61800
61818
61820
61822
61826
61832
61966
61979
61995
61996
61997
62037
62063
62066
62074
62075
62078
62086
62121
62144
62527
62531
62550
62555
62556
62563
62564
62570
62575
62576
62586
62618
62619
62642
62643
62652
62661
62687
62688
62707
62711
62728
62729
62742
62743
62751
62752
62755
62756
62760
62763
62766
62769
62771
63039
63062
63063
63082
63089
63091
63095
63096
63099
63101
63103
63104
63229
63242
63386
63387
63392
63401
63420
63421
63436
63439
63442
63443
63444
63449
63450
63455
63456
63478
63957
64090
64221
64356
64637
64653
64657
64673
64694
64695
64696
64702
66974
67379
67575
67578
67580
67582
67584
67586
67879
68658
69145
69155
69156
69329
69461
71089
71091
71092
71096
71484
72087
73229
73555
75757
75764
75956
75961
75962
75963
76824
76826
76832
78428
78439
78447
78449
78457
78460
78468
78480
78566
78590
78609
78610
78625
78630
78631
78658
78659
78660
78692
78694
78697
78699
78701
78703
78704
78705
78707
78708
78710
78711
78712
78713
78716
78717
78728
78732
78746
78747
78749
78750
78752
78753
78756
78758
78807
78812
78813
78814
78815
78816
78821
78830
78842
78846
78850
78884
78906
78932
78933
78935
78936
78938
78939
78942
78955
78957
78961
78962
78972
78988
78989
79000
79003
80746
80747
80757
82738
82744
82753
82773
82774
82790
82804
82805
82806
82813
82827
82828
82846
82850
82872
83453
83457
85124
85127
85131
85160
85168
85184
85186
85195
85211
85213
85215
85250
85253
85266
85267
85269
85277
85283
85292
85293
85294
85296
85301
85322
85433
85434
85451
85454
85455
85457
85459
85461
85475
85476
85477
85478
85479
85480
85481
85482
85483
85484
85485
85486
85487
85488
85489
85509
85511
85514
85518
85525
85536
85538
85539
85541
85544
85545
85557
85558
85564
85565
85566
85567
85579
85589
85591
85605
85618
85631
85632
85633
85645
85650
85654
85657
85658
85663
85664
85665
85670
85686
85690
85694
85698
85702
85705
85708
85711
85714
85716
85718
85719
85720
85724
85725
85726
85730
85731
85732
85736
85737
85738
85742
85743
85744
85756
85791
85803
85804
85805
85817
85822
85831
85832
85866
85883
85886
85928
85931
85936
85941
85944
85946
85949
85951
85956
85963
85971
85973
85987
85990
85992
85993
85994
85995
86033
86034
86035
86058
86062
86063
86065
86066
86067
86070
86073
86075
86077
86079
86082
86084
86087
86088
86090
86093
86097
86098
86112
86115
86116
86117
86118
86119
86120
86121
86122
86123
86124
86125
86126
86127
86128
86129
86130
86131
86132
86133
86134
86135
86136
86140
86141
86142
86145
86148
86174
86176
86182
86185
86186
86187
86192
86193
86215
86221
86224
86227
86229
86236
86237
86238
86239
86291
86297
86304
86319
86327
86349
86357
86368
86384
86386
86398
86428
86429
86430
86431
86447
86454
86455
86456
86470
86471
86482
86522
86553
86560
86576
86650
86651
86652
86657
86661
86666
86670
86671
86677
86762
86800
86803
86810
86817
86824
86854
86878
86885
86901
86910
86915
86928
86942
86954
86958
86966
86970
86977
86987
86994
87000
87008
87033
87046
87081
87084
87117
87124
87133
87140
87217
87262
87266
87286
87289
87290
87296
87307
87328
87335
87342
87343
87344
87345
87346
87395
87396
87398
87399
87400
87401
87439
87440
87443
87444
87452
87475
87480
87491
87492
87503
87505
87508
87511
87513
87514
87516
87520
87523
87524
87525
87526
87527
87532
87535
87536
87580
87581
87585
87588
87589
87591
87594
87597
87599
87600
87601
87605
87607
87608
87609
87610
87611
87616
87617
87618
87619
87620
87621
87622
87623
87624
87625
87626
87627
87628
87629
87630
87631
87632
87633
87634
87635
87636
87638
87639
87640
87641
87663
87666
87671
87672
87673
87686
87689
87694
87695
87696
87700
87702
87713
87714
87717
87723
87741
87746
87747
87750
87752
87753
87754
87755
87773
87788
87791
87813
87822
87824
87825
87827
87832
87836
87840
87850
87851
87852
87854
87872
87873
87888
87901
87902
87904
87913
87928
87938
87939
87994
87995
88000
88025
88027
88066
88076
88078
88123
88124
88127
88128
88129
88130
88136
88137
88155
88156
88159
88163
88343
88431
89279
89540
89640
89655
89876
89877
89902
89903
89936
90137
90479
90540
90568
90582
90584
90612
90626
90660
90676
90677
90724
90832
90853
90854
90855
90865
90884
90928
90937
91003
91029
91057
91058
91076
91077
91096
91110
91111
91128
91157
91158
91183
91184
91241
91242
91289
91308
91315
91316
91343
91344
91360
91361
91378
91379
91384
91385
91578
91579
91633
91635
91864
91865
91908
91909
91913
91914
91925
91931
91932
91933
91934
91935
91964
91966
91973
92001
92003
92015
92026
92037
92039
92040
92041
92042
92043
92053
92055
92056
92057
92060
92063
92065
92082
92083
92084
92095
92096
92097
92103
92105
92107
92219
92251
92252
92253
92257
92275
92277
92280
92286
92291
92296
92297
92299
92300
92302
92304
92307
92313
92317
92318
92326
92328
92329
92330
92334
92345
92355
92393
92396
92497
92498
92501
92502
92505
92507
92508
92511
92512
92515
92517
92519
92529
92530
92531
92532
92533
92534
92545
92591
92597
92599
92617
92729
92732
92738
92741
92753
92757
92759
92883
92964
92990
92993
92995
93020
93040
93118
93119
93143
93172
93173
93183
93193
93196
93272
93274
93276
93277
93291
93292
93294
93295
93297
93298
93300
93302
93314
93324
93325
93334
93337
93338
93340
93441
93442
93444
93447
93453
93454
93460
93461
93501
93505
93508
93512
93513
93517
93518
93524
93525
93530
93543
93582
93632
93671
93675
93676
93901
93913
93914
93925
93927
93941
93951
93952
93953
93976
93999
94000
94010
94034
94036
94038
94039
94041
94042
94044
94045
94047
94048
94053
94060
94061
94064
94074
94076
94078
94079
94090
94094
94104
94114
94115
94116
94131
94136
94187
94188
94189
94213
94216
94230
94231
94266
94267
94273
94295
94296
94327
94329
94355
94374
94376
94377
94379
94381
94405
94407
94444
94446
94598
94654
94717
94720
95081
95276
95297
95314
95317
95320
95321
95322
95325
95326
95338
95339
95342
95343
95394
95398
95418
95419
95424
95427
95439
95442
95446
95447
95457
95500
95503
95516
95528
95529
95534
95535
95536
95539
95544
95546
95612
95638
95695
95696
95697
95698
95699
95834
95835
95836
95837
95838
95882
95885
95899
95912
95913
95914
95915
95916
95917
95918
95966
95968
95971
96075
96088
96089
96099
96100
96102
96104
96230
96231
96363
96366
96369
96372
96373
96377
96378
96387
96393
96408
96433
96436
96548
96715
96736
96890
97010
97103
97292
97448
97598
97599
97746
97883
98031
98199
98366
98519
98666
98836
98849
98865
98880
98897
98917
98934
98955
98987
99012
99027
99028
99031
99046
99061
99075
99085
99098
99110
99124
99133
99144
99145
99159
99169
99187
99200
99211
99218
99286
99398
99469
99483
99485
99523
99525
99527
99529
99536
99616
99653
99656
99666
99736
99765
99768
99769
99794
99795
99796
99799
99802
99806
99905
99907
99923
99924
99925
99937
99944
100061
100062
100063
100064
100065
100085
100161
100220
100234
100263
100268
100302
100303
100348
100509
100515
100578
100622
100722
100731
100933
101005
101188
101218
101231
101283
101450
101459
101466
101493
101531
101555
101580
101755
101769
101784
101805
101821
101842
101956
101973
101984
101994
101998
102011
102016
102036
102126
102173
102288
102380
102401
102458
102598
102599
102603
102604
102605
102606
102619
102625
102635
102676
102754
102756
102760
102763
102782
102792
102796
102841
102886
102887
102920
102922
103109
103360
103638
103683
103690
103713
103727
103748
103774
104144
104358
104433
104467
104506
104627
104636
104652
104698
104814
104967
104974
105037
105073
105103
105153
105237
105248
105366
105392
105405
105418
105541
105555
105572
105574
105583
105661
105665
105670
105672
105673
105686
105707
105800
105822
105867
105916
105927
105942
105943
105944
105996
106096
106102
106202
106214
106258
106261
106269
106363
106366
106407
106408
106414
106415
106419
106423
106560
106561
106562
106583
106594
106723
106731
106732
106737
106739
106744
106757
106800
106830
106831
106864
106865
106873
106892
106900
106925
106926
106929
106931
106943
106952
106954
106955
106960
106964
107018
107040
107042
107059
107064
107090
107124
107131
107155
107182
107251
107364
107448
107466
107468
107480
107486
107498
107505
107516
107571
107576
107577
107607
107608
107638
107660
107661
107663
107665
107676
107682
107683
107688
107690
107725
107731
107738
107753
107755
107757
107809
107815
107817
107827
107849
107899
107904
107909
107917
107957
107958
107959
107991
108032
108034
108060
108061
108064
108073
108094
108095
108122
108123
108130
108136
108138
108145
108152
108263
108273
108275
108278
108279
108283
108292
108360
108361
108378
108379
108483
108505
108510
108520
108521
108522
108523
108535
108549
108551
108561
108562
108563
108564
108565
108569
108576
108580
108615
108616
108617
108621
108623
108624
108633
108637
108641
108647
108649
108680
108683
108689
108730
108732
108744
108745
108748
108764
108767
108769
108787
108822
108823
108828
108858
108868
108890
108893
108904
108905
108907
108916
108919
108939
108963
108964
108970
108971
109013
109033
109056
109057
109058
109070
109074
109075
109076
109117
109191
109262
109269
109289
109298
109304
109307
109308
109309
109310
109321
109322
109332
109341
109346
109347
109355
109357
109358
109361
109364
109368
109383
109384
109417
109418
109437
109450
109464
109465
109474
109490
109493
109495
109496
109497
109498
109499
109503
109514
109518
109526
109542
109545
109547
109549
109554
109591
109593
109594
109597
109599
109602
109603
109624
109630
109631
109635
109643
109658
109659
109680
109699
109700
109702
109725
109728
109739
109741
109742
109748
109752
109755
109765
109768
109780
109782
109783
109784
109787
109796
109800
109801
109806
109828
109830
109831
109835
109836
109864
109868
109873
109891
109902
109903
109906
109913
109919
109920
109921
109923
109929
109930
109951
109954
109964
109965
109967
109973
109986
109988
109990
109992
109995
109997
109999
110004
110010
110012
110015
110017
110027
110035
110036
110041
110042
110051
110054
110062
110064
110066
110074
110075
110076
110081
110089
110091
110093
110108
110119
110246
110284
110287
110293
110295
110302
110304
110314
110332
110333
110338
110387
110459
110466
110469
110495
110497
110518
110520
110521
110536
110537
110539
110542
110553
110574
110583
110584
110593
110597
110598
110603
110604
110605
110635
110654
110721
110723
110737
110739
110741
110742
110757
110766
110770
110771
110774
110775
110788
110816
110826
110837
110838
110839
110840
110845
110876
110879
110882
110889
110891
110898
110899
110933
110934
110937
110938
110942
110982
110990
111048
111060
111067
111071
111072
111087
111102
111105
111135
111165
111166
111177
111195
111230
111236
111237
111249
111253
111254
111272
111279
111281
111314
111315
111319
111322
111328
111338
111339
111360
111364
111366
111372
111390
111392
111393
111406
111407
111410
111411
111413
111421
111469
111479
111484
111485
111525
111526
111527
111569
111570
111571
111576
111597
111598
111605
111608
111610
111614
111615
111616
111619
111636
111638
111652
111655
111664
111665
111666
111668
111672
111675
111681
111682
111683
111685
111690
111691
111698
111699
111702
111712
111723
111754
111786
111824
111825
111870
111871
111989
112019
112024
112026
112052
112053
112072
112081
112110
112195
112272
112294
112313
112314
112326
112346
112347
112354
112356
112358
112361
112362
112364
112367
112428
112431
112456
112461
112462
112468
112469
112482
112496
112537
112539
112569
112570
112662
112683
112684
112707
112729
112730
112760
112762
112796
112798
112803
112804
112817
112818
112821
112833
112835
112851
112852
112875
112901
112908
112909
112910
112911
112920
112926
112928
112946
112975
112982
112986
113039
113059
113075
113078
113080
113084
113101
113102
113134
113145
113169
113172
113178
113181
113241
113242
113244
113247
113250
113252
113253
113262
113263
113264
113290
113293
113294
113295
113298
113303
113305
113316
113326
113329
113360
113363
113367
113369
113375
113397
113454
113470
113474
113484
113507
113517
113519
113520
113522
113542
113613
113643
113644
113646
113673
113676
113688
113703
113713
113729
113767
113768
113771
113813
113827
113947
113952
113960
113963
113965
113967
113969
113998
114004
114009
114025
114033
114035
114044
114057
114062
114064
114070
114091
114097
114106
114111
114150
114172
114184
114233
114242
114243
114249
114252
114254
114261
114285
114303
114307
114311
114312
114318
114322
114332
114337
114348
114368
114375
114377
114384
114392
114416
114424
114428
114453
114470
114474
114478
114479
114486
114494
114496
114500
114501
114556
114567
114574
114575
114581
114582
114589
114590
114620
114634
114658
114662
114690
114701
114751
114754
114845
114846
114879
114891
114903
114915
114943
114956
114963
114964
114965
114968
114969
114971
114972
114990
114992
114995
114998
115001
115004
115008
115022
115024
115038
115043
115046
115071
115077
115078
115082
115084
115090
115092
115095
115111
115133
115136
115138
115139
115142
115143
115156
115195
115196
115229
115234
115236
115239
115241
115242
115256
115258
115264
115273
115277
115279
115283
115284
115290
115301
115312
115313
115338
115343
115346
115350
115351
115353
115357
115369
115408
115512
115595
115598
115599
115601
115604
115606
115607
115609
115616
115617
115618
115621
115622
115623
115646
115655
115952
116095
116130
116132
116133
116134
116138
116140
116152
116168
116171
116177
116195
116202
116210
116279
116280
116284
116286
116288
116291
116294
116295
116297
116299
116300
116302
116304
116307
116336
116340
116341
116342
116343
116344
116346
116352
116368
116374
116380
116383
116385
116386
116387
116400
116402
116410
116411
116415
116419
116438
116442
116449
116451
116454
116461
116471
116484
116488
116513
116515
116519
116526
116529
116532
116534
116536
116538
116541
116544
116545
116548
116559
116560
116565
116566
116571
116574
116575
116576
116577
116579
116580
116581
116586
116590
116591
116595
116596
116603
116607
116608
116615
116625
116661
116662
116663
116664
116689
116691
116692
116694
116697
116704
116705
116707
116708
116710
116711
116713
116714
116715
116716
116763
116765
116766
116780
116781
116804
116807
116824
116841
116843
116852
116862
116864
116874
116901
116920
116928
116938
116945
116946
116950
116970
116976
116980
116982
116985
116998
116999
117000
117008
117009
117010
117021
117022
117041
117042
117043
117046
117056
117059
117060
117061
117062
117063
117064
117065
117066
117067
117068
117069
117070
117071
117072
117099
117112
117113
117145
117146
117147
117148
117151
117152
117162
117171
117198
117201
117214
117227
117245
117286
117299
117461
117465
117466
117478
117487
117499
117508
117509
117546
117549
117572
117573
117575
117578
117580
117581
117582
117583
117589
117590
117602
117604
117611
117612
117642
117661
117662
117663
117665
117667
117668
117669
117670
117671
117672
117676
117677
117679
117680
117741
117783
117784
117788
117807
117819
117855
117877
117891
117909
117922
117931
117932
117938
117939
117945
117951
117959
117997
118018
118021
118024
118028
118037
118055
118058
118060
118061
118064
118065
118066
118067
118072
118073
118076
118077
118078
118112
118181
118282
118283
118336
118350
118351
118357
118380
118384
118399
118406
118419
118420
118421
118437
118438
118577
118655
118670
118671
118676
118683
118684
118724
118731
118740
118741
118747
118750
118757
118758
118848
118857
118864
118875
118883
118911
118917
118947
118948
118967
118968
118986
118994
119012
119042
119064
119094
119114
119121
119135
119159
119297
119308
119337
119342
119400
119417
119459
119470
119473
119476
119478
119479
119486
119496
119497
119508
119510
119512
119513
119514
119516
119518
119519
119520
119522
119547
119553
119554
119561
119646
119647
119648
119657
119659
119666
119676
119679
119689
119701
119703
119712
119721
119722
119738
119766
119775
119782
119814
119867
119876
119903
119906
119908
119909
119922
119972
119975
119978
119981
119984
119987
119989
119990
119992
119993
119995
119996
119999
120001
120002
120004
120007
120010
120047
120048
120052
120063
120081
120093
120105
120110
120112
120149
120172
120175
120176
120185
120188
120198
120199
120200
120202
120218
120296
120300
120311
120312
120359
120360
120394
120397
120400
120403
120420
120421
120422
120423
120426
120428
120432
120436
120518
120522
120552
120566
120596
120608
120611
120620
120623
120624
120625
120643
120644
120672
120673
120674
120682
120683
120691
120692
120697
120700
120702
120731
120732
120751
120759
120760
120771
120790
120802
120810
120811
120813
120815
120842
120847
120875
120876
120887
120898
120908
120918
120923
120926
120928
120937
120942
120944
120959
120975
120983
121007
121021
121022
121070
121081
121115
121119
121120
121130
121132
121138
121143
121196
121202
121204
121210
121211
121212
121213
121214
121222
121226
121228
121237
121250
121256
121271
121305
121311
121318
121319
121325
121351
121354
121362
121363
121385
121416
121424
121430
121445
121454
121457
121464
121465
121468
121471
121486
121487
121489
121492
121493
121494
121495
121498
121503
121516
121517
121537
121555
121560
121561
121562
121578
121580
121591
121598
121605
121610
121616
121625
121626
121633
121634
121641
121661
121677
121680
121685
121692
121695
121703
121714
121757
121762
121774
121785
121787
121790
121809
121811
121815
121818
121819
121841
121855
121882
121884
121887
121901
121909
121916
121917
121933
121937
121942
121950
121957
121963
121970
121975
121976
121979
121987
121989
121992
121996
121997
121999
122018
122019
122020
122031
122034
122041
122048
122049
122064
122070
122071
122082
122084
122085
122086
122089
122098
122100
122103
122105
122106
122107
122108
122109
122113
122114
122116
122118
122119
122120
122166
122167
122168
122170
122171
122172
122177
122208
122216
122290
122294
122301
122303
122309
122311
122315
122316
122320
122329
122335
122371
122382
122388
122389
122395
122396
122432
122450
122454
122457
122473
122482
122506
122549
122556
122557
122560
122592
122597
122601
122673
122689
122710
122711
122712
122714
122736
122737
122755
122793
122847
122947
123039
123040
123085
123116
123117
123182
123206
123208
123209
123210
123213
123214
123215
123464
123482
123539
123540
123555
123556
123557
123561
123590
123597
123698
123718
123730
123755
123782
123789
123791
123823
123824
123854
123909
123978
123994
124033
124054
124063
124088
124091
124094
124117
124343
124378
124593
124653
124654
124655
124656
124657
124666
124705
124714
124950
124975
124976
125019
125042
125057
125062
125063
125086
125106
125125
125132
125134
125161
125311
125324
125356
125358
125363
125372
125373
125390
125391
125392
125446
125449
125452
125455
125460
125463
125464
125467
125468
125469
125473
125476
125478
125479
125480
125483
125487
125492
125496
125506
125507
125636
125641
125642
125682
125685
125686
125687
125749
125752
125786
125813
125814
125815
125816
125817
125818
125821
125840
125841
125842
125878
125880
125963
125964
125965
125967
125973
126264
126310
126311
126312
126334
126338
126340
126342
126344
126348
126354
126380
126382
126388
126418
126427
126434
126445
126447
126472
126473
126563
126571
126575
126576
126609
126610
126615
126626
126627
126633
126643
126651
127105
127136
127154
127161
127168
127182
127202
127215
127243
127283
127316
127340
127345
127363
127384
127386
127388
127390
127415
127416
127417
127418
127419
127430
127463
127465
127482
127506
127509
127511
127513
127515
127517
127518
127519
127581
127585
127593
127629
127632
127637
127646
127652
127659
127664
127671
127687
127690
127697
127700
127702
127704
127705
127710
127714
127720
127725
127728
127733
127736
127748
127757
127771
127782
127792
127794
127795
127800
127810
127824
127829
127832
127833
127838
127858
127860
127866
127872
127886
127950
127986
128002
128009
128076
128085
128111
128138
128184
128205
128346
128351
128466
128504
128586
128587
128986
129027
129051
129643
129644
129647
129648
129649
129652
129682
129688
129690
129692
129694
129696
129698
129766
130937
130960
130984
132965
133445
133492
133493
133507
133509
133511
133513
133515
133516
133517
133518
133522
133523
133528
133534
134421
135603
136609
136619
136620
136624
136635
136637
136651
140923
140925
140938
142226
145189
145740
145742
145745
145746
145748
145750
145751
145754
145757
145758
145760
145763
145765
145766
145768
145770
145773
145826
146189
146551
146557
146998
148775
150176
151336
152444
152637
154544
154814
155298
156959
158429
158443
158446
158447
158448
158450
158451
158452
158453
158454
158455
158466
158469
158470
158471
158489
158516
158519
158567
158572
158584
158593
158600
158601
159008
159009
165508
165637
165640
165642
165644
165646
165648
165649
165651
165652
165654
165655
165667
165760
165761
165762
165765
165766
165874
165875
165876
166102
168492
168582
168583
168705
168706
168707
168708
168709
168710
168718
168770
168846
169744
169746
170189
173086
173087
173088
173091
173106
173107
173108
173112
173113
173114
173115
173116
173117
173118
173119
173129
173257
173258
174134
174591
177269
177765
177767
177769
177771
177772
177774
177775
177778
177779
177783
181202
181307
181455
182097
182117
182118
182122
182123
182127
182178
182222
182224
182278
182309
186466
186468
186470
186472
186473
186476
186478
186483
186543
187531
187532
188009
188011
188014
188016
188017
188260
188283
188285
188286
188287
188294
188295
188299
188304
188385
188386
188387
188388
188389
189835
191083
191098
191117
191136
191274
191783
191794
191844
191846
191855
192068
192176
192306
192521
192554
192636
192762
193152
193219
193322
193324
193325
194019
194066
194673
194700
194703
194799
194800
194866
194867
194868
194870
194871
194879
194958
195085
195108
195109
195111
195854
195954
196029
196458
196461
196582
196583
196587
196589
196596
196636
196745
196750
196875
196876
196881
196897
197008
197347
197433
197608
198070
198072
198521
198640
198969
