1
9
14
18
21
49
54
61
63
71
78
81
89
93
94
97
107
116
117
141
154
155
156
157
162
166
167
178
197
213
217
251
255
259
260
281
286
288
302
314
323
346
353
359
360
361
362
363
365
367
376
386
387
388
389
390
398
400
406
412
415
416
420
425
432
433
436
437
443
446
474
495
498
596
600
604
623
624
627
651
655
669
698
702
710
711
746
786
798
799
817
824
826
832
834
848
849
882
912
913
914
915
942
943
945
946
947
948
956
960
981
1058
1070
1071
1084
1126
1136
1258
1267
1268
1283
1284
1285
1296
1297
1299
1306
1313
1319
1335
1343
1372
1373
1405
1418
1474
1563
1568
1585
1592
1605
1612
1633
1635
1636
1644
1647
1648
1657
1662
1669
1670
1703
1708
1712
1721
1751
1752
1753
1765
1768
1771
1824
1898
1899
1907
1913
2017
2042
2080
2083
2096
2097
2108
2113
2126
2127
2135
2140
2196
2379
2381
2414
2495
2537
2538
2539
2553
2563
2569
2587
2649
2696
2707
2711
2788
2795
2819
2877
2886
2889
2895
2942
2994
3003
3297
3429
3501
3505
3516
3528
3538
3539
3541
3549
3565
3572
3581
3585
3598
3605
3722
3738
3778
3788
3800
3803
3810
3823
3827
3834
3839
3840
3870
3871
3921
3941
3942
3945
3987
3990
3991
3993
3998
4004
4011
4014
4015
4017
4081
4194
4195
4283
4324
4327
4328
4332
4333
4338
4357
4380
4381
4382
4383
4393
4394
4416
4417
4431
4451
4470
4473
4485
4582
4599
4608
4611
4615
4625
4664
4665
4682
4689
4697
4718
4739
4748
4788
4791
4988
5014
5017
5020
5023
5026
5031
5036
5051
5052
5056
5057
5058
5059
5060
5064
5068
5073
5078
5082
5084
5130
5140
5187
5190
5191
5299
5302
5303
5304
5305
5306
5307
5308
5309
5310
5311
5312
5313
5316
5319
5325
5328
5330
5493
5711
5894
5985
6000
6003
6068
6135
6159
6160
6176
6188
6190
6192
6194
6197
6199
6240
6261
6262
6266
6278
6281
6285
6306
6307
6308
6321
6393
6396
6422
6423
6424
6427
6428
6443
6464
6465
6466
6467
6468
6477
6478
6500
6515
6533
6544
6547
6563
6573
6587
6609
6622
6629
6677
6696
6718
6719
6737
6738
6740
6741
6777
6786
6795
6802
6814
6819
6821
6825
6828
6831
6837
6848
6850
6859
6868
6869
6870
6871
6886
6888
6892
6894
6925
7149
7169
7177
7182
7186
7194
7195
7197
7201
7204
7212
7219
7230
7242
7243
7255
7262
7285
7287
7288
7307
7315
7328
7330
7479
7531
7665
7667
7682
7686
7705
7714
7723
7746
7749
7762
7846
7926
7934
7935
8084
8091
8100
8103
8106
8167
8247
8269
8272
8273
8274
8278
8282
8286
8289
8293
8294
8302
8303
8305
8306
8317
8322
8324
8329
8403
8407
8408
8417
8422
8437
8459
8503
8506
8510
8550
8560
8565
8566
8567
8571
8572
8609
8612
8695
8711
8775
8779
8787
8813
8814
8824
8827
8837
8839
8881
8960
8961
8962
8964
8967
8972
8975
8984
8999
9000
9003
9004
9009
9016
9020
9026
9030
9042
9048
9051
9052
9079
9080
9082
9085
9090
9104
9110
9114
9117
9124
9143
9159
9210
9223
9224
9229
9231
9232
9235
9237
9246
9257
9260
9269
9270
9300
9305
9310
9352
9382
9383
9386
9389
9412
9416
9417
9421
9422
9432
9433
9445
9448
9455
9470
9476
9477
9481
9533
9537
9538
9540
9574
9577
9578
9587
9588
9589
9590
9594
9611
9629
9630
9633
9634
9672
9678
9695
9698
9710
9712
9717
9731
9756
9760
9767
9768
9777
9809
9810
9838
9843
9851
9858
9991
10012
10015
10018
10031
10041
10050
10059
10074
10081
10084
10086
10090
10092
10093
10094
10095
10097
10100
10125
10129
10130
10133
10134
10135
10137
10142
10152
10162
10173
10195
10214
10247
10252
10379
10443
10583
10635
10637
10684
10687
10711
10714
10715
10716
10717
10819
10834
10860
10868
10893
10894
10895
10897
10902
10903
10915
10918
10986
10998
11003
11007
11016
11029
11032
11037
11064
11073
11078
11081
11142
11155
11158
11159
11162
11171
11173
11181
11190
11197
11234
11235
11236
11240
11334
11335
11336
11337
11338
11339
11340
11369
11370
11394
11395
11412
11422
11427
11455
11493
11510
11511
11514
11519
11572
11617
11624
11654
11656
11657
11660
11663
11665
11666
11669
11670
11678
11679
11681
11684
11692
11709
11710
11727
11728
11730
11731
11744
11746
11756
11758
11759
11769
11793
11794
11795
11796
11797
11801
11802
11806
11809
11915
11919
11933
12023
12025
12049
12050
12074
12081
12090
12092
12093
12096
12099
12125
12270
12271
12277
12278
12306
12352
12354
12356
12393
12394
12446
12463
12466
12472
12483
12484
12486
12492
12493
12494
12495
12496
12499
12501
12515
12520
12529
12534
12547
12548
12549
12550
12553
12597
12600
12605
12609
12610
12611
12612
12615
12618
12638
12648
12658
12662
12713
12719
12726
12742
12749
12751
12755
12760
12780
12783
12787
12788
12789
12866
12873
12924
12925
12949
13017
13039
13074
13075
13082
13084
13107
13193
13194
13198
13213
13214
13215
13229
13235
13259
13260
13261
13262
13279
13296
13301
13306
13310
13313
13315
13316
13317
13322
13342
13350
13356
13364
13367
13370
13386
13393
13397
13398
13402
13427
13455
13468
13471
13472
13486
13493
13494
13496
13497
13500
13506
13507
13510
13511
13513
13650
13669
13721
13762
13763
13811
13814
13815
13816
13833
13860
13882
13886
13903
13904
13905
13906
13907
13908
13913
13960
14015
14021
14054
14146
14177
14204
14206
14225
14232
14270
14271
14272
14274
14363
14460
14461
14472
14477
14498
14499
14500
14501
14508
14511
14514
14516
14576
14577
14578
14579
14580
14581
14582
14583
14584
14585
14586
14602
14603
14737
14739
14753
14758
14759
14770
14779
14826
14845
14848
14864
14865
15085
15260
15263
15265
15267
15269
15271
15273
15275
15302
15392
15395
15399
15416
15509
15510
15521
15539
15540
15584
15585
15586
15588
15590
15749
15751
15758
15767
15827
15849
15859
15886
15947
15948
15965
15970
15971
15975
15986
15987
15988
15989
16000
16010
16040
16056
16060
16063
16064
16066
16068
16080
16083
16086
16087
16098
16099
16104
16105
16107
16128
16156
16157
16160
16161
16162
16163
16166
16167
16169
16170
16198
16200
16201
16202
16205
16206
16207
16208
16210
16211
16213
16215
16217
16222
16225
16244
16245
16384
16395
16406
16407
16409
16480
16489
16491
16495
16586
16587
16712
16713
16714
16715
16726
16805
16806
16864
16866
16868
16932
16935
16936
16947
16948
16958
16959
16961
16962
16963
16964
17005
17063
17064
17089
17091
17093
17095
17097
17148
17150
17151
17154
17181
17217
17230
17231
17287
17288
17346
17358
17367
17368
17370
17371
17680
17733
17744
17747
17769
17789
17814
17834
17836
17841
17855
17946
18056
18060
18080
18089
18090
18106
18107
18122
18141
18152
18160
18171
18175
18180
18189
18190
18200
18216
18218
18228
18244
18249
18250
18263
18274
18286
18290
18301
18319
18350
18404
18412
18414
18415
18423
18424
18442
18447
18533
18568
18574
18582
18616
18623
18654
18655
18657
18663
18681
18682
18688
18690
18696
18700
18707
18715
18728
18731
18735
18739
18784
18789
18792
18876
18891
18893
18895
18897
18899
18900
18904
18905
18908
18910
18914
18916
18923
18935
18949
18965
18966
18969
18970
18971
18973
18975
18978
18980
18981
18983
19008
19010
19011
19033
19034
19087
19089
19090
19092
19094
19096
19098
19101
19103
19105
19107
19260
19261
19279
19280
19282
19284
19304
19373
19374
19375
19376
19378
19379
19401
19420
19425
19431
19445
19448
19449
19461
19477
19508
19510
19525
19529
19550
19551
19567
19568
19569
19570
19572
19573
19586
19600
19602
19611
19616
19617
19627
19636
19637
19639
19640
19642
19643
19649
19661
19697
19756
19785
19786
19790
19791
19792
19924
19936
19950
19958
20020
20039
20042
20043
20044
20064
20072
20144
20186
20224
20225
20226
20227
20240
20242
20244
20250
20255
20260
20294
20299
20304
20309
20323
20371
20377
20380
20381
20392
20404
20418
20447
20478
20502
20535
20607
20620
20641
20771
20804
20815
20832
20866
20892
20893
20908
20916
20937
20967
20988
20996
21010
21133
21140
21300
21315
21388
21434
21513
21514
21592
21595
21598
21603
21650
21653
21682
21708
21748
21752
21760
21810
21811
21812
21813
21818
21819
21846
21847
21854
21873
21880
21939
21949
22013
22014
22015
22019
22029
22030
22051
22056
22059
22122
22123
22124
22125
22150
22151
22158
22160
22163
22170
22171
22179
22180
22182
22183
22185
22186
22199
22206
22220
22222
22224
22226
22228
22230
22232
22234
22276
22304
22336
22337
22338
22373
22387
22399
22400
22415
22416
22417
22418
22438
22493
22498
22499
22560
22563
22570
22573
22574
22575
22576
22581
22597
22598
22603
22604
22606
22646
22647
22709
22712
22719
22720
22721
22724
22741
22742
22743
22744
22747
22751
22752
22753
22754
22756
22760
22762
22835
22836
22837
22838
22839
22926
22948
23014
23016
23019
23021
23154
23185
23213
23214
23258
23263
23276
23311
23329
23345
23348
23352
23354
23356
23357
23359
23362
23366
23368
23373
23375
23379
23381
23408
23410
23480
23482
23484
23512
23529
23547
23573
23583
23585
23598
23601
23602
23604
23605
23610
23612
23624
23642
23643
23644
23647
23665
23668
23669
23673
23674
23677
23684
23685
23686
23689
23752
23754
23755
23756
23760
23762
23763
23765
23767
23768
23772
23774
23777
23859
23861
23928
23929
23930
23932
23933
23943
23944
23945
24107
24478
24489
24492
24495
24498
24499
24502
24526
24694
24960
24996
25002
25050
25051
25052
25053
25054
25055
25056
25057
25058
25059
25060
25064
25344
25345
25346
25347
25353
25354
25358
25360
25361
25363
25364
25367
25368
25369
25371
25372
25375
25377
25382
25383
25388
25390
25392
25394
25398
25399
25405
25409
25414
25418
25419
25616
25617
25619
25621
25690
25692
25693
25694
25695
25697
25699
25702
25713
25714
25974
25980
25984
25990
26006
26007
26008
26009
26010
26202
26203
26205
26271
26400
26401
26402
26491
26534
26545
26569
26596
26597
26637
26638
26644
26649
26694
26702
26703
26717
26767
26789
26790
26820
26821
26825
26840
26863
26867
26869
26880
26881
26891
26893
26894
26895
26897
26926
26948
26958
26965
26968
26969
26971
26997
27133
27137
27245
27267
27268
27281
27295
27296
27297
27298
27304
27321
27327
27344
27345
27346
27352
27354
27355
27370
27374
27378
27379
27380
27381
27382
27385
27390
27393
27404
27412
27441
27449
27454
27458
27490
27493
27494
27495
27496
27499
27500
27505
27508
27514
27519
27543
27546
27564
27565
27575
27586
27589
27600
27601
27602
27610
27612
27628
27634
27645
27647
27648
27659
27675
27676
27685
27694
27696
27723
27731
27735
27737
27738
27740
27741
27742
27761
27762
27764
27766
27774
27778
27786
27787
27788
27790
27800
27807
27808
27810
27827
27831
27835
27846
27856
27871
27872
27874
27875
27876
27880
27918
27919
27921
27922
28030
28037
28038
28039
28040
28041
28065
28114
28175
28190
28192
28197
28198
28201
28221
28225
28236
28304
28328
28370
28376
28378
28402
28405
28423
28424
28429
28441
28482
28483
28488
28489
28493
28497
28509
28511
28517
28519
28522
28523
28539
28540
28544
28589
28590
28599
28600
28601
28602
28605
28606
28607
28609
28632
28636
28637
28638
28641
28642
28647
28650
28655
28663
28668
28669
28685
28686
28732
28751
28772
28793
28795
28798
28801
28828
28831
28833
28838
28847
28848
28849
28860
28861
28862
28863
28866
28867
28868
28869
28873
28876
28877
28892
28917
28968
28969
28973
28977
28983
28984
29027
29028
29030
29044
29067
29072
29077
29078
29079
29084
29125
29140
29167
29192
29194
29222
29234
29240
29244
29247
29250
29255
29257
29261
29262
29275
29280
29281
29289
29294
29304
29308
29309
29310
29312
29349
29358
29390
29474
29493
29505
29533
29561
29607
29609
29610
29625
29634
29635
29637
29638
29641
29653
29654
29657
29662
29663
29664
29667
29668
29672
29690
29695
29696
29728
29735
29749
29795
29796
29798
29814
29815
29849
29850
29875
29886
29887
29910
29913
29978
29997
30002
30045
30048
30053
30055
30057
30089
30101
30117
30118
30127
30128
30155
30159
30168
30169
30190
30193
30194
30195
30200
30221
30222
30224
30240
30263
30299
30303
30356
30368
30377
30380
30401
30408
30409
30412
30757
30761
30762
30769
30789
30792
30797
30798
30800
30808
30814
30832
30902
30997
31008
31015
31036
31039
31040
31041
31044
31055
31056
31057
31114
31115
31116
31117
31121
31132
31136
31151
31152
31155
31157
31162
31163
31167
31174
31198
31199
31213
31214
31216
31219
31220
31221
31290
31300
31303
31308
31312
31327
31328
31329
31331
31335
31338
31351
31356
31358
31370
31373
31374
31375
31377
31386
31388
31398
31418
31428
31429
31431
31433
31446
31447
31461
31467
31468
31471
31474
31480
31481
31482
31486
31497
31516
31534
31537
31538
31566
31570
31571
31579
31581
31589
31595
31617
31619
31622
31673
31681
31686
31690
31694
31697
31729
31731
31732
31733
31766
31782
31785
31789
31792
31794
31812
31814
31818
31821
31830
31834
31846
31848
31862
31863
31865
31875
31904
31905
32183
32185
32203
32206
32228
32231
32232
32234
32235
32239
32292
32293
32305
32306
32307
32310
32322
32324
32325
32360
32365
32366
32367
32368
32369
32370
32372
32374
32375
32376
32379
32380
32382
32383
32400
32403
32440
32491
32497
32498
32499
32500
32503
32510
32511
32512
32580
32645
32646
32649
32654
32657
32660
32663
32665
32670
32677
32678
32681
32682
32709
32710
32724
32726
32727
32729
32731
32732
32733
32737
32739
32742
32744
32748
32767
32775
32783
32790
32820
32857
32859
32874
32875
32876
32899
32900
32916
32919
32920
32923
32928
32932
32933
32948
32953
32958
32969
33054
33057
33059
33062
33069
33072
33093
33095
33116
33117
33118
33120
33124
33130
33148
33149
33151
33154
33180
33181
33195
33196
33199
33202
33210
33265
33277
33317
33320
33326
33340
33344
33348
33349
33389
33435
33438
33442
33457
33468
33480
33500
33507
33634
33670
33671
33674
33675
33777
33778
34082
34091
34094
34099
34101
34103
34124
34132
34135
34140
34149
34150
34156
34159
34164
34485
34808
34811
34895
34915
35033
35037
35051
35055
35058
35068
35100
35101
35106
35113
35118
35122
35141
35168
35170
35212
35236
35253
35367
35394
35402
35415
35451
35486
35497
35565
35569
35572
35575
35578
35582
35584
35593
35599
35608
35613
35622
35726
35729
35732
35747
35750
35760
35772
35782
35794
35799
35815
35828
35871
35876
35877
35894
35906
35932
35988
35994
35996
35998
36022
36047
36074
36087
36088
36092
36095
36098
36111
36119
36125
36132
36162
36183
36201
36202
36217
36226
36236
36242
36280
36283
36285
36296
36307
36311
36428
36439
36440
36446
36448
36509
36511
36523
36534
36537
36569
36570
36572
36575
36576
36579
36581
36630
36641
36642
36643
36644
36648
36756
36859
36871
36890
36907
36918
36948
36949
36966
36971
37207
37220
37265
37293
37311
37320
37346
37349
37355
37361
37390
37392
37417
37446
37553
37591
37616
37619
37813
37888
37929
37949
37951
37953
37959
37963
38130
38144
38145
38164
38203
38217
38218
38219
38222
38223
38236
38244
38245
38250
38253
38256
38259
38260
38261
38262
38263
38309
38310
38314
38336
38338
38371
38405
38417
38418
38514
38539
38583
38611
38730
38755
39054
39075
40168
40523
40629
40630
40737
40742
41183
41199
41203
41207
41208
41209
41271
41475
41699
41736
41840
41843
41847
41970
41985
41986
42038
42164
42185
42235
42380
42381
42632
42680
42914
42932
42993
43101
43118
43171
43174
43247
43305
43324
43325
43326
43390
43505
43679
43729
43730
43761
43824
43826
43829
43930
43952
43963
43969
44051
44058
44059
44076
44137
44143
44153
44157
44160
44168
44170
44175
44181
44184
44186
44206
44229
44234
44429
44457
44479
44503
44542
44564
44567
44582
44608
44612
44625
44655
44656
44719
44850
44851
44852
44857
44858
44859
44861
44872
44878
44879
44883
44960
45032
45084
45116
45128
45179
45246
45247
45308
45309
45324
45337
45338
45340
45341
45343
45344
45382
45397
45398
45414
45429
45446
45454
45461
45509
45573
45593
45620
45624
45627
45661
45687
45693
45697
45849
45857
45864
45873
45883
45896
45945
45954
45981
45983
46093
46094
46097
46106
46118
46129
46140
46166
46186
46188
46190
46217
46224
46225
46259
46266
46282
46283
46286
46291
46292
46298
46299
46323
46343
46360
46372
46376
46378
46420
46423
46424
46425
46426
46427
46430
46431
46433
46435
46438
46442
46443
46447
46451
46490
46511
46515
46517
46518
46530
46531
46536
46537
46545
46556
46571
46588
46594
46601
46603
46604
46618
46619
46621
46622
46623
46624
46625
46632
46636
46639
46658
46687
46695
46704
46716
46717
46750
46765
46766
46770
46771
46772
46773
46774
46783
46784
46788
46804
46805
46806
46807
46878
46892
46894
46896
46898
46900
46902
46905
46919
46970
46993
47005
47035
47260
47271
47279
47287
47342
47350
47370
47374
47377
47378
47395
47415
47469
47483
47519
47548
47567
47615
47624
47625
47663
47673
47674
47753
47754
47762
47763
47817
47891
47971
48047
48097
48125
48130
48131
48160
48174
48188
48194
48211
48212
48213
48216
48222
48227
48229
48233
48243
48244
48245
48264
48268
48274
48275
48303
48311
48360
48390
48394
48404
48565
48613
48615
48626
48627
48645
48646
48652
48659
48662
48730
48765
48782
48813
48815
48864
48865
48881
48912
48930
48940
48961
48962
48964
48965
48971
48990
49029
49030
49034
49039
49050
49051
49105
49106
49130
49136
49141
49142
49155
49157
49197
49361
49519
49592
49602
49611
49620
49651
49677
49680
49681
49682
49683
49877
49892
49895
49917
50085
50090
50096
50101
50105
50109
50115
50119
50124
50137
50159
50173
50174
50187
50190
50298
50299
50327
50332
50340
50345
50351
50361
50412
50413
50468
50469
50538
50560
50573
50654
50663
50668
50683
50709
50712
50748
50754
50757
50776
50811
50938
50943
50948
50961
51183
51184
51187
51219
51245
51266
51268
51269
51297
51298
51299
51300
51349
51382
51389
51397
51445
51508
51510
51519
51520
51521
51522
51525
51532
51542
51543
51546
51549
51566
51568
51570
51578
51579
51580
51605
51760
51776
51777
51845
51847
51856
51867
51884
51904
51924
51961
51975
51976
51987
51996
52001
52022
52033
52035
52058
52059
52060
52061
52097
52100
52101
52102
52104
52105
52107
52110
52111
52113
52116
52119
52126
52128
52166
52167
52175
52214
52216
52218
52219
52220
52221
52222
52224
52225
52228
52230
52231
52233
52235
52239
52242
52245
52248
52250
52252
52254
52257
52259
52261
52263
52265
52267
52269
52270
52272
52274
52275
52277
52301
52302
52315
52316
52317
52325
52326
52329
52330
52332
52333
52378
52379
52386
52388
52393
52397
52442
52507
52537
52540
52543
52546
52554
52563
52573
52579
52585
52591
52598
52611
52640
52641
52652
52657
52659
52749
52771
52787
53046
53095
53145
53148
53182
53218
53220
53223
53225
53227
53228
53240
53257
53298
53299
53302
53340
53434
53441
53449
53450
53451
53452
53455
53456
53586
53589
53590
53591
53637
53715
53728
53758
53771
53810
53815
53867
53877
53879
53880
53882
53884
53892
53899
53901
53903
53926
54046
54116
54189
54195
54220
54288
54289
54296
54304
54498
54503
54504
54507
54513
54551
54577
54597
54598
54628
54642
54668
54669
54691
54702
54706
57920
58126
58127
58297
58308
58310
58329
58365
58370
58371
58425
58455
58456
58457
58466
58467
58470
58471
58475
58513
58516
58519
58520
58521
58522
58529
58550
58558
58563
58567
58575
58594
58597
58703
58706
58709
58712
58731
58791
58820
58821
58822
58823
58824
58888
59121
59148
59181
59182
59194
59195
59214
59219
59228
59233
59270
59281
59323
59327
59332
59333
59340
59341
59342
59352
59359
59360
59366
59373
59387
59400
59407
59410
59420
59429
59430
59443
59453
59464
59465
59475
59477
59480
59526
59548
59553
59554
59572
59577
59578
59582
59584
59585
59595
59609
59612
59615
59621
59622
59643
59645
59647
59648
59649
59650
59666
59672
59676
59680
59710
59754
59755
59818
59827
59845
59885
59929
59931
59932
59935
59936
59950
59951
59952
59953
59956
59960
59964
59965
60010
60011
60012
60043
60044
60045
60102
60127
60172
60197
60198
60204
60223
60250
60251
60268
60269
60270
60272
60275
60319
60321
60322
60330
60334
60338
60342
60344
60346
60357
60361
60363
60370
60374
60381
60382
60383
60448
60450
60451
60489
60490
60498
60510
60511
60544
60548
60549
60555
60560
60561
60580
60608
60611
60612
60619
60621
60632
60671
60684
60685
60687
60688
60689
60690
60691
60695
60701
60702
60703
60704
60705
60706
60709
60711
60714
60717
60722
60727
60730
60738
60739
60743
60748
60762
60804
60805
60826
60922
60925
60928
60930
60932
60941
60942
60944
60946
60948
60950
60952
60955
60956
60957
60962
60967
60968
60970
60974
60980
60982
60989
61005
61017
61019
61020
61039
61040
61044
61045
61070
61085
61103
61108
61109
61172
61173
61187
61195
61206
61226
61237
61238
61239
61243
61244
61245
61246
61247
61269
61275
61297
61300
61322
61327
61330
61334
61338
61343
61353
61354
61359
61363
61371
61374
61380
61396
61414
61421
61456
61468
61473
61474
61479
61487
61489
61491
61545
61555
61556
61557
61578
61579
61584
61585
61587
61588
61589
61590
61591
61592
61593
61596
61605
61635
61637
61641
61644
61650
61667
61838
61843
61879
61888
61905
61906
61907
61914
61933
61934
61935
61936
61940
61950
61954
61956
61961
61962
61967
61969
61975
61979
61980
61988
61989
61990
61994
61997
62002
62007
62012
62023
62024
62025
62051
62066
62069
62072
62077
62078
62086
62090
62091
62092
62113
62146
62171
62172
62182
62189
62198
62199
62201
62204
62207
62208
62209
62210
62215
62224
62225
62229
62230
62232
62278
62281
62287
62290
62291
62323
62352
62385
62386
62387
62390
62392
62406
62407
62412
62413
62422
62431
62434
62435
62447
62448
62449
62452
62456
62457
62458
62482
62483
62495
62506
62531
62548
62550
62551
62575
62580
62585
62602
62603
62619
62620
62623
62627
62640
62641
62645
62646
62648
62658
62660
62757
62760
62763
62766
62775
62778
62780
62783
62787
62788
62789
62801
62830
62838
62841
62845
62851
62873
62886
62887
62899
62900
62901
62905
62959
62986
63020
63021
63022
63023
63048
63058
63059
63060
63063
63096
63097
63123
63135
63147
63151
63152
63155
63159
63164
63168
63174
63175
63180
63183
63184
63235
63245
63252
63261
63291
63292
63298
63302
63303
63306
63325
63326
63327
63330
63342
63372
63373
63375
63379
63394
63395
63444
63471
63472
63482
63483
63505
63506
63507
63511
63517
63518
63519
63524
63541
63567
63574
63575
63589
63593
63598
63602
63603
63604
63621
63624
63631
63649
63650
63653
63670
63674
63678
63679
63680
63687
63688
63689
63705
63708
63749
63750
63765
63774
63783
63784
63785
63788
63797
63805
63809
63810
63822
63823
63824
63828
63841
63895
63898
63911
63929
63996
63997
64012
64015
64016
64017
64018
64024
64034
64035
64036
64041
64045
64049
64055
64063
64064
64075
64080
64138
64163
64168
64169
64206
64207
64208
64209
64223
64224
64292
64407
64414
64416
64420
64422
64429
64430
64444
64453
64501
64505
64506
64508
64509
64530
64538
64547
64551
64559
64571
64578
64579
64588
64605
64608
64621
64622
64650
64659
64660
64666
64670
64674
64723
64744
64745
64808
64809
64822
64824
64830
64834
64875
64876
64877
64884
64885
64886
64887
64903
64904
64905
64907
64909
64910
64912
64919
64923
64927
64933
64934
64943
64945
64964
64965
64973
64978
64986
64987
64994
64995
65002
65003
65018
65019
65039
65042
65062
65076
65077
65084
65096
65097
65106
65107
65108
65113
65141
65145
65147
65148
65149
65150
65154
65158
65160
65162
65163
65164
65169
65170
65172
65173
65177
65180
65184
65205
65210
65212
65219
65265
65293
65310
65312
65322
65325
65329
65334
65338
65339
65341
65343
65355
65359
65361
65363
65368
65379
65380
65381
65382
65383
65385
65392
65396
65397
65406
65410
65423
65431
65443
65449
65451
65463
65467
65468
65475
65476
65481
65489
65493
65497
65498
65513
65514
65533
65534
65540
65550
65571
65572
65575
65577
65581
65588
65589
65596
65598
65600
65615
65618
65622
65625
65633
65634
65635
65636
65638
65641
65643
65656
65658
65674
65693
65696
65700
65703
65710
65732
65733
65735
65737
65745
65747
65749
65756
65757
65759
65764
65851
65867
65868
65870
65872
65888
65914
65946
65947
65951
65953
65957
66011
66012
66042
66043
66044
66045
66049
66057
66078
66079
66081
66082
66085
66086
66089
66091
66093
66094
66095
66096
66104
66161
66163
66165
66172
66174
66175
66177
66178
66180
66181
66183
66184
66194
66200
66206
66209
66210
66214
66217
66219
66221
66225
66227
66231
66232
66233
66235
66238
66239
66248
66297
66307
66321
66342
66346
66357
66372
66393
66394
66396
66425
66445
66527
66529
66532
66535
66536
66549
66562
66565
66569
66574
66584
66588
66594
66602
66608
66613
66617
66621
66622
66625
66627
66629
66638
66639
66643
66690
66693
66695
66696
66700
66708
66772
66778
66787
66792
66793
66794
66801
66854
66872
66910
66913
66918
66920
66924
67086
67099
67100
67102
67134
67211
67231
67233
67243
67246
67248
67266
67273
67380
67425
67427
67439
67464
67491
67501
67504
67507
67526
67576
67602
67606
67696
67697
67759
67765
67809
67811
67826
67834
67902
67903
67933
67938
67947
67976
68031
68044
68062
68063
68085
68091
68219
68220
68234
68239
68273
68274
68365
68367
68422
68431
68433
68445
68466
68479
68494
68495
68511
68524
68533
68542
68549
68581
68702
68707
68723
68735
68739
68763
68771
68780
68924
68932
68952
69054
69062
69090
69095
69096
69122
69123
69132
69138
69146
69157
69158
69200
69201
69242
69252
69262
69263
69267
69269
69271
69272
69420
69525
69526
69567
69570
69573
69575
69676
69678
69679
69682
69686
69695
69699
69701
69719
69750
69760
69761
69769
69774
69777
69781
69782
69783
69806
69811
69813
69835
69838
69854
69855
69871
69876
69904
69909
69910
69912
69965
69972
69976
69998
70001
70006
70007
70015
70017
70027
70066
70067
70071
70072
70074
70075
70077
70078
70099
70102
70103
70104
70107
70123
70124
70143
70150
70152
70173
70240
70241
70436
70458
70481
70495
70499
70512
70540
70557
70562
70580
70589
70600
70601
70602
70609
70704
70725
70727
70748
70787
70826
70827
70832
70845
70862
70863
70989
70992
71108
71109
71112
71113
71119
71149
71152
71177
71225
71263
71338
71360
71470
71494
71498
71524
71530
71580
71585
71587
71589
71594
71595
71610
71622
71623
71624
71625
71626
71627
71629
71631
71634
71638
71643
71654
71657
71664
71671
71673
71674
71681
71689
71695
71712
71733
71849
71851
71864
71996
71999
72051
72053
72055
72056
72058
72059
72060
72061
72064
72065
72068
72069
72088
72127
72129
72130
72131
72132
72135
72136
72180
72181
72183
72185
72191
72194
72197
72244
72248
72254
72256
72264
72266
72267
72335
72372
72428
72430
72432
72434
72436
72438
72445
72481
72484
72497
72526
72527
72547
72555
72644
72646
72661
72678
72683
72684
72687
72704
72709
72725
72765
72766
72784
72789
72802
72903
72906
72909
72910
72911
72912
72913
72914
72917
72918
72920
72921
72930
72931
72986
72989
73011
73018
73050
73061
73092
73093
73112
73119
73152
73157
73162
73166
73169
73180
73253
73272
73283
73323
73354
73414
73421
73459
73460
73471
73522
73539
73540
73578
73579
73581
73589
73625
73705
73706
73809
73813
73821
73949
74112
74113
74114
74115
74116
74117
74141
74146
74162
74171
74178
74182
74197
74198
74199
74200
74201
74202
74203
74204
74205
74206
74207
74208
74209
74210
74211
74212
74216
74223
74224
74234
74244
74251
74258
74271
74272
74274
74280
74289
74295
74297
74304
74315
74323
74335
74336
74337
74345
74374
74383
74384
74388
74389
74391
74392
74393
74398
74399
74408
74428
74440
74441
74444
74450
74452
74463
74478
74487
74493
74503
74524
74527
74546
74556
74557
74578
74579
74588
74590
74593
74594
74595
74596
74597
74615
74618
74625
74643
74655
74668
74672
74676
74682
74721
74742
74808
74813
74814
74815
74816
74817
74818
74829
74845
74849
74855
74868
74878
74888
74915
74916
74917
74926
74927
74954
74960
74969
75002
75020
75033
75065
75076
75103
75105
75121
75160
75306
75323
75324
75328
75329
75343
75344
75368
75395
75405
75406
75407
75408
75410
75417
75426
75469
75472
75474
75491
75516
75527
75620
75717
75718
75729
75737
75749
75754
75767
75772
75773
75774
75783
75786
75790
75808
75809
75833
75840
75851
75863
75918
75972
75985
76002
76009
76022
76026
76027
76028
76054
76061
76070
76075
76083
76090
76107
76203
76250
76252
76254
76257
76264
76345
76348
76349
76373
76378
76412
76418
76424
76425
76433
76434
76439
76479
76487
76493
76494
76497
76499
76502
76516
76519
76523
76533
76534
76541
76544
76551
76584
76589
76595
76596
76599
76603
76606
76645
76648
76654
76656
76657
76662
76668
76684
76699
76700
76706
76709
76714
76722
76726
76727
76731
76763
76779
76787
76800
76802
76804
76805
76825
76827
76864
76866
76868
76902
76906
76907
76909
76939
76941
76961
76962
76990
76993
76994
77006
77007
77009
77011
77012
77023
77026
77053
77063
77072
77091
77116
77119
77131
77134
77172
77188
77190
77193
77223
77228
77229
77257
77283
77286
77314
77316
77341
77342
77345
77350
77352
77357
77359
77365
77368
77370
77371
77373
77380
77383
77384
77386
77404
77409
77446
77447
77448
77451
77454
77455
77456
77457
77458
77459
77460
77464
77469
77475
77484
77489
77518
77519
77524
77545
77550
77561
77562
77565
77566
77569
77570
77572
77581
77582
77586
77594
77597
77599
77603
77604
77606
77613
77614
77615
77626
77628
77655
77656
77658
77659
77661
77662
77664
77665
77667
77677
77679
77701
77705
77709
77723
77724
77725
77730
77731
77782
77793
77797
77799
77801
77803
77805
77808
77810
77821
77823
77824
77825
77836
77851
77863
77864
77866
77871
77875
77892
77893
77896
77904
77916
77933
77995
77997
77999
78010
78027
78028
78029
78043
78050
78053
78066
78072
78073
78082
78083
78092
78094
78104
78108
78109
78110
78111
78113
78114
78116
78123
78125
78129
78133
78134
78139
78144
78148
78152
78154
78155
78156
78179
78207
78220
78221
78222
78223
78225
78255
78290
78294
78295
78298
78336
78337
78435
78438
78440
78444
78445
78457
78458
78463
78472
78478
78485
78489
78523
78550
78562
78572
78579
78580
78640
78641
78696
78816
78817
78821
78831
78841
78843
78846
78848
78854
78855
78865
78866
78881
78924
78941
78943
78944
78962
79011
79018
79034
79040
79044
79045
79046
79051
79052
79053
79054
79056
79059
79064
79065
79066
79067
79068
79080
79081
79091
79106
79111
79169
79214
79237
79238
79239
79263
79288
79290
79296
79298
79300
79301
79364
79370
79381
79389
79392
79394
79402
79427
79441
79452
79453
79454
79462
79463
79464
79465
79477
79482
79526
79528
79529
79535
79536
79537
79543
79550
79569
79597
79622
79623
79626
79631
79633
79641
79645
79646
79659
79667
79669
79675
79680
79686
79694
79696
79705
79708
79711
79718
79770
79771
79785
79798
79807
79821
79873
79876
79880
79882
79895
79897
79905
79908
79911
79919
79929
79933
79964
79972
79976
79983
79984
79991
79996
80000
80039
80041
80042
80043
80044
80045
80047
80052
80056
80062
80067
80071
80113
80202
80203
80215
80240
80274
80311
80345
80365
80366
80367
80388
80389
80413
80414
80430
80431
80432
80434
80441
80442
80446
80455
80456
80473
80483
80570
80571
80633
80636
80670
80682
80689
80706
80756
80772
80834
80835
80836
80837
80838
80839
80840
80843
80848
80854
80858
80865
80873
80904
80944
80946
80967
80977
80979
80982
80987
80988
81075
81076
81077
81114
81190
81192
81198
81200
81210
81260
81263
81271
81273
81274
81287
81307
81310
81341
81356
81361
81366
81371
81386
81390
81399
81401
81402
81406
81408
81414
81426
81427
81429
81436
81442
81447
81451
81462
81475
81480
81486
81493
81498
81502
81506
81521
81527
81534
81656
81657
81738
81741
81786
81788
81972
81973
82050
82084
82342
82362
82363
82368
82489
82492
82493
82582
82592
82593
82594
82595
82604
82607
82747
82753
82778
82779
82789
82797
82806
82807
82808
82809
83054
83055
83062
83064
83078
83084
83093
83094
83131
83134
83142
83146
83149
83150
83377
83409
83421
83426
83482
83486
83489
83501
83503
83520
83534
83588
83590
83592
83601
83648
83655
83699
83713
83719
83780
84075
84076
84159
84160
84161
84162
84186
84199
84265
84279
84307
84321
84331
84333
84367
84375
84433
84438
84443
84447
84515
84519
84522
84534
84543
84547
84549
84558
84563
84569
84609
84613
84619
84620
84624
84629
84632
84633
84636
84638
84641
84642
84647
84649
84662
84728
84823
84827
84832
84880
84898
84899
84902
84903
84905
84949
84962
84969
84970
84982
84998
85020
85022
85023
85035
85047
85052
85087
85101
85103
85104
85105
85106
85146
85157
85159
85164
85229
85231
85232
85268
85280
85281
85283
85315
85339
85351
85352
85353
85369
85370
85424
85438
85460
85470
85479
85521
85527
85532
85551
85556
85598
85638
85689
85699
85704
85705
85706
85714
85715
85724
85808
85816
85818
85855
85870
85879
85882
85884
85888
85898
85903
85904
85968
85993
86006
86008
86013
86039
86040
86041
86056
86060
86068
86099
86106
86107
86112
86113
86130
86133
86141
86149
86158
86160
86161
86162
86166
86167
86183
86187
86201
86225
86233
86235
86248
86250
86251
86254
86256
86291
86292
86293
86310
86352
86355
86358
86359
86374
86376
86380
86437
86449
86469
86476
86519
86536
86561
86566
86567
86568
86569
86583
86586
86587
86634
86635
86640
86644
86660
86667
86677
86685
86714
86717
86720
86723
86734
86736
86743
86749
86784
86803
86814
86817
86824
86833
86835
86842
86856
86887
87057
87058
87139
87158
87162
87163
87190
87195
87209
87214
87246
87249
87252
87259
87272
87273
87294
87345
87346
87361
87369
87370
87380
87381
87383
87384
87388
87391
87404
87409
87423
87457
87465
87485
87500
87533
87595
87602
87676
87684
87711
87714
87730
87737
87751
87758
87852
87858
87948
88053
88075
88176
88186
88203
88206
88220
88222
88251
88252
88280
88285
88314
88411
88416
88531
88579
88582
88601
88603
88632
88659
88660
88687
88722
88723
88957
88958
88959
88960
89019
89023
89049
89052
89056
89062
89160
89163
89165
89189
89279
89284
89291
89401
89420
89623
89628
89638
89665
89687
89724
89782
89784
89789
89791
89793
89795
89797
89798
89802
89826
89827
89850
89852
89877
89880
89881
89886
89904
89944
89947
89948
89950
89951
89953
89970
89972
90003
90004
90005
90039
90044
90049
90080
90088
90089
90094
90095
90124
90126
90127
90130
90131
90133
90134
90136
90138
90140
90142
90144
90145
90147
90148
90151
90153
90155
90157
90159
90212
90223
90230
90240
90243
90251
90260
90262
90269
90270
90287
90292
90294
90297
90301
90306
90331
90352
90354
90356
90383
90386
90393
90397
90403
90432
90442
90447
90455
90462
90473
90476
90479
90482
90488
90493
90514
90527
90565
90568
90575
90583
90585
90592
90636
90650
90657
90660
90663
90671
90674
90679
90686
90786
90789
90896
90934
90937
91019
91064
91145
91187
91189
91192
91201
91208
91214
91218
91227
91229
91238
91247
91289
91298
91311
91314
91325
91348
91366
91379
91387
91399
91414
91417
91425
91427
91462
91467
91475
91481
91482
91503
91609
91612
91615
91621
91625
91632
91705
91709
91712
91723
91727
91729
91758
91761
91771
91776
91804
91807
91812
91819
91862
91870
91881
91884
91885
91886
91887
91888
91903
91910
91915
91923
91924
91926
91927
91928
91929
91950
91957
91964
91969
91975
91981
92015
92018
92025
92029
92031
92040
92053
92065
92121
92240
92276
92278
92280
92282
92286
92287
92288
92290
92291
92293
92295
92297
92302
92307
92311
92333
92335
92336
92338
92339
92341
92342
92344
92345
92347
92348
92355
92358
92364
92403
92406
92411
92414
92421
92474
92486
92495
92621
92629
92634
92650
92651
92667
92668
92676
92677
92679
92776
92780
92789
92791
92796
92814
92851
92859
92861
92889
92973
92974
92975
93025
93028
93039
93296
93331
93403
93419
93422
93448
93457
93486
93493
93497
93559
93563
93590
93591
93606
93722
94022
94023
94027
94030
94031
94032
94033
94034
94035
94095
94100
94107
94116
94121
94129
94134
94140
94250
94256
94257
94290
94293
94294
94326
94353
94376
94403
94407
94410
94445
94478
94489
94495
94498
94556
94569
94578
94579
94642
94691
94693
94757
94804
94809
94868
94885
94886
94887
94888
94891
94908
94915
94930
94954
94955
94960
94971
94974
94981
94986
94989
95003
95066
95147
95148
95149
95150
95151
95152
95163
95168
95173
95179
95183
95211
95278
95279
95280
95281
95356
95401
95438
95443
95445
95449
95451
95465
95479
95500
95511
95548
95551
95563
95686
95696
95705
95708
95713
95714
95715
95716
95725
95735
95741
95742
95749
95758
95764
95765
95766
95774
95789
95796
95801
95830
95843
95864
95870
95879
95883
95949
95966
95973
96056
96100
96106
96110
96118
96124
96127
96128
96132
96141
96145
96157
96166
96177
96182
96183
96190
96193
96212
96218
96220
96235
96248
96257
96263
96281
96291
96301
96306
96314
96321
96322
96330
96339
96447
96448
96466
96469
96472
96505
96625
96697
96712
96727
96728
96729
96730
96742
96757
96781
96794
96812
96819
96820
96907
96908
96910
96911
96913
96914
96933
96938
96939
96940
96960
96961
96972
96977
96984
96992
97000
97038
97048
97069
97074
97094
97115
97399
97519
97588
97639
97643
97650
97813
97819
97824
97834
97839
97840
97862
97864
97964
97968
98026
98105
98107
98155
98413
98630
98653
98659
98671
98737
98738
98739
98740
98779
98780
98782
98838
98844
98854
98871
98949
98982
98983
98984
98985
98990
99007
99043
99050
99054
99083
99086
99088
99089
99109
99135
99142
99149
99159
99160
99161
99166
99175
99179
99224
99227
99247
99248
99250
99256
99263
99269
99280
99298
99305
99314
99346
99347
99349
99361
99364
99366
99381
99385
99403
99421
99437
99443
99450
99469
99495
99499
99505
99512
99519
99526
99531
99557
99579
99582
99584
99589
99605
99622
99636
99665
99670
99712
99713
99714
99715
99729
99791
99875
99876
99881
99885
99922
99923
99941
101089
101095
101096
101131
101148
101190
101341
101342
101343
101346
101348
101349
101351
101352
101370
101371
101372
101374
101375
101376
101382
101383
101482
101483
101591
101594
101839
101863
101893
102352
102415
102418
102538
102592
102649
102722
102747
103116
103119
103134
103311
103315
103316
103334
103335
103336
103350
103351
103352
103384
103394
103400
103401
103403
103404
104717
104977
105233
105270
105271
105272
105290
105496
105504
105505
105508
105537
105549
105592
105595
105597
105598
105600
105601
105602
105603
105903
105925
106139
106279
106303
106304
106309
106317
106338
106343
106529
106531
106534
106535
106536
106540
106541
106542
106543
106544
106545
106546
106547
106548
106549
106550
106551
106552
106554
106556
106557
106562
106570
106572
106573
106574
106607
106608
106609
106610
106611
106612
106613
106614
106615
106616
106617
106618
106628
106632
106633
106634
106635
106734
106766
106767
106768
106771
106772
106778
106779
106794
106795
106796
106799
106803
106810
106815
106825
106826
106831
106832
106897
106922
106931
106966
106973
106980
106987
107021
107210
107254
107255
107256
107257
107272
107297
107403
107413
107418
107433
107435
107445
107450
107463
107466
107510
107513
107515
107523
107524
107556
107557
107568
107591
107600
107603
107640
107641
107642
107647
107648
107663
107668
107669
107672
107678
107681
107685
107852
107929
108021
108023
108024
108025
108033
108037
108045
108048
108049
108054
108056
108057
108061
108066
108123
108124
108134
108135
108143
108171
108194
108201
108208
108220
108259
108407
108449
108465
108467
108499
108513
108516
108519
108522
108526
108529
108532
108540
108560
108569
108572
108579
108580
108584
108587
108588
108590
108591
108592
108594
108595
108598
108600
108603
108607
108610
108611
108613
108625
108628
108630
108637
108644
108656
108682
108685
108688
108696
108698
108730
108788
108789
108794
108799
108810
108816
108819
108854
108856
108858
108860
108867
108881
108886
108895
108912
108963
108964
108971
108972
108973
108998
109020
109067
109081
109086
109089
109092
109095
109098
109104
109105
109109
109110
109114
109115
109119
109120
109122
109124
109126
109129
109147
109335
109360
109361
109438
109453
109503
109532
109533
109548
109549
109550
109604
109621
109622
109625
109626
109627
109629
109642
109647
109648
109691
109692
109702
109703
109731
109735
109736
109746
109747
109749
109750
109752
109753
109755
109801
109819
109857
109917
109950
110054
110090
110105
110198
110249
110282
110410
110430
110432
110572
111032
111086
111103
111105
111233
111254
111315
111337
111338
111355
111361
111362
111363
111549
111844
111961
111988
112061
112075
112077
112078
112102
112112
112114
112206
112211
112213
112215
112220
112226
112233
112240
112384
112473
112720
112798
112823
112876
112889
113023
113055
113056
113269
113291
113295
113322
113356
113484
113490
113547
113578
113585
113593
113597
113598
113628
113634
113635
113636
113667
113704
113729
113748
113760
113780
113812
113813
113815
113816
113823
113829
113867
113868
113870
113871
113878
113883
113891
113895
113917
113922
113924
113925
113974
113983
113984
113988
113989
114002
114012
114017
114037
114038
114040
114041
114043
114044
114051
114056
114065
114066
114203
114268
114291
114292
114296
114297
114299
114300
114302
114303
114347
114425
114438
114439
114442
114448
114449
114451
114452
114454
114455
114521
114541
114546
114556
114561
114562
114564
114565
114595
114596
114597
114599
114600
114606
114614
114615
114616
114640
114684
114689
114697
114701
114718
114724
114725
114749
114776
114778
114795
114802
114855
114857
114909
114910
114980
114981
114983
114984
114986
114987
115024
115034
115035
115079
115167
115272
115297
115298
115332
115338
115374
115383
115384
115385
115396
115398
115408
115422
115423
115424
115464
115465
115476
115477
115481
115483
115489
115491
115492
115493
115510
115637
115638
115654
115706
115715
115735
115783
115784
115827
115828
116050
116237
116238
116243
116315
116316
116406
116408
116409
116410
116419
116467
116468
116560
116660
116688
116721
116759
116778
116989
116990
117167
117173
117174
117183
117184
117228
117229
117230
117231
117239
117259
117261
117267
117337
117357
117380
117386
117426
117427
117429
117430
117432
117433
117435
117436
117446
117456
117459
117473
117477
117860
117882
117886
117891
117892
117893
117931
117961
117962
117963
117968
118012
118013
118017
118018
118025
118026
118031
118032
118053
118055
118060
118061
118067
118069
118075
118076
118080
118082
118086
118087
118091
118093
118098
118100
118106
118111
118167
118181
118186
118189
118194
118196
118220
118234
118236
118251
118282
118324
118352
118358
118361
118546
118548
118649
118650
118801
118852
118862
118863
118870
118873
118874
118906
118908
118911
118912
118913
118965
119017
119278
119279
119306
119322
119323
119446
119449
119456
119457
119461
119498
119506
119509
119510
119511
119512
119514
119530
119548
119565
119566
119568
119570
119578
119586
119590
119654
119655
119754
119755
119757
119758
119760
119761
119870
119874
119878
119883
119902
119915
119916
119917
119918
119948
120161
120162
120178
120179
120219
120220
120223
120224
120227
120234
120239
120276
120277
120281
120327
120328
120329
120380
120394
120419
120420
120711
120712
120721
120789
120790
121035
121036
121063
121064
121066
121067
121069
121071
121072
121092
121093
121095
121096
121098
121099
121119
121120
121122
121123
121125
121126
121128
121129
121144
121245
121246
121377
121459
121460
121524
121525
121533
121535
121536
121550
121551
121553
121554
121556
121557
121565
121630
121631
121638
121645
121681
121684
121685
121689
121691
121831
121832
121834
121835
121837
121838
121867
121868
121952
121953
121954
121967
121984
122041
122045
122048
122070
122122
122124
122185
122186
122195
122263
122268
122315
122358
122364
122370
122382
122384
122387
122389
122400
122406
122466
122488
122499
122521
122525
122528
122534
122535
122540
122541
122542
122555
122558
122565
122575
122579
122587
122588
122592
122609
122610
122639
122642
122654
122736
122738
122741
122774
122813
122850
122857
122882
122883
122887
122929
122943
122944
122982
122983
122990
123059
123069
123070
123132
123155
123284
123296
123299
123329
123330
123331
123332
123336
123356
123429
123440
123448
123531
123532
123533
123534
123556
123557
123561
123584
123585
123614
123622
123623
123625
123626
123629
123633
123634
123660
123673
123719
123742
123801
123807
123812
123827
123843
123844
123848
123867
123909
124053
124117
124123
124129
124132
124186
124187
124191
124192
124196
124197
124200
124231
124441
124442
124444
124448
124450
124451
124472
124473
124475
124476
124477
124511
124570
124608
124622
124667
124680
124681
124682
124697
124702
124714
124719
124732
124752
124759
124831
124867
124872
124891
124954
124970
124973
124976
125004
125019
125156
125176
125191
125325
125326
125341
125347
125367
125418
125484
125519
125522
125527
125529
125542
125623
125624
125626
125633
125635
125636
125641
125642
125643
125660
125662
125711
125748
125838
125840
125873
125874
125880
125881
125889
125913
125915
125917
125959
125967
125978
126102
126103
126135
126147
126154
126162
126169
126191
126201
126203
126209
126211
126212
126232
126244
126282
126327
126376
126390
126425
126428
126433
126450
126475
126480
126481
126489
126505
126519
126522
126529
126636
126649
126668
126683
126684
126743
126753
126777
126779
126814
126817
126819
126918
126938
126942
126975
127014
127026
127031
127032
127060
127079
127099
127149
127158
127174
127175
127179
127182
127194
127210
127231
127232
127240
127246
127315
127432
127451
127465
127475
127477
127480
127516
127527
127573
127587
127589
127596
127599
127726
127741
127742
127743
127745
127793
127818
127847
127871
127888
127927
128014
128018
128035
128060
128071
128079
128121
128122
128127
128164
128183
128237
128272
128300
128302
128309
128374
128391
128410
128423
128438
128468
128665
128667
128706
128731
128778
128781
128796
128802
128816
128821
128891
128953
128954
128959
128988
128993
128995
129003
129007
129018
129020
129095
129135
129141
129152
129155
129159
129166
129255
129851
129854
129857
129858
129925
129977
130014
130017
130018
130021
130116
130156
130159
130189
130195
130198
130218
130308
130466
130467
130468
130469
130470
130484
130487
130488
130489
130491
130500
130501
130673
130674
130675
130682
130683
130698
130700
130703
130707
130708
130711
130715
130780
130788
130792
130797
130801
130803
130806
130821
130822
130823
130824
130825
130873
131096
131099
131100
131104
131108
131122
131125
131137
131164
131177
131179
131186
131206
131207
131228
131230
131235
131241
131242
131244
131245
131247
131250
131253
131256
131259
131277
131284
131288
131291
131322
131330
131366
131511
131635
131637
131639
131651
131652
131666
131676
131680
131826
131835
131841
131879
131885
131887
131889
131952
131956
131979
132063
132067
132106
132108
132153
132157
132160
132161
132162
132163
132165
132174
132176
132185
132188
132193
132197
132198
132199
132203
132206
132209
132226
132227
132228
132229
132230
132233
132236
132295
132306
132326
132333
132334
132336
132338
132339
132349
132378
132381
132391
132394
132402
132423
132429
132431
132434
132437
132440
132443
132444
132468
132474
132475
132492
132497
132512
132523
132524
132529
132535
132542
132549
132611
132622
132624
132629
132636
132637
132639
132661
132669
132691
132697
132731
132875
132878
132881
132939
132940
132954
132955
133012
133018
133024
133029
133040
133056
133058
133067
133070
133078
133097
133099
133108
133137
133174
133176
133183
133195
133211
133215
133222
133239
133242
133248
133256
133259
133262
133279
133283
133288
133321
133327
133338
133339
133340
133342
133346
133350
133351
133356
133360
133373
133395
133398
133402
133404
133411
133415
133421
133424
133425
133436
133464
133475
133477
133479
133486
133489
133494
133499
133505
133511
133513
133532
133533
133545
133554
133555
133564
133568
133572
133573
133583
133590
133601
133604
133605
133606
133607
133610
133612
133630
133631
133648
133655
133663
133684
133688
133698
133701
133704
133706
133707
133708
133710
133711
133715
133720
133831
133832
133834
133835
133836
133837
133841
133868
133871
133900
133937
133940
133943
133946
133949
133962
133970
133974
133984
133986
133987
133998
134004
134005
134006
134018
134023
134045
134046
134047
134054
134058
134060
134061
134062
134063
134064
134077
134081
134086
134092
134099
134108
134135
134146
134166
134169
134170
134176
134177
134178
134181
134194
134247
134249
134250
134251
134264
134266
134267
134287
134289
134351
134355
134402
134535
134536
134594
134597
134599
134646
134744
134747
134761
134762
134767
134778
134779
134793
134814
134866
134867
134885
134910
134912
134913
134914
134919
134933
135173
135183
135197
135198
135213
135215
135216
135219
135224
135259
135260
135345
135346
135354
135355
135356
135357
135362
135368
135373
135375
135377
135381
135414
135495
135553
135580
135639
135640
135641
135642
135643
135644
135645
135646
135648
135653
135659
135662
135667
135671
135675
135676
135703
135717
135725
135729
135744
135745
135746
135747
135748
135749
135751
135756
135757
135761
135769
135776
135778
135788
135792
135804
135806
135850
135871
135874
135957
136203
136206
136210
136213
136229
136236
136524
136528
136535
136610
136611
136776
136872
136973
137028
137029
137100
137162
137170
137172
137187
137191
137205
137208
137212
137227
137228
137235
137236
137241
137242
137251
137263
137269
137275
137277
137288
137297
137303
137313
137371
137470
137471
137552
137609
137619
137622
137627
137629
137636
137640
137641
137642
137643
137694
137699
137704
137709
137711
137714
137717
137723
137736
137771
137815
137882
137892
137895
137896
137897
137899
137901
137906
137923
137928
137933
137939
137942
137946
138009
138012
138015
138018
138023
138029
138032
138039
138045
138051
138057
138066
138070
138089
138092
138104
138105
138121
138125
138178
138266
138267
138268
138273
138277
138278
138279
138280
138281
138284
138285
138289
138295
138296
138297
138299
138300
138329
138369
138384
138385
138391
138392
138393
138421
138434
138453
138459
138473
138481
138537
138579
138607
138609
138614
138619
138621
138623
138647
138648
138649
138650
138651
138652
138653
138654
138655
138672
138728
138730
138731
138782
138790
138796
138828
138854
138896
138899
138901
138915
138938
138952
138996
139101
139102
139113
139114
139131
139134
139135
139137
139138
139147
139148
139150
139153
139169
139171
139244
139247
139250
139253
139256
139310
139371
139742
139743
139744
139745
139748
139749
139750
139751
139752
139759
139802
139803
139804
139805
139806
139814
139817
139818
139828
139833
139897
139980
140112
140115
140137
140280
140365
140404
140772
141229
141344
141469
141473
141476
141482
141504
141518
141520
141536
141807
141808
141827
141828
141829
141831
141832
141833
141834
141835
141935
141941
143180
143187
143202
143204
143285
143596
143597
143822
144731
144736
144853
144869
144873
144878
144881
144887
144897
144905
144909
144914
144915
144941
144954
144955
144969
144985
144989
145071
145073
145080
145081
145084
145085
145109
145122
145128
145131
145138
145143
145146
145166
145182
145200
145209
145214
145227
145254
145275
145280
145349
145439
145478
145483
145485
145501
145503
145530
145542
145639
145641
145673
145676
145678
145690
145713
145714
145715
145716
145726
145727
145728
145729
145730
145742
145744
145745
145746
145747
145748
145753
145759
145760
145777
145781
145787
145789
145804
145805
145814
145823
145824
145905
145911
145923
145934
145944
145957
146013
146034
146042
146047
146060
146061
146066
146076
146082
146114
146124
146134
146138
146156
146160
146184
146217
146267
146271
146274
146291
146311
146323
146324
146343
146345
146391
146392
146420
146426
146432
146475
146477
146478
146499
146594
146596
146601
146606
146637
146638
146639
146680
146771
146775
146828
146871
146910
146967
147118
147143
147151
147153
147155
147158
147161
147209
147210
147214
147215
147218
147222
147224
147225
147226
147227
147234
147241
147253
147257
147260
147267
147273
147290
147294
147305
147306
147326
147330
147332
147333
147335
147349
147352
147357
147403
147404
147405
147406
147409
147574
147731
147738
147774
147775
147858
147882
147923
147926
147927
147930
147931
147937
147938
147956
147957
147961
148032
148038
148046
148089
148090
148091
148092
148093
148094
148095
148096
148103
148107
148115
148134
148186
148197
148202
148209
148210
148217
148224
148228
148237
148249
148285
148286
148299
148330
148331
148345
148349
148359
148426
148433
148438
148455
148457
148463
148466
148470
148481
148482
148487
148490
148496
148500
148504
148505
148506
148507
148510
148515
148520
148524
148527
148544
148545
148551
148614
148622
148625
148632
148634
148636
148682
148714
148716
148719
148721
148745
148760
148765
148771
148772
148773
148774
148775
148776
148777
148798
148801
148818
148837
148838
148844
148849
148850
148934
149063
149074
149077
149080
149174
149175
149186
149187
149206
149207
149215
149219
149223
149224
149225
149235
149239
149244
149257
149267
149268
149269
149272
149277
149281
149308
149317
149405
149504
149514
149552
149557
149578
149581
149582
149587
149593
149638
149649
149653
149712
149724
149772
149785
149789
149790
149799
149815
149840
149870
149888
149903
149908
149947
149973
149980
149981
149991
150001
150007
150010
150012
150036
150040
150043
150050
150060
150107
150108
150112
150113
150114
150121
150174
150177
150186
150212
150215
150261
150267
150272
150284
150335
150338
150351
150361
150362
150377
150402
150404
150406
150418
150449
150460
150467
150480
150501
150510
150515
150560
150566
150567
150576
150579
150629
150630
150642
150647
150666
150698
150714
150716
150723
150724
150753
150760
150761
150765
150766
150774
150775
150783
150785
150788
150790
150791
150794
150795
150802
150805
150806
150812
150813
150815
150824
150825
150829
150835
150837
150838
150841
150849
150850
150852
150897
150899
150915
150931
150934
150941
150946
150963
150979
150998
151013
151033
151045
151066
151071
151092
151093
151115
151122
151163
151173
151176
151179
151180
151181
151190
151203
151207
151218
151261
151270
151286
151291
151292
151298
151306
151307
151315
151316
151327
151328
151353
151358
151359
151360
151364
151365
151371
151380
151383
151394
151395
151405
151419
151426
151430
151431
151436
151437
151450
151455
151456
151457
151463
151470
151472
151478
151481
151508
151519
151554
151559
151563
151575
151576
151580
151593
151595
151616
151654
151655
151660
151670
151671
151682
151684
151689
151690
151692
151694
151705
151715
151734
151755
151756
151759
151769
151770
151785
151792
151793
151804
151807
151835
151837
151848
151850
151855
151863
151869
151884
151885
151902
151907
151922
151932
151962
151973
152044
152049
152186
152246
152273
152274
152300
152326
152328
152363
152368
152369
152382
152398
152399
152406
152407
152408
152409
152412
152426
152448
152449
152450
152468
152508
152511
152554
152564
152575
152576
152578
152579
152581
152588
152609
152634
152642
152644
152680
152681
152694
152705
152706
152709
152717
152718
152727
152729
152730
152736
152737
152738
152743
152744
152748
152761
152762
152782
152809
152841
152842
152848
152877
152878
152893
152895
152908
152909
152911
152912
152917
152922
152950
152978
153001
153005
153009
153036
153040
153048
153052
153053
153059
153073
153074
153081
153082
153089
153102
153127
153142
153143
153159
153174
153229
153247
153248
153251
153255
153366
153368
153371
153388
153391
153398
153411
153421
153435
153443
153470
153478
153499
153502
153512
153513
153516
153518
153519
153520
153534
153540
153541
153548
153562
153568
153577
153578
153596
153597
153624
153625
153669
153680
153712
153713
153714
153715
153718
153739
153741
153744
153751
153758
153759
153793
153794
153805
153807
153808
153810
153814
153815
153821
153842
153843
153844
153846
153851
153852
153872
153878
153880
153881
153882
153884
153899
153905
153906
153925
153940
153941
153945
153962
153965
153966
153967
153980
154004
154007
154011
154012
154042
154061
154067
154074
154076
154080
154082
154084
154085
154086
154089
154092
154110
154111
154114
154116
154126
154127
154130
154131
154132
154135
154165
154166
154167
154172
154173
154175
154176
154181
154192
154194
154195
154196
154197
154198
154201
154207
154214
154220
154225
154227
154266
154273
154274
154276
154280
154334
154342
154356
154372
154381
154384
154401
154402
154406
154412
154421
154423
154427
154440
154441
154456
154457
154459
154536
154537
154540
154544
154558
154603
154620
154621
154625
154628
154651
154652
154653
154654
154655
154656
154658
154659
154660
154661
154662
154663
154664
154668
154672
154675
154679
154683
154687
154688
154695
154708
154710
154712
154720
154723
154725
154746
154747
154755
154757
154759
154764
154766
154770
154781
154785
154789
154790
154797
154804
154815
154830
154840
154852
154875
154878
154914
154931
154932
154933
154948
154968
154986
154990
155027
155184
155185
155188
155208
155209
155210
155211
155217
155221
155226
155227
155238
155239
155244
155268
155269
155270
155271
155277
155299
155306
155308
155309
155311
155314
155318
155319
155334
155351
155362
155370
155377
155380
155387
155393
155394
155396
155398
155401
155424
155426
155429
155430
155433
155448
155455
155456
155457
155462
155463
155466
155484
155485
155486
155491
155496
155501
155504
155509
155513
155516
155528
155529
155535
155544
155565
155568
155571
155589
155590
155592
155613
155624
155638
155653
155654
155656
155661
155665
155711
155715
155723
155726
155734
155735
155743
155747
155765
155766
155767
155768
155771
155778
155779
155784
155790
155792
155795
155809
155810
155858
155859
155869
155880
155908
155957
155960
155962
155974
155975
155976
155986
156018
156019
156021
156042
156049
156052
156067
156097
156098
156108
156109
156136
156141
156142
156153
156155
156156
156164
156168
156172
156181
156182
156191
156208
156209
156217
156223
156247
156275
156276
156288
156290
156292
156306
156343
156344
156354
156355
156370
156374
156380
156397
156426
156427
156428
156450
156466
156472
156474
156476
156489
156537
156539
156562
156583
156584
156588
156607
156608
156609
156610
156611
156613
156687
156746
156752
156753
156767
156805
156806
156808
156872
156876
156900
156903
156917
156920
156924
156929
156933
156951
156954
156960
156978
156979
157004
157031
157088
157159
157163
157186
157187
157189
157195
157200
157202
157232
157240
157267
157272
157362
157363
157379
157380
157398
157399
157418
157419
157420
157436
157479
157485
157486
157549
157559
157565
157572
157574
157591
157614
157636
157637
157665
157666
157743
157759
157765
157768
157773
157775
157776
157787
157793
157794
157795
157797
157798
157832
157939
157943
157946
157948
157950
157952
157953
157958
157993
157998
158005
158012
158022
158052
158053
158078
158084
158085
158086
158087
158096
158097
158098
158099
158100
158101
158102
158103
158104
158129
158147
158155
158179
158181
158185
158187
158188
158189
158190
158191
158215
158252
158260
158261
158262
158266
158278
158279
158312
158317
158322
158326
158352
158353
158375
158389
158390
158393
158394
158402
158403
158453
158454
158455
158457
158466
158467
158474
158477
158478
158479
158481
158482
158486
158487
158490
158499
158500
158545
158546
158547
158552
158564
158566
158572
158574
158575
158578
158579
158583
158603
158604
158606
158618
158619
158636
158637
158638
158645
158663
158664
158665
158670
158676
158714
158736
158737
158738
158740
158741
158765
158766
158771
158784
158788
158790
158815
158817
158819
158820
158822
158824
158827
158829
158830
158833
158835
158836
158841
158916
158932
158934
158936
158937
158940
158949
158950
158952
158953
158956
158957
158959
158960
158963
158964
158966
158968
158970
158971
158973
158977
158981
158982
158993
158997
158998
158999
159014
159024
159031
159044
159049
159069
159070
159076
159077
159079
159081
159084
159089
159091
159099
159101
159123
159126
159129
159134
159153
159206
159207
159210
159217
159234
159240
159249
159251
159253
159254
159255
159256
159257
159258
159259
159260
159266
159267
159287
159292
159301
159302
159312
159313
159314
159315
159316
159328
159335
159336
159339
159340
159341
159353
159366
159371
159372
159373
159375
159378
159379
159387
159388
159408
159409
159410
159411
159412
159449
159450
159475
159477
159509
159510
159511
159512
159537
159538
159566
159567
159571
159589
159621
159622
159633
159634
159635
159640
159652
159654
159655
159661
159663
159671
159673
159675
159676
159682
159692
159694
159697
159724
159733
159752
159757
159764
159777
159778
159780
159782
159786
159795
159798
159799
159809
159821
159825
159832
159833
159834
159841
159844
159856
159857
159864
159866
159869
159870
159877
159882
159946
159947
159948
159953
159956
159979
159981
159983
159984
159985
159990
159992
159995
160002
160003
160004
160007
160008
160009
160010
160017
160018
160024
160025
160038
160041
160045
160049
160050
160054
160055
160071
160073
160076
160081
160086
160100
160120
160121
160179
160243
160247
160262
160283
160285
160286
160318
160319
160345
160448
160450
160454
160459
160467
160468
160470
160473
160480
160501
160568
160569
160570
160571
160573
160574
160575
160576
160581
160582
160704
160705
160716
160717
160720
160721
160840
160868
160877
160879
160881
160883
160885
160886
160889
160891
160893
160896
160916
160919
160920
160935
160938
160939
160946
160962
160965
160969
160974
160975
160981
160983
160987
160988
160993
161014
161032
161034
161072
161086
161087
161090
161112
161130
161135
161136
161138
161139
161144
161150
161153
161154
161157
161158
161160
161161
161163
161166
161167
161169
161170
161172
161173
161195
161199
161202
161204
161205
161207
161208
161216
161219
161222
161223
161237
161243
161247
161251
161254
161267
161269
161280
161283
161286
161287
161288
161291
161298
161302
161321
161322
161330
161331
161337
161348
161353
161454
161479
161511
161556
161573
161578
161643
161644
161645
161646
161649
161650
161651
161652
161653
161685
161706
161707
161708
161709
161710
161715
161719
161720
161725
161727
161795
161836
161840
161841
161847
161851
161869
161885
161887
161897
161905
161916
161920
161921
161925
161928
161929
161930
161934
161936
161962
161963
161973
161975
161989
161990
161992
161996
161997
162008
162009
162011
162014
162015
162051
162052
162053
162054
162055
162056
162057
162058
162062
162067
162126
162129
162133
162152
162161
162170
162173
162181
162255
162345
162421
162423
162424
162425
162433
162439
162447
162526
162528
162529
162566
162622
162751
162762
162790
162796
162798
162799
162839
162840
162841
162842
162845
162846
162847
162848
162849
162857
162860
162861
162862
162863
162864
162868
162871
162872
162877
162878
162882
162907
162910
162911
162921
162936
162950
162959
162971
162972
162983
162987
162988
163009
163017
163040
163042
163044
163046
163047
163049
163051
163053
163056
163059
163072
163077
163088
163096
163098
163099
163117
163118
163119
163120
163121
163122
163123
163124
163130
163134
163180
163183
163195
163208
163209
163216
163221
163224
163225
163227
163232
163236
163288
163299
163325
163329
163331
163413
163563
163564
163577
163590
163591
163592
163595
163619
163691
163701
163736
163738
163755
163775
163776
163777
163778
163781
163782
163783
163784
163785
163793
163796
163797
163799
163800
163801
163805
163808
163809
163813
163814
163818
163843
163848
163849
163850
163865
163877
163886
163904
163905
163906
163914
163920
163926
163938
163945
163946
163980
163981
163984
163985
163999
164000
164001
164002
164003
164004
164005
164006
164011
164014
164066
164067
164081
164093
164094
164102
164104
164105
164106
164117
164212
164272
164273
164312
164313
164315
164316
164318
164319
164324
164338
164349
164426
164435
164443
164448
164570
164571
164572
164573
164577
164578
164579
164580
164581
164589
164591
164592
164593
164594
164595
164600
164603
164604
164616
164617
164625
164627
164628
164641
164642
164657
164669
164670
164691
164696
164704
164724
164730
164736
164739
164741
164745
164749
164752
164759
164761
164764
164766
164769
164820
164826
164827
164828
164829
164830
164831
164832
164833
164835
164837
164839
164841
164843
164924
164930
164931
164936
164939
164944
164950
164956
165015
165043
165045
165046
165047
165049
165052
165055
165057
165058
165067
165098
165208
165210
165212
165214
165216
165218
165220
165222
165225
165226
165228
165229
165233
165234
165236
165242
165245
165249
165260
165307
165309
165311
165313
165314
165316
165317
165323
165327
165329
165331
165332
165333
165334
165336
165337
165376
165377
165379
165446
165447
165448
165451
165452
165460
165461
165462
165463
165465
165466
165512
165531
165573
165582
165588
165589
165620
165621
165622
165623
165626
165627
165628
165629
165630
165638
165642
165643
165644
165646
165647
165651
165653
165654
165657
165666
165678
165683
165684
165707
165734
165747
165749
165750
165773
165797
165799
165801
165814
165815
165816
165817
165818
165819
165820
165821
165826
165838
165991
165995
166002
166028
166031
166049
166050
166073
166168
166172
166192
166225
166385
166386
166387
166417
166419
166428
166433
166436
166451
166470
166477
166486
166623
166628
166635
166636
166641
166645
166646
166665
166676
166680
166682
166683
166686
166693
166694
166715
166720
166724
166726
166749
166790
166815
166829
166848
166877
166886
166898
166919
166920
166927
166929
166931
166933
166935
166948
166986
167009
167032
167035
167060
167062
167064
167066
167116
167118
167135
167154
167155
167178
167181
167221
167225
167243
167247
167253
167265
167267
167270
167276
167277
167279
167283
167286
167287
167289
167308
167309
167310
167311
167314
167315
167316
167317
167318
167324
167327
167328
167329
167330
167335
167337
167338
167341
167349
167350
167352
167355
167359
167368
167378
167385
167386
167390
167404
167416
167418
167420
167424
167436
167437
167448
167451
167459
167462
167466
167475
167524
167525
167533
167548
167550
167552
167553
167554
167555
167556
167557
167558
167559
167561
167582
167621
167680
167684
167690
167694
167753
167763
167764
167781
167782
167783
167784
167787
167788
167813
167816
167823
167833
167850
167871
167876
168165
168166
168167
168168
168171
168172
168173
168174
168175
168196
168200
168201
168202
168203
168208
168210
168211
168228
168234
168243
168291
168448
168453
168533
168566
168567
168568
168569
168570
168571
168572
168573
168575
168700
168753
168777
168808
169099
169103
169108
169109
169115
169118
169119
169121
169131
169133
169140
169146
169149
169151
169157
169161
169163
169165
169173
169201
169202
169263
169390
169525
169526
169527
169528
169563
169567
169569
169571
169646
169650
169698
169708
169712
169714
169720
169724
169726
169731
169733
169738
169747
169753
169795
169822
169844
169846
169860
169874
169876
169883
169892
169893
169900
169913
170063
170065
170192
170202
170204
170384
170445
170462
170476
170537
170589
170674
170682
170692
170792
170858
170861
170874
170879
170887
170905
170906
170913
170959
170966
170993
171174
171190
171200
171229
171263
171264
171293
171300
171303
171308
171310
171317
171354
171362
171370
171374
171376
171391
171396
171554
171557
171563
171584
171587
171591
171606
171611
171622
171671
171681
171709
171712
171722
171798
171800
171857
171862
171863
171869
171870
171872
171887
171888
171913
171919
171977
172005
172012
172013
172018
172028
172061
172107
172108
172192
172193
172198
172199
172201
172202
172221
172235
172237
172244
172326
172328
172415
172448
172459
172500
172582
172585
172590
172592
172593
172594
172600
172606
172607
172608
172609
172615
172624
172633
172641
172649
172655
172667
172673
172684
172694
172714
172749
172750
172751
172752
172776
172780
172786
172789
172817
172844
173572
174057
174178
174214
174228
174235
174252
174299
174306
174313
174317
174319
174324
174329
174330
174332
174335
174340
174345
174348
174353
174358
174363
174366
174401
174792
174794
174857
174860
174888
174893
174918
174922
174927
174930
174937
174951
174952
174955
174962
174971
175008
175157
175204
175258
175284
175298
175314
175449
175605
175741
175787
175788
175794
175814
175816
175915
175936
175947
176024
176025
176280
176285
176291
176299
176305
176332
176334
176338
176340
176342
176343
176346
176353
176423
176424
176443
176493
176494
176501
176526
176527
176530
176533
176534
176535
176537
176539
176548
176550
176556
176558
176563
176564
176566
176588
176590
176592
176594
176596
176607
176608
176624
176652
176653
176655
176656
176661
176662
176663
176664
176666
176668
176669
176670
176673
176675
176677
176678
176681
176702
176703
176705
176706
176707
176709
176710
176743
176744
176745
176746
176747
176750
176752
176753
176784
176806
177071
177072
177227
177228
177230
177322
177323
177458
177460
177462
177463
177465
177468
177469
177488
177500
177532
177535
177536
177537
177539
177540
177541
177542
177545
177547
177549
177550
177552
177554
177556
177558
177559
177560
177562
177564
177598
177602
177615
177616
177617
177619
177623
177624
177649
177650
177654
177697
177698
177703
177705
177921
177944
177946
177955
177964
177966
177977
177990
177991
178367
178368
178370
178371
178374
178375
178378
178884
178893
178894
179161
179281
179282
179283
179288
179289
179293
179355
179358
179377
179417
179440
179443
179449
179461
179462
179463
179466
179471
179472
179473
179474
179527
179559
179560
179570
179577
179585
179592
179604
179605
179609
179610
179611
179612
179617
179618
179619
179620
179633
179637
179638
179639
179645
179650
179651
179652
179653
180162
180164
180181
180182
180188
180201
180230
180246
180247
180251
180252
180258
180260
180263
180264
180299
180313
180314
180315
180316
180321
180326
180327
180328
180329
180330
180339
180344
180351
180356
180361
180366
180371
180379
180402
180403
180411
180416
180422
180459
180461
180462
180463
180464
180465
180482
180487
180492
180504
180508
180518
180524
180530
180562
180565
180613
180614
180685
180691
180779
180851
180858
180885
180888
180907
180974
180975
180977
180979
180983
181040
181046
181086
181088
181108
181119
181128
181129
181133
181151
181159
181279
181297
181343
181345
181368
181370
181375
181393
181401
181425
181431
181433
181438
181484
181490
181505
181507
181513
181659
181694
181736
181763
181765
181766
181768
181783
181784
181788
181792
181795
181797
181802
181820
181833
181843
181845
181869
181879
181881
181895
181919
181929
181930
181971
181986
181987
181991
181995
182001
182045
182134
182135
182168
182171
182177
182178
182182
182186
182197
182201
182204
182208
182211
182216
182224
182229
182244
182257
182259
182345
182379
182469
182477
182484
182485
182501
182502
182508
182514
182521
182531
182540
182555
182557
182589
182590
182593
182604
182621
182624
182631
182633
182643
182656
182680
182681
182684
182685
182703
182706
182738
182744
182793
182813
182822
182825
182827
182833
182841
182851
182854
182861
182874
182876
182884
182886
182909
182915
182942
182959
182967
183042
183049
183050
183051
183087
183091
183095
183099
183104
183117
183138
183139
183146
183164
183172
183174
183186
183193
183195
183197
183199
183210
183212
183225
183252
183254
183260
183333
183336
183347
183350
183353
183365
183371
183384
183389
183392
183395
183415
183469
183488
183491
183515
183518
183536
183539
183552
183585
183589
183597
183598
183599
183609
183645
183695
183700
183716
183754
183834
183853
183878
183883
183994
184014
184016
184021
184143
184146
184148
184152
184156
184157
184158
184173
184175
184177
184179
184180
184181
184189
184196
184198
184204
184211
184222
184225
184227
184234
184240
184245
184248
184262
184265
184268
184272
184275
184276
184290
184292
184359
184529
184553
184554
184599
184600
184601
184602
184625
184626
184627
184628
184629
184630
184631
184632
184633
184636
184640
184641
184644
184647
184648
184651
184660
184661
184662
184664
184668
184671
184674
184678
184680
184683
184686
184687
184692
184698
184699
184702
184705
184706
184707
184712
184715
184718
184722
184724
184727
184728
184733
184734
184739
184742
184745
184750
184754
184761
184764
184772
184786
184794
184800
184806
184815
184829
184838
184843
184851
184852
184877
184885
184949
184957
184961
184962
184978
184999
185001
185003
185005
185019
185022
185024
185029
185035
185036
185137
185151
185159
185162
185164
185166
185174
185179
185186
185187
185198
185203
185329
185330
185415
185416
185418
185419
185510
185511
185512
185642
185659
185660
185708
185718
185721
185730
185735
185753
185758
185975
186032
186046
186225
186226
186227
186228
186229
186230
186231
186232
186233
186234
186235
186236
186237
186238
186270
186272
186513
186521
186531
186534
186557
186558
186599
186600
186601
186603
186618
186619
186621
186622
186632
186651
186654
186655
186656
186657
186660
186691
186692
186696
186738
186739
186740
186741
186748
186751
186753
186761
186764
186765
186785
186842
186845
186873
186874
186878
186879
186881
186882
186883
187015
187019
187030
187038
187042
187063
187065
187066
187067
187069
187070
187073
187220
187229
187231
187238
187241
187244
187248
187250
187253
187255
187258
187260
187262
187270
187285
187286
187288
187289
187290
187291
187292
187293
187294
187295
187296
187297
187298
187299
187300
187301
187302
187305
187306
187308
187309
187311
187313
187333
187359
187360
187366
187367
187368
187373
187377
187378
187380
187383
187410
187411
187413
187416
187430
187431
187434
187449
187450
187452
187455
187457
187459
187461
187487
187488
187494
187495
187499
187501
187503
187505
187507
187510
187512
187513
187515
187516
187517
187518
187519
187520
187521
187522
187523
187524
187525
187529
187531
187532
187535
187539
187540
187541
187542
187543
187544
187545
187546
187547
187556
187570
187572
187576
187577
187578
187579
187580
187581
187583
187584
187595
187622
187623
187625
187627
187629
187631
187632
187636
187637
187650
187651
187653
187654
187681
187686
187693
187694
187696
187701
187702
187714
187715
187717
187718
187719
187721
187727
187729
187737
187738
187740
187741
187744
187745
187747
187748
187751
187755
187756
187764
187766
187771
187772
187773
187774
187775
187780
187792
187793
187794
187795
187796
187797
187798
187799
187831
188040
188042
188054
188135
188156
188157
188160
188171
188189
188191
188198
188203
188207
188248
188380
188447
188457
188485
188492
188499
188539
188547
188556
188564
188577
188582
188590
188629
188654
188662
188669
188680
188686
188697
188703
188708
188712
188721
188728
188766
188777
188789
188796
188803
188811
188819
188829
188840
188848
188854
188871
188883
188913
188959
188973
188984
188992
189071
189138
189167
189168
189188
189194
189256
189257
189259
189260
189294
189295
189296
189304
189308
189311
189318
189325
189328
189334
189337
189353
189569
189712
189715
189745
189750
189756
189760
189773
189818
189999
190020
190023
190028
190040
190045
190051
190066
190134
190229
190461
190469
190473
190476
190480
190609
190611
190613
190615
190619
190620
190633
190634
190635
190636
190637
190658
191116
191117
191135
191137
191183
191414
191459
191460
191462
191470
191479
191488
191489
191490
191492
191497
191498
191543
191586
191591
191607
191609
191612
191613
191615
191617
191620
191622
191624
191626
191627
191628
191629
191631
191633
191634
191652
191668
191670
191671
191673
191676
191690
191691
191693
191698
191699
191702
191707
191708
191710
191713
191759
191761
191764
191766
191767
191770
191772
191773
191776
191777
191779
191782
191784
191785
191786
191787
191788
191791
191795
191796
191803
191811
191815
191816
191817
191818
191820
191821
191822
191823
191824
191825
191826
191827
191828
191829
191830
191831
191880
191919
192042
192045
192046
192109
192112
192123
192126
192128
192131
192135
192136
192137
192138
192142
192143
192144
192149
192155
192178
192179
192180
192183
192196
192213
192215
192216
192218
192219
192223
192231
192235
192245
192246
192275
192284
192285
192289
192292
192336
192337
192348
192360
192369
192380
192381
192382
192394
192395
192397
192399
192411
192412
192413
192414
192422
192423
192424
192426
192436
192437
192438
192439
192442
192446
192448
192453
192455
192459
192460
192469
192490
192512
192513
192514
192515
192516
192518
192519
192541
192543
192566
192567
192576
192579
192585
192586
192590
192600
192601
192606
192607
192609
192610
192613
192616
192719
192722
192743
192744
192748
192753
192754
192755
192759
192760
192767
192772
192773
192776
192777
192789
192809
192846
192851
192911
192912
192913
192915
192916
192920
192926
192927
192928
192933
192989
193016
193017
193019
193021
193024
193026
193027
193033
193059
193075
193076
193081
193092
193093
193102
193124
193136
193138
193139
193140
193141
193143
193167
193182
193208
193209
193224
193242
193244
193274
193286
193298
193299
193309
193314
193316
193318
193319
193320
193321
193326
193333
193337
193338
193339
193340
193345
193349
193353
193367
193371
193372
193375
193381
193385
193387
193391
193393
193394
193395
193411
193431
193432
193467
193494
193507
193509
193525
193544
193545
193553
193555
193556
193560
193563
193565
193572
193573
193574
193578
193592
193593
193612
193621
193625
193650
193652
193661
193663
193675
193682
193694
193696
193706
193707
193709
193710
193717
193718
193725
193758
193791
193792
193800
193801
193802
193803
193807
193808
193809
193814
193819
193820
193821
193829
193832
193833
193845
193852
193854
193856
193860
193885
193886
193898
193899
193901
193903
193911
193913
193948
193949
193950
193952
193953
193954
193980
193981
193982
193987
193992
194022
194049
194051
194052
194053
194054
194055
194057
194059
194066
194074
194078
194083
194084
194085
194086
194087
194088
194095
194098
194118
194119
194120
194121
194133
194155
194167
194199
194200
194201
194202
194204
194207
194212
194216
194255
194256
194280
194281
194282
194283
194284
194285
194298
194299
194307
194351
194354
194401
194402
194403
194431
194436
194461
194503
194504
194506
194512
194516
194519
194547
194553
194556
194558
194559
194565
194569
194580
194585
194586
194593
194618
194619
194632
194635
194674
194691
194695
194696
194697
194775
194783
194784
194786
194787
194795
194796
194800
195012
195014
195023
195024
195031
195033
195177
195184
195227
195244
195246
195247
195297
195304
195311
195312
195315
195319
195320
195323
195326
195331
195332
195341
195342
195343
195344
195354
195358
195360
195361
195362
195365
195377
195378
195380
195385
195390
195398
195416
195432
195441
195442
195450
195458
195459
195462
195463
195474
195475
195476
195480
195503
195532
195559
195569
195570
195591
195611
195612
195613
195631
195635
195645
195655
195661
195679
195688
195689
195690
195694
195697
195701
195711
195724
195726
195743
195745
195746
195751
195762
195763
195764
195771
195776
195777
195778
195784
195788
195797
195804
195805
195807
195809
195811
195814
195815
195821
195834
195838
195839
195864
195865
195866
195867
195868
195872
195892
195894
195896
195902
195905
195908
195910
195946
195948
195950
195953
195954
195957
195958
195959
195960
195961
195974
195977
195978
195979
195980
195981
195994
196001
196003
196006
196007
196009
196010
196012
196014
196016
196019
196021
196023
196026
196028
196029
196030
196031
196040
196041
196042
196043
196044
196045
196046
196047
196048
196049
196050
196051
196052
196053
196054
196055
196056
196057
196080
196086
196088
196091
196094
196095
196100
196103
196104
196125
196127
196128
196131
196133
196134
196137
196142
196147
196150
196151
196153
196154
196159
196162
196193
196198
196214
196215
196216
196329
196346
196347
196364
196365
196366
196367
196369
196370
196374
196377
196382
196385
196389
196404
196429
196434
196435
196436
196442
196448
196449
196477
196478
196479
196480
196482
196483
196486
196494
196495
196496
196500
196505
196507
196508
196509
196511
196513
196518
196521
196564
196609
196632
196648
196649
196650
196651
196658
196662
196665
196671
196675
196676
196684
196685
196686
196687
196700
196702
196706
196707
196710
196713
196717
196722
196740
196748
196750
196752
196754
196755
196756
196757
196759
196760
196762
196767
196781
196786
196787
196798
196800
196805
196808
196810
196811
196815
196817
196818
196820
196821
196827
196831
196832
196835
196843
196844
196893
196901
196902
196903
196904
196906
196907
196908
196911
196940
196942
196953
196965
196967
196969
196971
196973
196974
196978
196979
196984
196986
196988
196997
196998
197000
197005
197006
197016
197017
197018
197023
197025
197026
197045
197046
197047
197050
197051
197053
197055
197056
197057
197059
197061
197063
197064
197069
197070
197073
197074
197076
197077
197078
197079
197095
197097
197098
197113
197114
197116
197117
197121
197126
197127
197128
197129
197134
197136
197137
197138
197141
197145
197148
197153
197154
197209
197210
197218
197224
197228
197257
197258
197260
197261
197263
197264
197266
197267
197269
197270
197272
197275
197277
197279
197280
197282
197283
197297
197300
197304
197308
197309
197327
197328
197329
197330
197338
197344
197346
197354
197380
197384
197386
197392
197394
197396
197398
197400
197406
197414
197432
197495
197498
197499
197506
197510
197513
197522
197527
197528
197529
197532
197536
197537
197545
197570
197574
197575
197724
197729
197732
197738
197739
197741
197743
197745
197747
197749
197751
197753
197755
197757
197758
197760
197762
197764
197765
197767
197768
197770
197771
197772
197774
197775
197776
197778
197780
197782
197783
197785
197786
197787
197789
197791
197793
197794
197795
197796
197797
197799
197800
197801
197803
197805
197807
197809
197811
197812
197813
197814
197815
197816
197818
197819
197821
197822
197824
197825
197827
197829
197831
197832
197833
197836
197838
197840
197841
197843
197845
197847
197848
197850
197851
197852
197853
197857
197858
197860
197862
197863
197865
197866
197867
197869
197872
197873
197874
197875
197877
197879
197881
197882
197883
197885
197887
197888
197891
197892
197894
197896
197898
197900
197902
197904
197905
197907
197909
197911
197913
197915
197917
197918
197920
197921
197922
197924
197925
197926
197928
197930
197932
197933
197935
197936
197938
197939
197940
197943
197944
197945
197946
197947
197949
197950
197952
197954
197955
197956
197957
197958
197959
197962
197963
197964
197965
197966
197967
197969
197970
197971
197972
197974
197976
197977
197978
197981
197982
197984
197986
197987
198018
198046
198068
198098
198107
198495
198508
198623
198769
198804
198805
198809
198813
198814
198875
198876
198882
199139
199156
199191
199192
199193
199194
199195
199196
199197
199198
199199
199200
199201
199242
199243
199244
199250
199259
199260
199264
199294
199388
199696
199879
199919
199947
199948
199949
199950
199951
199952
199953
199954
199955
199956
199990
