81
98
326
342
362
370
373
422
527
534
562
565
630
639
729
812
813
814
815
830
831
844
845
846
847
848
849
863
868
873
877
903
909
927
1010
1011
1012
1017
1021
1082
1131
1133
1136
1166
1173
1174
1192
1199
1207
1216
1316
1723
1736
1754
1755
1764
1789
1806
1826
1871
1874
1887
1987
2012
2028
2030
2035
2043
2104
2166
2168
2176
2177
2214
2218
2276
2299
2301
2303
2341
2344
2345
2346
2353
2356
2366
2367
2368
2369
2370
2371
2373
2389
2401
2412
2510
2535
2542
2572
2581
2623
2624
2625
2626
2629
2630
2657
2658
2659
2693
2695
2696
2699
2701
2707
2708
2709
2753
2754
2755
2763
2774
2778
2779
2780
2788
2835
2869
2938
2942
2959
2968
2987
2989
3177
3178
3180
3181
3183
3185
3262
3461
3462
3464
3467
3469
3471
3473
3475
3477
3478
3480
3482
3483
3484
3485
3486
3488
3490
3492
3493
3494
3495
3497
3499
3501
3502
3503
3505
3507
3508
3510
3513
3514
3538
3599
3607
3636
3651
3653
3655
3657
3658
3661
3663
3664
3718
3719
3742
3744
3746
3748
3752
3753
3759
3830
3901
3973
3975
3977
3994
4013
4017
4032
4040
4059
4060
4061
4063
4131
4133
4140
4148
4271
4732
4734
4741
4835
4843
4844
4852
4860
4863
4864
4870
4874
4880
5101
5112
5140
5144
5147
5148
5221
5223
5229
5282
5361
5363
5443
5450
5458
5496
5610
5618
5619
5620
5634
5635
5639
5640
5643
5655
5656
5657
5658
5663
5667
5668
5670
5671
5672
5673
5690
5691
5759
5761
5762
5763
5781
5824
5825
5827
5828
5829
5833
5846
5881
5947
5948
5968
5972
6133
6153
6157
6158
6179
6193
6194
6195
6196
6198
6201
6251
6272
6276
6278
6324
6365
6423
6470
6472
6496
6498
6500
6502
6518
6594
6595
6605
6606
6608
6611
6683
6715
6717
6720
6742
6751
6832
6833
6867
6884
6892
6907
6908
6918
6937
6938
7206
7208
7527
7529
7530
7533
7535
7577
7639
7640
7650
7664
7679
7681
7683
7684
7695
7698
7754
7757
7760
7763
7766
8375
8380
8577
8583
8600
8627
8629
8631
8639
8645
8648
8649
8658
8802
8842
8848
9062
9063
9072
9081
9082
9176
9177
9183
9187
9300
9314
9430
9453
9461
9478
9558
9666
9819
9876
9883
9884
9885
9902
9912
9918
9921
10192
10202
10203
10207
10230
10236
10465
10474
10475
10476
10479
10480
10484
10485
10486
10488
10492
10493
10499
10501
10503
10510
10524
10528
10535
10628
10643
10706
10714
10731
10740
10747
10758
10797
10860
10914
11136
11141
11459
11461
11504
11512
11540
11541
11542
11543
11581
11592
11594
11595
11606
11616
11620
11625
11632
11642
11643
11645
11653
11667
11680
11689
11695
11700
11712
11722
11734
11742
11756
11782
11823
11824
11825
11834
11840
11842
11896
11897
11931
11963
11967
11984
11996
12112
12458
12474
12515
12548
12549
12550
12551
12552
12561
12712
12732
12816
12820
12821
12822
12949
12951
12966
12970
12971
12974
13044
13047
13050
13073
13076
13151
13156
13157
13159
13160
13161
13235
13240
13243
13253
13254
13266
13278
13281
13282
13283
13300
13323
13324
13325
13326
13327
13394
13400
13401
13420
13440
13443
13449
13451
13470
13472
13474
13475
13478
13560
13589
13600
13641
13673
13888
13907
13913
14006
14007
14012
14042
14046
14047
14050
14051
14075
14083
14119
14124
14130
14170
14171
14298
14300
14353
14387
14388
14401
14437
14458
14459
14544
14567
14748
14753
14785
14906
14995
15142
15158
15159
15162
15164
15165
15168
15171
15172
15176
15178
15218
15221
15266
15268
15269
15272
15274
15275
15278
15280
15282
15284
15386
15395
15402
15403
15404
15566
15570
15576
15584
15586
15588
15590
15591
15594
15598
15600
15642
15652
15681
15683
15686
15691
15693
15707
15708
15898
15969
16002
16119
16121
16139
16234
16235
16355
16493
16504
16506
16509
16517
16518
16519
16550
16572
16578
16582
16584
16594
16605
16691
16694
16807
16809
16810
17043
17044
17056
17058
17112
17119
17120
17128
17186
17209
17220
17221
17223
17224
17250
17352
17357
17372
17377
17381
17440
17641
17642
17647
17648
17978
17979
17984
17985
18345
18350
18351
18352
18354
18355
18456
18457
18458
18460
18546
18547
18574
18627
18628
18629
18630
18631
18649
18650
18652
18653
18684
18685
18731
18736
18752
18839
18861
18862
18918
18919
18920
18921
18923
18924
18978
19011
19014
19023
19033
19041
19042
19043
19045
19211
19234
19276
19277
19388
19401
19690
19721
19763
19764
19851
20226
20252
20367
20374
20390
20397
20398
20404
20421
20440
20441
20460
20466
20487
20488
20491
20497
20498
20499
20500
20510
20511
20582
20583
20584
20606
20619
20624
20661
20663
20712
20860
20927
20980
20998
21018
21019
21020
21021
21072
21073
21110
21231
21261
21266
21273
21274
21275
21278
21287
21289
21296
21297
21310
21312
21322
21323
21327
21368
21369
21370
21401
21420
21421
21422
21423
21433
21434
21444
21445
21446
21547
21660
21661
21683
21684
21693
21696
21702
21710
21718
21720
21721
21727
21728
21733
21739
21741
21743
21748
21756
21759
21761
21762
21763
21764
21765
21769
21786
21788
21791
21800
21811
21815
21818
21820
21821
21825
21831
21838
21839
21852
21858
21868
21869
21890
21895
21903
21917
21918
21925
21930
21938
21943
21949
21950
21972
21974
21998
22060
22061
22133
22137
22139
22141
22142
22145
22149
22152
22153
22181
22185
22186
22200
22213
22221
22222
22245
22252
22253
22254
22269
22271
22413
22422
22424
22436
22449
22458
22461
22478
22490
22491
22492
22509
22510
22547
22575
22581
22582
22583
22607
22621
22638
22640
22644
22646
22648
22652
22657
22658
22679
22680
22691
22696
22700
22711
22712
22713
22736
22737
22738
22739
22740
22741
22742
22743
22744
22745
22746
22747
22748
22749
22763
22764
22854
22855
22886
22887
22888
22889
22994
22996
23037
23045
23047
23060
23103
23108
23132
23133
23134
23143
23164
23165
23166
23174
23190
23193
23213
23275
23276
23277
23302
23303
23304
23305
23310
23356
23377
23381
23387
23390
23398
23417
23469
23485
23489
23490
23492
23493
23507
23513
23517
23518
23519
23520
23521
23522
23526
23533
23539
23547
23548
23550
23551
23618
23619
23640
23646
23647
23667
23668
23669
23672
23736
23861
23870
23877
23879
23886
23890
23922
23925
23929
23930
23932
23933
23934
23935
23936
23937
23938
23939
23943
23944
23945
23947
23948
23951
23954
23956
23958
23960
23961
23965
23968
23971
23974
23975
24129
24157
24158
24159
24182
24188
24189
24230
24232
24235
24236
24241
24242
24248
24250
24271
24301
24312
24313
24332
24333
24344
24352
24353
24354
24360
24374
24405
24415
24418
24419
24425
24432
24434
24453
24457
24493
24494
24495
24498
24499
24500
24501
24502
24616
24618
24620
24624
24628
24643
24664
24665
24666
24712
24714
24717
24761
24765
24772
24773
24778
24780
24782
24787
24792
24803
24804
24805
24808
24835
24836
24840
24843
24863
24872
24875
24905
24906
24912
24913
24963
24964
24965
24966
24967
24968
24973
24982
24983
24986
24990
25019
25020
25022
25036
25041
25049
25052
25053
25054
25055
25056
25064
25065
25069
25070
25073
25087
25088
25089
25090
25096
25099
25102
25108
25126
25127
25129
25131
25144
25146
25181
25182
25261
25292
25293
25295
25344
25346
25363
25390
25393
25403
25406
25413
25430
25431
25432
25434
25435
25436
25442
25444
25445
25493
25497
25499
25500
25503
25504
25513
25530
25532
25576
25591
25594
25626
25627
25628
25641
25643
25649
25650
25671
25699
25708
25717
25742
25743
25744
25745
25746
25753
25757
25759
25762
25763
25766
25774
25776
25785
25810
25820
25825
25826
25829
25832
25895
25898
25899
25901
25904
25905
25912
25913
25914
25915
25916
25917
25918
25921
25922
25923
25925
25926
25927
25928
25933
25948
25953
25954
25955
26011
26013
26016
26019
26041
26089
26092
26101
26105
26108
26110
26115
26116
26134
26136
26137
26138
26141
26143
26145
26147
26149
26162
26164
26182
26183
26185
26186
26192
26204
26205
26222
26254
26262
26285
26289
26305
26318
26329
26330
26331
26334
26336
26343
26369
26370
26424
26426
26432
26475
26494
26495
26496
26499
26501
26526
26527
26531
26550
26572
26573
26577
26641
26642
26644
26653
26656
26664
26667
26685
26688
26689
26703
26705
26708
26709
26711
26714
26725
26726
26727
26728
26729
26730
26745
26752
26758
26762
26769
26776
26780
26804
26820
26821
26822
26823
26826
26831
26882
26883
26884
26887
26891
26920
26921
26944
26945
26952
26955
26986
26989
26992
26998
27001
27002
27004
27010
27041
27044
27052
27057
27059
27068
27079
27080
27082
27083
27102
27105
27108
27111
27115
27145
27146
27147
27148
27152
27156
27158
27159
27163
27206
27207
27225
27243
27252
27253
27254
27268
27269
27270
27293
27294
27336
27338
27342
27343
27344
27345
27350
27354
27364
27365
27375
27376
27381
27382
27383
27387
27400
27402
27404
27406
27416
27418
27431
27436
27448
27451
27483
27484
27511
27515
27520
27521
27549
27550
27551
27553
27561
27566
27582
27590
27609
27611
27615
27626
27627
27632
27639
27644
27645
27778
27780
27787
27832
27837
27838
27855
27857
27921
27976
27977
27983
27985
27989
28006
28007
28051
28052
28053
28054
28055
28056
28057
28060
28094
28095
28110
28112
28164
28175
28182
28198
28201
28203
28205
28208
28209
28210
28212
28213
28232
28245
28246
28291
28292
28293
28294
28295
28296
28298
28300
28301
28302
28309
28310
28311
28323
28348
28351
28356
28358
28360
28362
28364
28366
28367
28369
28371
28373
28393
28395
28397
28398
28401
28403
28405
28407
28419
28420
28422
28433
28445
28446
28448
28449
28450
28458
28463
28469
28470
28471
28473
28477
28478
28479
28481
28482
28483
28487
28504
28505
28506
28508
28509
28510
28512
28513
28514
28519
28595
28622
28649
28651
28667
28668
28669
28670
28671
28672
28674
28675
28691
28701
28710
28716
28718
28719
28731
28756
28757
28760
28762
28769
28770
28771
28773
28780
28786
28788
28789
28790
28792
28793
28794
28795
28796
28797
28798
28799
28800
28801
28802
28803
28804
28807
28809
28832
28835
28836
28837
28839
28845
28855
28864
28866
28867
28869
28874
28879
28960
28967
29006
29017
29018
29068
29120
29122
29125
29128
29146
29147
29165
29166
29172
29180
29189
29190
29193
29211
29213
29234
29237
29249
29253
29259
29272
29284
29291
29292
29302
29310
29332
29336
29337
29340
29348
29366
29384
29395
29396
29461
29462
29501
29509
29511
29512
29513
29544
29545
29546
29547
29561
29562
29563
29564
29567
29568
29570
29572
29573
29582
29587
29678
29742
29744
29755
29775
29776
29784
29791
29794
29798
29799
29812
29846
29908
29911
29912
29913
29917
29933
29934
29935
29946
29978
29985
29987
29989
29993
30094
30140
30148
30151
30154
30164
30171
30172
30175
30176
30232
30239
30241
30267
30281
30353
30356
30359
30365
30369
30370
30401
30402
30409
30411
30413
30416
30417
30419
30422
30426
30495
30496
30498
30533
30534
30535
30536
30540
30555
30575
30585
30607
30620
30630
30634
30635
30644
30650
30651
30654
30661
30662
30666
30669
30673
30676
30677
30678
30679
30687
30708
30712
30722
30790
30795
30796
30806
30807
30831
30833
30834
30852
30854
30863
30864
30883
30886
30901
30902
30923
30925
30936
30940
30949
30965
30967
30969
31032
31035
31036
31054
31061
31063
31066
31073
31074
31083
31088
31101
31102
31106
31117
31120
31122
31129
31133
31135
31136
31137
31142
31145
31150
31162
31163
31164
31170
31190
31194
31196
31198
31210
31211
31216
31227
31228
31250
31264
31277
31288
31299
31300
31305
31306
31309
31335
31336
31337
31341
31352
31353
31363
31364
31367
31368
31369
31370
31388
31406
31410
31418
31428
31431
31438
31444
31445
31446
31447
31459
31471
31472
31473
31474
31477
31488
31489
31504
31510
31514
31518
31519
31525
31529
31532
31541
31543
31556
31562
31567
31572
31574
31587
31588
31591
31605
31609
31623
31631
31632
31633
31634
31645
31648
31677
31678
31679
31680
31696
31697
31698
31703
31705
31706
31709
31710
31711
31716
31724
31830
31880
31881
31887
31891
31925
31926
31929
31936
31953
31954
31968
31971
32007
32026
32029
32039
32041
32042
32044
32050
32055
32056
32057
32061
32105
32106
32120
32123
32132
32134
32136
32142
32197
32208
32211
32214
32240
32257
32272
32281
32288
32302
32303
32304
32307
32308
32309
32311
32313
32314
32315
32316
32317
32318
32319
32320
32321
32322
32323
32375
32470
32471
32472
32500
32510
32511
32524
32535
32536
32537
32570
32601
32604
32607
32650
32653
32656
32657
32658
32659
32660
32664
32671
32672
32674
32675
32676
32680
32686
32693
32695
32697
32706
32707
32711
32715
32724
32725
32730
32731
32732
32756
32764
32765
32776
32801
32818
32824
32874
32877
32878
32879
32895
32896
32903
32924
32930
32931
32934
32935
32936
32937
32952
32953
32958
32978
32980
32987
32991
32993
33016
33038
33044
33047
33048
33049
33053
33055
33064
33071
33080
33081
33083
33091
33097
33114
33149
33154
33155
33156
33172
33183
33188
33189
33190
33215
33217
33218
33220
33221
33222
33238
33239
33248
33250
33251
33253
33264
33267
33268
33270
33282
33302
33303
33304
33305
33334
33344
33349
33357
33359
33361
33376
33379
33385
33387
33388
33391
33394
33396
33419
33421
33422
33441
33442
33444
33446
33448
33449
33453
33488
33489
33490
33492
33498
33508
33510
33517
33532
33535
33537
33550
33562
33567
33568
33575
33576
33577
33578
33608
33612
33638
33643
33647
33653
33656
33657
33658
33659
33667
33756
33761
33762
33765
33766
33774
33795
33804
33805
33826
33827
33830
33837
33841
33847
33850
33851
33857
33860
33873
33874
33875
33876
33877
33878
33894
33897
33900
33920
33921
33922
33927
33979
33981
33983
33984
33988
33998
34003
34008
34016
34022
34037
34040
34042
34044
34075
34078
34113
34114
34116
34118
34119
34121
34124
34160
34161
34162
34164
34172
34204
34214
34215
34220
34226
34227
34228
34243
34247
34276
34281
34283
34284
34308
34309
34311
34312
34313
34315
34316
34317
34318
34321
34323
34324
34330
34347
34349
34352
34354
34360
34363
34368
34371
34374
34379
34393
34394
34450
34453
34466
34531
34533
34535
34537
34540
34543
34556
34560
34566
34567
34568
34570
34577
34578
34579
34587
34612
34614
34615
34617
34619
34701
34702
34703
34705
34706
34707
34717
34718
34719
34771
34802
34827
34830
34834
34841
34842
34847
34848
34860
34861
34862
34863
34864
34865
34866
34867
34882
34884
34886
34888
34890
34891
34926
34931
34951
34970
34979
34982
34983
34987
35003
35011
35032
35037
35038
35042
35045
35054
35055
35106
35111
35124
35394
35404
35408
35452
35453
35456
35495
35559
35569
35579
35581
35582
35606
35607
35613
35623
35631
35684
35706
35708
35710
35730
36073
36077
36147
36182
36183
36191
36192
36193
36317
36319
36324
36326
36329
36341
36345
36355
36382
36383
36384
36386
36394
36395
36401
36408
36420
36428
36430
36435
36441
36442
36462
36480
36482
36485
36513
36521
36524
36543
36553
36643
36831
36836
36837
36871
36872
36879
36880
37001
37002
37004
37005
37006
37008
37009
37011
37012
37013
37015
37021
37039
37096
37134
37171
37336
37449
37514
37584
37917
37969
38170
38187
38200
38201
38205
38245
38342
38368
38408
38409
38443
38492
38549
38566
38568
38578
38595
38628
38636
38642
38643
38686
38699
38714
38813
38823
38964
38966
38975
38987
39002
39003
39005
39008
39009
39012
39040
39041
39042
39043
39044
39045
39046
39071
39133
39134
39196
39213
39217
39280
39281
39283
39598
39645
39655
39658
39681
39683
39710
39711
39714
39715
39729
39758
39768
39769
39777
39807
39869
39884
39962
39963
39972
39973
39983
39986
40000
40005
40006
40011
40020
40049
40139
40140
40142
40146
40168
40169
40174
40178
40180
40181
40189
40205
40206
40217
40218
40222
40224
40265
40301
40344
40377
40432
40433
40434
40435
40436
40447
40456
40469
40490
40493
40507
40531
40556
40557
40560
40570
40576
40577
40578
40590
40591
40592
40609
40612
40627
40633
40643
40648
40650
40654
40655
40656
40657
40666
40667
40668
40672
40675
40680
40705
40723
40733
40788
40790
40832
40908
40909
40912
40913
40921
40933
40948
40953
40954
40974
40980
40982
40984
41017
41032
41035
41042
41047
41060
41067
41090
41101
41103
41104
41109
41112
41113
41127
41128
41177
41188
41189
41191
41232
41233
41246
41258
41264
41277
41278
41279
41299
41300
41306
41309
41378
41409
41411
41420
41550
41554
41567
41605
41606
41618
41621
41622
41632
41648
41649
41650
41653
41660
41661
41666
41670
41675
41762
41801
41846
41848
41850
41851
41852
41854
41858
41868
41878
41970
41978
41989
41992
42029
42035
42038
42040
42048
42058
42060
42103
42105
42140
42191
42194
42205
42215
42246
42251
42255
42257
42258
42261
42263
42264
42274
42288
42356
42383
42423
42450
42467
42468
42488
42494
42498
42520
42523
42542
42626
42629
42651
42693
42700
42707
42742
42810
42827
42832
42834
42870
42871
42889
42903
42913
42939
42943
42944
42947
42953
42974
42990
42991
43002
43004
43005
43011
43012
43013
43017
43023
43033
43034
43137
43140
43154
43164
43165
43177
43211
43252
43270
43272
43277
43278
43302
43303
43304
43332
43366
43368
43370
43384
43385
43387
43390
43391
43392
43483
43486
43536
43537
43539
43561
43573
43575
43626
43632
43640
43685
43707
43720
43736
43738
43817
43818
43819
43820
43823
43824
43826
43827
43829
43830
43831
43833
43835
43849
43858
43935
43951
43984
43988
44001
44008
44009
44013
44014
44018
44027
44051
44052
44124
44130
44157
44158
44165
44180
44205
44211
44217
44221
44239
44240
44265
44283
44304
44374
44389
44411
44427
44484
44514
44601
44604
44649
44651
44652
44659
44679
44692
44693
44812
44817
44820
44823
44824
44826
44832
44841
44846
44847
44848
44849
44850
44853
44936
44942
44953
44954
44961
44993
45010
45011
45014
45016
45040
45041
45106
45109
45116
45117
45123
45124
45125
45130
45136
45159
45160
45163
45164
45251
45252
45330
45353
45401
45406
45423
45430
45436
45455
45462
45474
45475
45479
45481
45482
45487
45488
45495
45496
45500
45501
45508
45510
45511
45515
45522
45528
45532
45533
45534
45541
45548
45549
45572
45589
45592
45599
45600
45629
45630
45640
45644
45648
45651
45652
45656
45672
45677
45699
45700
45703
45740
45754
45761
45762
45763
45794
45796
45807
45822
45844
45865
45882
45896
45897
45901
45914
45915
45917
45922
45923
45946
45961
45966
45967
45976
45981
45983
45989
45992
46003
46017
46062
46067
46077
46080
46094
46097
46103
46104
46105
46106
46121
46123
46133
46172
46175
46188
46197
46198
46200
46203
46204
46206
46207
46215
46249
46253
46257
46262
46266
46271
46279
46280
46281
46297
46309
46310
46313
46316
46318
46324
46325
46327
46328
46347
46390
46391
46395
46397
46414
46417
46420
46422
46430
46431
46436
46437
46460
46468
46469
46487
46520
46521
46522
46526
46555
46574
46578
46610
46613
46632
46635
46687
46738
46788
46794
46801
46806
46807
46844
46845
46850
46865
46870
46871
46877
46882
46884
46887
46897
46906
46914
46918
46922
46924
46934
46935
46938
46958
46959
46965
46966
46970
46997
47015
47079
47090
47127
47128
47131
47132
47142
47194
47253
47287
47339
47396
47398
47420
47426
47427
47428
47430
47435
47450
47453
47454
47455
47457
47460
47470
47499
47542
47583
47599
47601
47617
47619
47640
47643
47649
47660
47662
47679
47694
47700
47701
47706
47707
47708
47710
47717
47718
47723
47724
47725
47727
47730
47739
47744
47752
47765
47773
47776
47777
47819
47820
47828
47830
47831
47835
47860
47861
47866
47901
47902
47908
47910
47913
47915
47916
47917
47918
47949
47957
47961
47962
47963
47968
47969
47980
48013
48025
48050
48051
48054
48063
48073
48078
48103
48110
48133
48134
48147
48155
48172
48187
48188
48206
48210
48211
48217
48222
48227
48233
48237
48238
48267
48276
48277
48282
48283
48297
48298
48303
48320
48321
48322
48328
48331
48338
48346
48347
48348
48349
48354
48358
48375
48376
48380
48381
48382
48385
48390
48397
48403
48406
48407
48420
48424
48455
48518
48524
48535
48536
48539
48541
48550
48551
48555
48557
48561
48568
48578
48588
48601
48606
48607
48608
48610
48668
48670
48671
48683
48688
48691
48697
48698
48700
48702
48708
48712
48722
48730
48743
48818
48823
48888
48890
48896
48897
48901
48903
48909
48955
48956
48957
48959
49004
49017
49033
49068
49103
49109
49111
49119
49120
49122
49128
49182
49233
49235
49236
49238
49239
49267
49304
49339
49349
49352
49363
49365
49367
49368
49387
49390
49392
49394
49399
49400
49410
49414
49426
49427
49445
49446
49451
49474
49475
49477
49478
49480
49483
49486
49546
49573
49585
49611
49616
49635
49640
49642
49658
49663
49668
49673
49675
49685
49693
49696
49716
49724
49725
49730
49735
49736
49737
49740
49752
49758
49763
49800
49801
49827
49831
49846
49858
49859
49929
50023
50024
50041
50042
50062
50135
50144
50147
50156
50162
50186
50187
50188
50190
50195
50259
50282
50317
50319
50321
50424
50425
50429
50433
50434
50503
50531
50549
50560
50630
50631
50633
50634
50635
50637
50638
50639
50642
50643
50644
50646
50692
50694
50700
50704
50710
50713
50734
50740
50741
50812
50839
50840
50850
50855
50867
50898
50916
50981
50988
50990
50997
51022
51023
51024
51029
51040
51073
51080
51105
51116
51163
51178
51179
51180
51181
51203
51209
51210
51227
51229
51231
51234
51235
51240
51252
51253
51254
51261
51267
51274
51276
51283
51289
51299
51300
51301
51305
51311
51316
51317
51319
51320
51322
51323
51324
51332
51359
51360
51364
51368
51369
51373
51378
51380
51383
51391
51392
51393
51404
51426
51427
51430
51433
51434
51460
51471
51479
51489
51490
51492
51500
51510
51549
51558
51559
51566
51568
51574
51576
51578
51582
51587
51591
51593
51598
51614
51615
51620
51624
51635
51641
51642
51643
51644
51645
51646
51686
51707
51725
51727
51728
51739
51740
51746
51752
51753
51754
51757
51777
51797
51799
51802
51803
51804
51805
51806
51809
51813
51820
51824
51826
51828
51839
51869
51877
51891
51898
51905
51916
51922
51928
51932
51933
51934
51937
51944
51984
51993
52003
52018
52019
52022
52027
52029
52038
52043
52046
52048
52056
52058
52064
52075
52090
52101
52102
52105
52106
52108
52109
52117
52118
52124
52133
52134
52136
52144
52149
52161
52162
52169
52171
52190
52193
52199
52206
52210
52213
52216
52235
52244
52261
52262
52265
52266
52276
52279
52281
52284
52286
52293
52297
52298
52304
52305
52312
52313
52325
52326
52329
52330
52343
52345
52350
52358
52374
52379
52380
52381
52389
52390
52396
52399
52408
52413
52417
52430
52431
52433
52446
52454
52455
52468
52477
52481
52495
52496
52503
52504
52508
52510
52511
52543
52567
52578
52592
52595
52611
52649
52653
52656
52670
52740
52741
52780
52781
52784
52797
52807
52812
52914
52917
52922
52924
52937
52943
52965
52966
52990
52991
52992
53027
53040
53055
53056
53061
53062
53063
53066
53069
53074
53075
53079
53089
53091
53094
53098
53108
53115
53123
53158
53169
53170
53245
53252
53253
53266
53267
53268
53269
53271
53277
53279
53280
53286
53290
53293
53309
53374
53391
53396
53403
53406
53408
53409
53418
53421
53437
53450
53452
53457
53458
53460
53462
53463
53470
53478
53480
53514
53515
53517
53520
53521
53531
53536
53540
53542
53543
53552
53558
53561
53565
53571
53575
53576
53585
53586
53588
53591
53601
53641
53642
53648
53654
53679
53690
53707
53709
53713
53714
53716
53717
53725
53747
53757
53768
53773
53784
53786
53792
53799
53802
53813
53817
53820
53824
53832
53835
53837
53845
53850
53858
53859
53861
53866
53868
53871
53874
53875
53876
53880
53881
53882
53919
53928
53960
53964
53966
53968
53972
53978
53979
53983
53985
53999
54000
54001
54003
54004
54005
54006
54007
54011
54012
54013
54014
54020
54025
54032
54033
54034
54041
54055
54056
54059
54061
54062
54064
54089
54090
54092
54094
54099
54102
54105
54119
54120
54133
54139
54140
54223
54225
54236
54252
54253
54293
54294
54297
54299
54301
54303
54337
54359
54364
54365
54366
54367
54368
54369
54370
54390
54401
54423
54424
54427
54428
54432
54434
54439
54447
54456
54457
54465
54468
54472
54473
54482
54483
54484
54485
54486
54487
54488
54491
54493
54501
54502
54508
54511
54512
54525
54597
54603
54605
54616
54619
54626
54633
54649
54660
54676
54677
54682
54690
54691
54708
54710
54712
54713
54715
54723
54725
54726
54727
54732
54806
54809
54882
54885
54890
54894
54912
54956
54977
55029
55031
55040
55193
55387
55389
55392
55533
55550
55554
55559
55565
55594
55609
55614
55636
55649
55663
55665
55720
55723
55726
55732
55739
55745
55786
55879
55980
55990
56007
56014
56015
56020
56038
56049
56052
56053
56062
56076
56079
56085
56092
56210
56261
56322
56325
56330
56337
56345
56375
56376
56377
56381
56415
56417
56418
56429
56436
56439
56441
56446
56454
56458
56466
56476
56496
56499
56500
56501
56514
56520
56525
56531
56537
56541
56545
56548
56553
56572
56575
56650
56652
56655
56657
56673
56678
56683
56693
56698
56700
56703
56708
56709
56717
56720
56728
56742
56747
56750
56753
56755
56757
56761
56763
56767
56776
56799
56817
56818
56828
56839
56856
56857
56859
56860
56861
56863
56865
56866
56867
56868
56871
56872
56875
56887
56895
56916
56920
56939
56945
56946
56960
56999
57001
57002
57003
57007
57008
57023
57025
57026
57027
57028
57029
57030
57045
57048
57058
57060
57067
57076
57083
57088
57104
57107
57112
57116
57117
57118
57124
57125
57127
57155
57159
57160
57167
57185
57193
57205
57224
57228
57236
57250
57277
57280
57287
57289
57297
57310
57314
57357
57364
57367
57368
57379
57385
57386
57391
57433
57437
57448
57455
57456
57457
57463
57474
57475
57513
57523
57555
57563
57760
57766
57809
57810
57811
57812
57813
57816
57817
57819
57820
57821
57822
57825
57833
57840
57843
57881
57907
57909
57911
57912
57914
57917
57929
57930
57933
57934
57935
57936
57937
57938
57943
57947
57949
57953
57978
57979
57986
57988
58006
58008
58108
58142
58147
58148
58168
58169
58171
58178
58183
58190
58192
58236
58243
58244
58248
58252
58253
58260
58271
58282
58284
58285
58291
58310
58325
58329
58333
58342
58368
58372
58382
58383
58394
58397
58403
58406
58412
58419
58428
58432
58435
58441
58468
58470
58478
58487
58492
58495
58516
58520
58528
58549
58560
58578
58585
58626
58638
58639
58644
58659
58674
58675
58676
58678
58679
58680
58682
58683
58684
58685
58688
58689
58691
58703
58716
58747
58748
58751
58753
58755
58757
58767
58768
58769
58770
58771
58772
58774
58784
58805
58806
58817
58818
58859
58862
58866
58907
58921
58927
58934
58940
58943
58946
58948
58952
58953
58955
58960
58968
59010
59015
59045
59051
59052
59053
59061
59064
59081
59094
59095
59101
59385
59391
59406
59436
59438
59445
59458
59466
59488
59495
59541
59618
59643
59645
59648
59655
59656
59657
59675
59744
59745
59747
59748
59749
59751
59752
59753
59755
59758
59759
59761
59764
59765
59771
59782
59786
59788
59846
59876
59879
59881
59882
59885
59886
59895
59897
59898
59899
59900
59901
59903
59907
59923
59931
59935
59944
59946
59949
59959
59960
59968
59970
59980
60000
60007
60017
60024
60060
60062
60066
60086
60117
60126
60133
60134
60152
60155
60174
60186
60201
60219
60227
60228
60230
60260
60269
60281
60303
60330
60331
60350
60353
60355
60356
60359
60368
60369
60370
60371
60372
60378
60394
60403
60420
60425
60430
60445
60459
60465
60474
60482
60484
60489
60496
60505
60518
60607
60610
60701
60736
60739
60743
60747
60752
60756
60758
60761
60764
60766
60770
60775
60778
60804
60809
60813
60823
60832
60835
60843
60846
60848
60856
60978
60981
61032
61034
61036
61045
61157
61213
61214
61240
61263
61266
61269
61272
61274
61275
61279
61281
61288
61308
61325
61328
61340
61350
61361
61367
61381
61387
61391
61405
61410
61414
61416
61450
61457
61495
61505
61520
61569
61571
61574
61580
61587
61613
61614
61621
61633
61692
61704
61719
61729
61737
61739
61753
61763
61794
61908
61911
61915
61929
61935
61944
61959
61960
61975
61978
61983
61987
62009
62112
62139
62142
62151
62218
62307
62311
62317
62318
62319
62320
62328
62334
62338
62341
62344
62349
62420
62485
62488
62491
62502
62523
62526
62536
62642
62646
62652
62690
62698
62704
62712
62726
62727
62730
62739
62747
62797
62885
62942
62946
62963
62965
62970
62982
63014
63024
63032
63033
63048
63049
63070
63077
63078
63130
63133
63137
63140
63144
63148
63150
63152
63155
63161
63165
63166
63167
63171
63173
63191
63240
63243
63248
63271
63273
63309
63374
63375
63443
63448
63454
63456
63461
63468
63475
63477
63479
63482
63485
63490
63493
63496
63497
63500
63503
63504
63508
63511
63515
63517
63521
63522
63529
63538
63566
63580
63585
63586
63597
63753
63811
63813
63817
63826
63827
63828
63847
63849
63851
63859
63860
63861
63866
63867
63873
63874
63888
63891
63893
63896
63901
63905
63916
63951
63986
63991
63992
63995
64000
64001
64010
64026
64033
64036
64038
64052
64075
64078
64081
64084
64094
64103
64108
64115
64128
64133
64136
64137
64141
64144
64147
64148
64155
64157
64159
64165
64168
64175
64176
64180
64181
64185
64188
64194
64199
64202
64209
64221
64255
64272
64287
64296
64298
64301
64303
64313
64320
64321
64327
64331
64332
64335
64337
64340
64355
64360
64368
64372
64373
64396
64399
64400
64401
64402
64404
64409
64417
64420
64438
64444
64445
64447
64449
64450
64452
64456
64458
64461
64463
64465
64466
64479
64481
64488
64491
64492
64495
64498
64501
64506
64507
64508
64512
64516
64517
64518
64527
64530
64532
64534
64536
64538
64544
64546
64595
64615
64623
64626
64678
64682
64708
64722
64738
64741
64747
64750
64751
64754
64757
64759
64762
64766
64927
65030
65036
65040
65047
65066
65069
65094
65113
65117
65122
65123
65173
65178
65213
65229
65233
65245
65255
65256
65259
65271
65274
65350
65351
65361
65362
65364
65365
65366
65368
65439
65468
65488
65489
65494
65495
65496
65501
65534
65536
65546
65556
65564
65566
65567
65570
65571
65576
65577
65587
65617
65630
65732
65744
65745
65746
65747
65748
65749
65750
65818
65819
65821
65822
65823
65824
65840
65848
65852
65861
65873
65915
66109
66166
66171
66229
66244
66268
66269
66310
66324
66325
66326
66327
66329
66331
66332
66333
66347
66391
66441
66446
66447
66448
66449
66451
66453
66454
66455
66456
66457
66458
66463
66468
66480
66489
66496
66499
66504
66511
66513
66514
66515
66516
66517
66518
66519
66520
66521
66522
66523
66524
66525
66530
66535
66543
66548
66575
66609
66626
66628
66648
66666
66686
66697
66729
66736
66753
66854
66880
66882
66897
66920
66940
66941
66942
66957
66960
66961
66971
66972
66987
66988
67011
67012
67013
67014
67016
67107
67134
67140
67143
67150
67157
67158
67165
67166
67172
67174
67178
67184
67193
67198
67200
67225
67242
67244
67245
67264
67289
67386
67395
67403
67407
67408
67431
67434
67439
67445
67452
67453
67454
67455
67456
67457
67458
67459
67465
67480
67504
67538
67551
67720
67735
67736
67749
67750
67791
67795
67810
67814
67822
67827
67856
67861
67864
67867
67921
67922
67970
67976
67986
68022
68024
68030
68031
68037
68041
68049
68051
68052
68054
68059
68061
68062
68124
68130
68177
68180
68182
68184
68185
68187
68188
68194
68231
68249
68251
68252
68256
68266
68269
68270
68301
68418
68420
68422
68423
68424
68438
68482
68483
68512
68567
68569
68571
68573
68585
68633
68634
68639
68652
68677
68680
68692
68693
68706
68708
68712
68713
68715
68758
68777
68810
68835
68836
68851
68855
68942
68949
68950
68959
68960
68961
68962
68964
68972
68974
68980
68982
68983
68988
68994
68997
68998
69002
69005
69025
69027
69032
69033
69042
69089
69127
69147
69148
69163
69164
69172
69195
69196
69229
69231
69244
69245
69246
69250
69262
69280
69301
69313
69314
69316
69338
69387
69388
69393
69433
69437
69440
69444
69461
69465
69592
69595
69606
69621
69635
69639
69641
69647
69667
69668
69669
69672
69820
69821
69822
69823
69824
69825
69832
69836
69856
69857
69860
69862
69865
69869
69871
69884
69885
69888
69898
69916
69950
69966
69986
69994
70026
70035
70037
70038
70054
70069
70105
70111
70112
70113
70114
70115
70116
70120
70127
70128
70129
70130
70131
70132
70133
70134
70137
70142
70147
70153
70156
70161
70176
70180
70190
70195
70199
70200
70272
70276
70277
70278
70284
70289
70308
70310
70344
70363
70365
70377
70431
70434
70437
70451
70486
70495
70500
70501
70508
70519
70524
70535
70536
70538
70542
70569
70613
70617
70635
70636
70638
70639
70640
70641
70646
70647
70656
70662
70669
70670
70677
70685
70690
70722
70723
70728
70750
70761
70762
70763
70778
70788
70820
70821
70824
70826
70830
70855
70869
70874
70887
70890
70892
70894
70895
70897
70900
70904
70907
70908
70916
70922
70926
70939
70942
70947
70961
70962
70980
70981
70982
70983
70993
71155
71157
71158
71161
71163
71164
71166
71168
71169
71171
71172
71173
71179
71180
71181
71182
71185
71187
71188
71192
71196
71198
71199
71211
71215
71219
71270
71272
71285
71286
71295
71297
71305
71317
71318
71319
71325
71339
71340
71344
71345
71346
71354
71360
71366
71396
71402
71403
71406
71411
71419
71424
71458
71463
71466
71508
71518
71528
71678
71697
71698
71702
71704
71707
71709
71715
71728
71732
71733
71737
71746
71752
71770
71775
71792
71813
71826
71906
71907
71922
71924
71927
71970
71971
71974
71976
71977
71986
71990
71992
72016
72026
72073
72084
72096
72097
72099
72103
72105
72106
72129
72130
72155
72176
72182
72183
72209
72210
72227
72240
72265
72266
72296
72308
72309
72314
72316
72323
72325
72333
72336
72337
72368
72372
72375
72388
72397
72399
72407
72439
72448
72449
72460
72463
72468
72471
72472
72487
72491
72493
72496
72506
72526
72534
72544
72546
72576
72577
72578
72579
72589
72590
72598
72607
72608
72650
72651
72652
72654
72656
72666
72674
72704
72716
72717
72723
72724
72726
72728
72729
72735
72738
72739
72742
72746
72747
72749
72770
72800
72806
72807
72809
72826
72842
72846
72863
72866
72890
72891
72906
72953
72958
73004
73011
73012
73014
73016
73028
73029
73036
73077
73088
73098
73102
73124
73143
73144
73149
73155
73157
73193
73194
73201
73202
73216
73220
73221
73222
73230
73252
73253
73254
73255
73256
73319
73369
73371
73372
73392
73393
73401
73402
73404
73412
73424
73428
73435
73441
73446
73448
73464
73469
73490
73499
73504
73505
73506
73517
73527
73528
73529
73534
73548
73555
73561
73566
73573
73586
73590
73591
73593
73594
73595
73596
73604
73607
73610
73615
73627
73655
73660
73665
73676
73682
73684
73688
73699
73702
73703
73705
73707
73723
73756
73760
73765
73766
73770
73771
73772
73776
73798
73800
73802
73805
73807
73829
73830
73834
73846
73901
73911
73916
73920
73962
73967
73968
73975
73976
73980
73983
73998
74000
74107
74152
74158
74159
74169
74211
74212
74221
74222
74223
74224
74227
74228
74230
74233
74235
74241
74246
74258
74261
74265
74268
74269
74307
74324
74339
74341
74342
74344
74345
74347
74349
74351
74360
74361
74363
74370
74372
74373
74392
74408
74411
74412
74413
74416
74474
74494
74495
74499
74503
74505
74506
74510
74511
74544
74561
74572
74576
74583
74584
74601
74604
74610
74614
74616
74617
74618
74622
74624
74627
74629
74630
74633
74636
74638
74646
74648
74649
74653
74657
74664
74672
74674
74675
74684
74686
74703
74719
74722
74725
74758
74760
74762
74783
74788
74797
74802
74803
74814
74821
74824
74825
74830
74833
74839
74883
74908
74913
74915
74958
74963
74973
74982
74990
74993
75003
75011
75013
75015
75016
75020
75024
75025
75026
75027
75028
75029
75030
75067
75075
75089
75103
75108
75117
75122
75123
75147
75148
75153
75157
75164
75166
75179
75182
75186
75189
75195
75206
75207
75240
75241
75242
75243
75245
75270
75278
75287
75288
75335
75338
75344
75352
75403
75548
75555
75557
75576
75659
75666
75667
75669
75671
75672
75675
75685
75702
75710
75730
75756
75758
75759
75761
75763
75765
75769
75770
75773
75774
75777
75779
75781
75782
75783
75787
75788
75790
75791
75809
75840
75843
75846
75851
75856
75868
75869
75881
75885
75914
75969
75970
75984
76018
76019
76021
76025
76026
76042
76048
76050
76055
76063
76065
76067
76072
76078
76114
76116
76140
76168
76171
76174
76175
76178
76181
76185
76188
76189
76190
76195
76218
76243
76252
76258
76262
76270
76271
76274
76276
76277
76278
76301
76304
76305
76313
76336
76337
76346
76355
76356
76357
76358
76362
76366
76367
76369
76389
76390
76397
76424
76431
76433
76445
76452
76453
76485
76505
76506
76507
76760
76778
76779
76780
76781
76784
76818
76826
76849
76872
76878
76965
76969
76972
76981
77065
77071
77074
77075
77089
77090
77098
77099
77104
77113
77119
77121
77123
77130
77132
77133
77134
77142
77144
77148
77150
77152
77157
77188
77202
77212
77233
77243
77253
77323
77365
77367
77369
77380
77388
77396
77404
77407
77411
77418
77419
77420
77421
77458
77460
77467
77471
77472
77478
77483
77485
77497
77501
77504
77536
77552
77553
77561
77573
77574
77576
77580
77585
77587
77588
77591
77593
77594
77607
77608
77645
77658
77669
77675
77681
77683
77691
77705
77721
77726
77727
77734
77741
77743
77784
77794
77808
77816
77818
77889
77891
77894
77896
77898
77900
77902
77905
77906
77909
77913
77923
77930
77931
77932
77951
77971
77972
77974
77976
77979
77980
77982
77984
77985
77987
77990
77992
77994
77996
77998
78001
78007
78015
78050
78053
78054
78067
78083
78096
78105
78106
78107
78108
78109
78137
78138
78169
78189
78201
78203
78205
78207
78208
78210
78212
78213
78215
78216
78218
78371
78372
78374
78375
78376
78377
78378
78380
78382
78383
78385
78386
78388
78389
78391
78393
78394
78397
78398
78401
78403
78412
78434
78439
78449
78450
78488
78491
78501
78539
78572
78575
78582
78599
78604
78605
78606
78607
78611
78630
78638
78647
78660
78662
78671
78672
78686
78690
78694
78697
78698
78703
78735
78736
78743
78783
78786
78789
78792
78795
78802
78803
78804
78805
78806
78807
78808
78809
78810
78815
78822
78826
78835
78836
78845
78846
78932
78933
78942
78958
78971
78972
78994
79001
79009
79010
79011
79040
79044
79046
79050
79116
79119
79167
79168
79376
79683
79899
79914
79924
79954
80041
80203
80313
80350
80568
80575
80590
80592
80601
80602
80605
80606
80613
80629
80634
80649
80658
80659
80686
80691
80718
80719
80720
80768
80769
80770
80777
80851
80852
80860
80865
80873
80878
80894
80895
80897
80965
80991
80992
81001
81005
81006
81022
81024
81031
81093
81096
81097
81101
81102
81117
81149
81158
81159
81161
81162
81163
81183
81296
81317
81318
81324
81326
81328
81331
81332
81333
81334
81336
81345
81348
81351
81352
81452
81458
81464
81467
81478
81481
81482
81491
81496
81509
81513
81526
81529
81545
81552
81554
81557
81560
81565
81582
81666
81667
81670
81672
81674
81833
81838
81841
81842
81858
81860
81867
81868
81951
81954
81963
82113
82126
82130
82151
82157
82160
82162
82327
82340
82360
82366
82370
82376
82383
82384
82394
82400
82502
82515
82522
82525
82527
82533
82545
82566
82570
82575
82579
82581
82584
82587
82604
82605
82682
82685
82712
82713
82715
82722
82724
82728
82731
82733
82737
82739
82755
82756
82757
82895
82898
82902
82903
82907
82914
82917
82921
82922
82936
82939
83040
83046
83074
83087
83090
83106
83113
83150
83154
83165
83167
83172
83174
83178
83183
83185
83201
83215
83221
83229
83234
83254
83257
83283
83290
83293
83296
83297
83298
83299
83302
83309
83310
83323
83327
83333
83335
83380
83407
83408
83547
83548
83607
83652
83657
83659
83660
83665
83666
83948
83951
83955
83958
84027
84041
84053
84322
84328
84332
84336
84343
84347
84350
84354
84431
84465
84468
84470
84476
84482
84484
84493
84501
84502
84525
84538
84576
84577
84614
84617
84629
84631
84632
84636
84643
84644
84645
84647
84656
84680
84709
84710
84720
84731
84732
84738
84739
84838
84868
84941
84946
84947
84977
84978
84980
84981
84984
84985
85141
85142
85143
85144
85145
85146
85161
85162
85165
85191
85192
85193
85194
85211
85224
85227
85228
85229
85244
85247
85274
85292
85323
85342
85343
85350
85353
85373
85384
85385
85386
85388
85390
85391
85392
85400
85417
85418
85419
85420
85421
85472
85506
85507
85541
85574
85589
85592
85610
85622
85625
85633
85687
85691
85706
85723
85726
85740
85742
85751
85760
85763
85765
85769
85774
85777
85796
85800
85801
85802
85803
85804
85813
85827
85838
85866
85869
85872
85875
85876
85882
85885
85893
85894
85900
85901
85902
85904
85919
85943
85955
85956
85958
85959
85960
85964
85972
86042
86043
86057
86059
86062
86070
86071
86077
86111
86112
86117
86122
86123
86131
86134
86139
86142
86148
86151
86154
86155
86164
86221
86236
86237
86307
86351
86352
86408
86478
86486
86490
86491
86548
86574
86576
86578
86579
86584
86586
86590
86594
86595
86598
86600
86602
86604
86605
86608
86613
86615
86617
86619
86670
86678
86686
86687
86708
86727
86736
86737
86738
86739
86740
86741
86742
86743
86744
86745
86750
86751
86775
86795
86877
86886
86895
86959
86961
86983
86984
86992
86995
86997
87014
87015
87016
87030
87032
87045
87048
87057
87058
87071
87072
87073
87079
87080
87085
87091
87108
87115
87116
87117
87118
87119
87125
87133
87156
87168
87195
87198
87220
87224
87225
87229
87230
87253
87272
87273
87274
87286
87309
87331
87338
87356
87357
87363
87383
87384
87395
87439
87440
87442
87445
87461
87462
87479
87488
87490
87499
87525
87526
87529
87537
87555
87558
87561
87579
87581
87582
87584
87614
87616
87628
87630
87635
87638
87639
87644
87647
87648
87651
87654
87660
87708
87730
87743
87744
87745
87746
87747
87749
87750
87755
87759
87765
87769
87832
87837
87844
87846
87852
87856
87888
87890
87892
87894
87896
87898
87899
87906
87907
87909
87911
87912
87913
87927
87975
87980
87981
87988
87989
88056
88074
88075
88101
88146
88147
88308
88309
88314
88315
88329
88331
88369
88442
88461
88464
88465
88469
88473
88477
88479
88484
88491
88494
88499
88528
88529
88531
88565
88570
88572
88611
88620
88623
88631
88637
88638
88658
88661
88701
88702
88703
88704
88712
88736
88737
89158
89176
89177
89194
89207
89208
89213
89215
89216
89222
89228
89255
89268
89302
89310
89311
89322
89361
89382
89383
89430
89440
89441
89449
89450
89460
89477
89510
89511
89512
89513
89514
89548
89563
89564
89568
89569
89576
89590
89591
89592
89598
89605
89606
89610
89641
89642
89644
89649
89650
89652
89656
89661
89662
89663
89672
89678
89679
89693
89694
89700
89702
89711
89733
89734
89737
89756
89767
89770
89771
89799
89800
89809
89816
89830
89832
89883
89889
89891
89894
89895
89896
89898
89937
89965
89968
89973
89974
89997
90012
90018
90020
90090
90147
90151
90205
90378
90408
90533
90720
90761
90763
90785
90817
90860
90861
90865
90943
90978
90985
90988
91147
91169
91240
91382
91383
91478
91524
91568
91576
91654
91665
91784
91843
91846
92001
92157
92160
92312
92317
92474
92481
92482
92493
92502
92509
92521
92534
92536
92538
92550
92560
92567
92576
92581
92599
92606
92608
92609
92613
92856
92857
92894
92896
92898
92900
92901
92904
92906
92984
92985
92994
93021
93022
93029
93060
93061
93070
93086
93092
93103
93106
93107
93108
93109
93111
93123
93128
93129
93130
93135
93160
93161
93165
93166
93192
93219
93241
93244
93245
93247
93249
93250
93261
93265
93267
93268
93292
93295
93296
93305
93307
93316
93325
93339
93340
93343
93344
93359
93360
93361
93362
93365
93366
93372
93378
93383
93403
93408
93409
93426
93437
93438
93439
93442
93445
93448
93456
93481
93497
93507
93509
93512
93513
93514
93518
93521
93526
93546
93560
93561
93562
93609
93619
93620
93634
93677
93679
93683
93686
93688
93702
93704
93707
93711
93712
93718
93725
93726
93741
93742
93773
93776
93778
93780
93788
93790
93799
93801
93802
93805
93809
93821
93832
93844
93877
93880
93881
93882
93884
93886
93890
93891
93894
93895
93896
93897
93902
93918
93961
93981
93983
94040
94044
94046
94047
94049
94052
94053
94056
94057
94062
94072
94079
94108
94177
94182
94319
94321
94327
94328
94333
94336
94341
94342
94353
94356
94357
94359
94360
94362
94364
94366
94369
94374
94376
94377
94390
94432
94435
94438
94439
94811
95007
95009
95016
95076
95081
95112
95113
95117
95181
95381
95386
95434
95435
95526
95529
95532
95535
95537
95540
95541
95771
95774
95775
95779
95780
95783
95803
95806
95822
95824
95829
95837
95845
95855
95857
95859
95865
95869
95871
95881
95986
95998
96005
96006
96009
96121
96123
96162
96198
96205
96206
96242
96243
96263
96278
96319
96347
96408
96409
96485
96561
96563
96567
96568
96573
96578
96579
96580
96581
96582
96584
96673
96677
96678
96679
96694
96711
96996
97394
97396
97401
97416
97419
97422
97423
97455
97615
97662
97674
97801
97807
97864
97868
97902
97903
97905
97906
97909
97955
97971
97972
97983
98188
98362
98366
98572
98573
98574
98610
98619
98626
98671
98960
98965
98993
99028
99029
99030
99031
99032
99033
99054
99066
99071
99112
99205
99302
99522
99535
99536
99537
99538
99539
99550
99584
99585
99593
99596
99660
99748
99761
99768
99777
100120
100121
100436
100491
100625
100695
101448
101451
101592
101743
101866
101927
101928
101935
101937
101965
101974
102018
102112
102139
102229
102272
102277
102282
102284
102297
102316
102319
102324
102330
102332
102340
102345
102391
102408
102585
102886
103108
103115
103121
103312
103331
103364
103432
103435
103436
103437
103451
103458
103466
103467
103472
103482
103485
103488
103508
103523
103660
103666
103669
103687
103704
103709
103726
103739
103742
103748
103781
103795
103797
103806
103823
103858
103900
104001
104002
104071
104074
104077
104078
104079
104080
104081
104082
104083
104084
104085
104086
104087
104088
104089
104090
104091
104098
104100
104105
104112
104127
104131
104139
104148
104157
104161
104169
104174
104182
104194
104202
104208
104215
104224
104241
104245
104249
104253
104271
104275
104276
104277
104330
104336
104477
104482
104498
104539
104542
104551
104554
104558
104561
104574
104577
104584
104591
104603
104610
104619
104666
104677
104691
104746
104752
104779
104782
104783
104795
104800
104833
104849
104854
104857
104859
104862
104865
104869
104871
104872
104891
104893
104895
104899
104901
104905
104911
104919
104924
104927
104934
104939
104943
104950
105022
105042
105052
105055
105058
105061
105092
105098
105104
105110
105194
105243
105269
105300
105302
105303
105304
105308
105311
105314
105318
105329
105335
105340
105344
105348
105353
105360
105362
105373
105376
105380
105384
105388
105393
105446
105449
105452
105455
105463
105466
105475
105476
105493
105498
105504
105506
105529
105537
105542
105547
105551
105572
105577
105593
105595
105600
105640
105641
105645
105648
105651
105654
105657
105660
105669
105671
105727
105733
105741
105743
105757
105768
105774
105778
105782
105788
105799
105803
105836
105844
105892
105973
105985
105998
106002
106019
106024
106025
106036
106037
106048
106050
106057
106070
106072
106076
106103
106117
106148
106167
106173
106313
106504
106735
106766
106767
106769
106774
106775
106776
106777
106778
106779
106781
106784
106787
106794
106801
106814
106820
106839
106850
106859
106870
106917
107060
107064
107071
107145
107150
107161
107163
107174
107211
107223
107225
107235
107239
107242
107310
107316
107353
107363
107464
107467
107472
107529
107538
107543
107555
107560
107566
107580
107603
107626
107627
107628
107629
107633
107638
107649
107654
107657
107662
107685
107694
107764
107783
108005
108006
108018
108026
108198
108222
108247
108270
108367
108392
108396
108411
108816
108827
108841
108876
108921
108922
108926
108929
109232
109233
109234
109235
109298
109299
109348
109362
109432
109457
109472
109473
109474
109505
109506
109546
109559
109560
109583
109586
109587
109588
109589
109593
109594
109599
109600
109601
109602
109627
109675
109676
109677
109773
109776
109781
109782
109851
109883
109911
109912
109917
109918
109919
109920
109940
109943
110012
110013
110014
110034
110035
110065
110086
110089
110101
110102
110129
110153
110154
110157
110166
110170
110173
110180
110181
110189
110197
110214
110215
110218
110219
110221
110231
110250
110264
110293
110335
110380
110387
110394
110417
110418
110422
110423
110446
110449
110451
110465
110477
110488
110503
110504
110550
110551
110570
110575
110583
110592
110601
110604
110605
110606
110607
110608
110612
110659
110661
110672
110673
110674
110681
110693
110694
110696
110736
110739
110758
110766
110799
110800
110802
110825
110835
110837
110839
110840
110844
110845
110847
110954
110955
110956
110957
110958
110959
110960
111042
111072
111081
111089
111151
111163
111197
111198
111199
111211
111218
111219
111223
111225
111230
111231
111236
111241
111252
111253
111262
111263
111266
111273
111293
111294
111296
111303
111304
111312
111314
111331
111356
111375
111482
111493
111513
111514
111519
111520
111524
111528
111537
111538
111539
111541
111559
111637
111640
111641
111650
111668
111671
111680
111681
111850
111909
111966
111968
111980
111997
112045
112058
112061
112062
112063
112065
112067
112068
112088
112114
112120
112123
112125
112131
112132
112151
112187
112190
112225
112255
112305
112313
112314
112315
112316
112317
112337
112355
112356
112402
112407
112408
112409
112411
112414
112415
112419
112425
112429
112458
112459
112460
112483
112485
112488
112490
112502
112503
112505
112508
112514
112516
112517
112523
112605
112638
112639
112645
112646
112652
112668
112670
112680
112695
112702
112704
112720
112722
112724
112810
112811
112812
112822
112872
112873
112874
112875
112876
112877
112879
112882
112887
112888
112889
112890
112891
112892
112897
112901
112908
112912
112919
112920
112921
112923
112928
112933
112934
112938
112950
112953
112964
112973
112974
112975
112976
112982
112986
112990
112995
112998
113038
113040
113094
113095
113130
113131
113134
113135
113150
113163
113167
113292
113333
113619
113620
113663
113786
113838
113839
113840
113841
113842
113843
113849
114012
114056
114092
114108
114155
114159
114160
114161
114163
114165
114174
114178
114193
114203
114211
114224
114298
114345
114493
114502
114510
114513
114517
114518
114519
114520
114521
114573
114576
114597
114598
114623
114634
114668
114677
114719
114735
114744
114755
114761
114783
114787
114789
114799
114803
114814
114815
114960
115128
115153
115154
115285
115290
115294
115468
115478
115503
115539
115701
115702
115727
115756
116018
116025
116118
116119
116124
116126
116181
116326
116503
116508
116708
116709
116767
116779
117081
117094
117159
117226
117354
117394
117718
117732
117978
118118
118119
118124
118194
118195
118200
118215
118383
118406
118453
118558
118594
118595
118624
118754
118756
118765
118776
118787
118900
118902
118973
118977
119433
119443
119444
119553
119557
119582
119596
119729
119730
119733
119737
119791
119795
119796
119804
119806
119831
120117
120148
120276
120332
120608
120615
120751
120756
121062
121074
121259
121418
121503
121630
121693
121738
121755
121768
121974
121975
121976
122182
122317
122318
122319
122321
122323
122327
122334
122338
122411
122412
122444
122477
122487
122488
122489
122507
122553
122561
122562
122563
122564
122568
122646
122649
122655
122662
122664
122666
122679
122681
122705
122722
122724
122756
122785
122794
122807
122808
122843
122850
122911
122937
122942
122962
123005
123008
123045
123089
123091
123114
123115
123116
123120
123128
123131
123132
123144
123172
123255
123289
123296
123297
123309
123312
123325
123342
123385
123387
123392
123434
123451
123453
123457
123466
123468
123472
123480
123481
123482
123804
123806
123808
123810
123812
123817
123819
123820
123823
123826
123833
123836
123841
123845
123892
123933
123934
123954
123966
123987
124012
124033
124051
124090
124091
124092
124105
124114
124138
124164
124167
124185
124187
124220
124225
124252
124253
124255
124263
124282
124289
124294
124296
124298
124358
124359
124360
124361
124362
124366
124367
124368
124391
124439
124440
124520
124523
124541
124555
124616
124628
124629
124630
124635
124645
124654
124658
124670
124671
124672
124673
124675
124678
124683
124701
124723
124725
124728
124729
124731
124732
124733
124734
124735
124737
124739
124740
124741
124743
124758
124762
124765
124766
124770
124772
124773
124777
124780
124782
124791
124792
124793
124794
124795
124800
124802
124828
124839
124842
124845
124861
124877
124883
124895
124916
124917
124918
124919
124921
124922
124943
124962
124966
124970
124975
124980
124981
124983
124986
124991
124992
124998
125010
125011
125012
125013
125017
125056
125057
125058
125110
125112
125114
125129
125139
125149
125169
125172
125181
125184
125226
125246
125250
125261
125262
125263
125266
125268
125269
125272
125274
125276
125279
125283
125289
125295
125299
125333
125347
125351
125358
125376
125460
125461
125475
125477
125478
125479
125482
125491
125495
125519
125521
125524
125528
125548
125550
125551
125553
125559
125560
125562
125565
125567
125569
125570
125571
125575
125595
125729
125749
125752
125756
125830
125834
125851
125862
125893
125915
126014
126035
126041
126043
126046
126047
126054
126063
126064
126069
126072
126073
126077
126179
126239
126367
126390
126398
126401
126420
126432
126434
126437
126439
126440
126446
126462
126502
126519
126521
126536
126537
126546
126549
126558
126566
126573
126574
126577
126578
126580
126583
126600
126601
126602
126603
126608
126615
126617
126627
126652
126656
126703
126706
126727
126749
126750
126771
126782
126784
126800
126821
126857
126868
126928
126950
126964
126998
127002
127004
127008
127016
127018
127026
127048
127055
127057
127063
127067
127072
127076
127083
127087
127091
127095
127099
127102
127104
127105
127107
127111
127117
127126
127133
127147
127148
127150
127155
127164
127168
127213
127218
127221
127264
127331
127346
127347
127348
127349
127381
127434
127436
127437
127453
127457
127459
127465
127672
127673
127683
127684
127685
127793
127796
127831
127833
127841
127856
127867
127888
127890
127894
127896
127910
127925
127926
127933
127940
127959
127960
127982
127983
127989
127999
128002
128006
128026
128089
128099
128136
128140
128142
128191
128205
128206
128212
128221
128228
128229
128237
128314
128361
128422
128437
128438
128440
128441
128442
128446
128472
128479
128482
128525
128650
128651
128667
128722
128758
128818
129239
129421
129734
129938
129950
130212
130293
130344
130348
130370
130462
130464
130466
130468
130470
130476
130477
130483
130485
130535
130564
130565
130610
130615
130616
130617
130626
130627
130633
130634
130655
130709
130780
130814
130818
130819
130860
130861
130862
130865
130866
130867
130871
130874
130897
130973
130974
130978
130979
130980
130984
130986
130993
131000
131013
131014
131123
131125
131126
131243
131264
131265
131266
131271
131301
131342
131343
131418
131472
131644
131887
131945
132119
132292
132430
132461
132468
132572
132587
132613
132626
132895
133082
133084
133090
133093
133098
133120
133121
133131
133173
133182
133185
133197
133199
133233
133248
133272
133362
133364
133405
133408
133427
133432
133487
133492
133637
133646
133669
133682
133729
133732
133739
133753
133838
133904
133954
133959
133962
133973
133975
133983
134048
134162
134178
134200
134266
134268
134269
134271
134290
134305
134326
134335
134414
134416
134417
134419
134421
134422
134425
134429
134431
134433
134435
134436
134447
134489
134503
134505
134507
134508
134510
134513
134543
134565
134588
134603
134701
134704
134705
134776
134792
134801
134824
134830
134833
134837
134845
134859
134860
134861
134871
134907
134915
134916
134935
134937
134944
134950
134953
134954
134958
134963
134965
134966
134971
134976
134984
135033
135035
135036
135075
135086
135096
135100
135101
135105
135108
135114
135233
135238
135265
135274
135295
135296
135302
135353
135388
135393
135401
135411
135412
135416
135425
135649
135693
135712
135814
135828
135838
135841
135847
135850
136030
136031
136072
136077
136084
136097
136098
136114
136141
136174
136203
136204
136206
136209
136210
136214
136216
136217
136220
136238
136242
136243
136262
136268
136273
136277
136290
136296
136297
136357
136419
136435
136530
136531
136532
136533
136534
136535
136549
136673
136746
136995
137030
137042
137046
137048
137134
137414
137429
137435
137492
137494
137514
137515
137516
137517
137526
137527
137529
137549
137621
137622
137694
137723
137752
137766
137776
137835
137836
137839
137840
137841
137864
137871
137877
137878
137879
137880
137888
137892
137896
137950
137956
137959
137962
137966
137967
137968
137986
137989
137991
137992
138001
138002
138008
138017
138057
138059
138151
138153
138159
138163
138188
138196
138197
138271
138277
138280
138287
138291
138337
138349
138413
138414
138415
138418
138421
138464
138501
138543
138560
138738
138740
138743
138847
138910
138968
138976
138977
139008
139128
139235
139307
139351
139448
139492
139641
139667
139668
139683
139717
139718
139725
139738
139808
139810
139826
139827
139828
139847
139848
139849
139856
139922
139926
139927
139928
139929
139932
139936
139939
139942
139943
139944
139946
139948
139952
139957
139977
139982
139985
140074
140078
140084
140088
140091
140094
140106
140114
140120
140122
140123
140124
140160
140221
140367
140421
140439
140440
140441
140442
140458
140477
140512
140555
140557
140572
140589
140607
140689
140703
140709
140716
140722
140726
140781
140794
140818
140827
140832
140849
140851
140859
140860
140867
140898
140912
140927
140942
140947
140951
140952
140955
140959
140963
140964
140968
140970
141011
141055
141075
141089
141092
141095
141102
141104
141107
141108
141120
141130
141131
141132
141133
141134
141135
141139
141165
141169
141195
141221
141222
141225
141226
141239
141242
141257
141261
141265
141266
141267
141275
141279
141340
141357
141358
141409
141425
141429
141448
141449
141453
141456
141490
141491
141503
141504
141507
141518
141519
141526
141527
141537
141596
141601
141603
141621
141627
141689
141690
141691
141701
141703
141720
141722
141724
141821
141823
141832
141836
141843
141844
141846
141849
141853
141858
141965
141971
142024
142169
142170
142306
142310
142311
142361
142374
142377
142530
142531
142532
142547
142550
142576
142584
142585
142613
142617
142645
142648
142688
142742
142743
142764
142765
142793
142853
142864
142888
142941
143003
143006
143019
143022
143025
143026
143088
143089
143101
143105
143116
143152
143154
143168
143183
143197
143210
143283
143284
143294
143296
143297
143299
143313
143320
143363
143365
143405
143475
143546
143555
143557
143560
143564
143570
143573
143575
143577
143582
143583
143596
143604
143606
143616
143639
143641
143647
143650
143698
143701
143704
143714
143815
143824
143977
143992
144030
144042
144049
144091
144092
144093
144099
144101
144212
144213
144214
144217
144220
144223
144238
144239
144240
144241
144311
144312
144314
144382
144383
144384
144385
144394
144422
144425
144462
144463
144481
144482
144483
144484
144485
144486
144492
144493
144494
144496
144501
144503
144513
144514
144524
144598
144606
144622
144623
144624
144627
144640
144641
144642
144645
144646
144649
144650
144653
144658
144673
144702
144716
144829
144844
144845
144989
145010
145018
145019
145020
145021
145022
145031
145032
145033
145034
145036
145038
145043
145044
145055
145058
145066
145077
145078
145113
145124
145150
145151
145153
145154
145157
145158
145159
145161
145164
145166
145170
145174
145176
145181
145373
145374
145380
145381
145385
145386
145387
145388
145392
145395
145396
145416
145419
145427
145438
145459
145460
145462
145480
145532
145538
145540
145542
145543
145545
145560
145561
145565
145582
145592
145594
145596
145607
145609
145611
145735
145739
145766
145780
145839
145901
145905
145926
145933
145954
145981
145994
146019
146041
146069
146077
146092
146094
146099
146101
146104
146123
146126
146129
146239
146251
146260
146263
146268
146271
146274
146278
146279
146283
146289
146300
146303
146308
146309
146315
146316
146376
146380
146384
146385
146390
146391
146393
146418
146444
146448
146449
146451
146453
146469
146494
146495
146497
146501
146510
146515
146517
146518
146522
146532
146534
146535
146539
146542
146552
146555
146556
146559
146563
146564
146571
146580
146585
146587
146590
146611
146614
146615
146616
146618
146619
146628
146629
146648
146669
146689
146692
146701
146709
146715
146716
146723
146724
146727
146731
146737
146740
146756
146760
146764
146786
146790
146791
146797
146799
146809
146813
146815
146822
147130
147143
147157
147162
147268
147286
147304
147306
147351
147363
147365
147371
147374
147383
147397
147403
147431
147437
147453
147461
147467
147471
147504
147510
147527
147529
147536
147552
147595
147600
147707
147719
147730
147740
147753
147758
147759
147766
147767
147770
147783
147792
147799
147803
147806
147808
147994
148004
148015
148024
148055
148060
148061
148066
148067
148078
148086
148092
148099
148104
148110
148111
148118
148123
148125
148128
148137
148148
148163
148165
148445
148480
148488
148489
148490
148494
148510
148512
148522
148528
148547
148604
148623
148667
148681
148685
148686
148721
148723
148725
148819
148836
148855
148886
148890
148906
148908
148923
148946
148949
148960
149002
149005
149029
149037
149040
149041
149043
149045
149052
149057
149078
149079
149080
149093
149094
149104
149106
149111
149112
149123
149127
149143
149147
149153
149154
149167
149170
149184
149187
149191
149192
149207
149217
149218
149219
149222
149224
149232
149259
149280
149302
149305
149311
149326
149332
149337
149345
149386
149417
149424
149428
149447
149449
149455
149466
149470
149472
149488
149490
149528
149541
149555
149598
149602
149610
149618
149622
149641
149653
149665
149677
149682
149687
149689
149691
149696
149701
149705
149748
149749
149750
149751
149753
149769
149888
149919
149937
149946
149947
149972
149973
150043
150080
150092
150099
150108
150109
150124
150147
150150
150220
150235
150243
150248
150277
150351
150371
150415
150428
150431
150441
150454
150458
150464
150473
150478
150487
150488
150495
150523
150536
150548
150563
150570
150574
150575
150576
150585
150588
150589
150590
150592
150639
150640
150662
150742
150748
150750
150751
150752
150789
150840
150841
150843
150849
150867
150869
150873
150876
150877
150913
150926
150927
150929
150948
150953
150957
150959
150966
150979
151024
151033
151080
151113
151115
151116
151128
151149
151184
151197
151207
151241
151244
151263
151270
151285
151287
151291
151300
151320
151321
151335
151353
151357
151369
151387
151427
151482
151544
151626
151641
151645
151655
151658
151689
151702
151706
151708
151714
151721
151725
151726
151729
151731
151734
151741
151743
151744
151745
151750
151809
151833
151900
151902
151933
151938
151944
151945
151950
151954
151955
151956
151964
151965
151982
151998
151999
152000
152001
152023
152028
152030
152068
152069
152071
152091
152103
152104
152105
152136
152182
152183
152258
152259
152522
152582
152584
152585
152586
152593
152594
152595
152673
152674
152675
152736
152752
152753
152754
152763
152776
152777
152801
152804
152805
152806
152813
152835
152840
152848
152870
152871
152872
152874
152875
152899
152908
152912
152914
152915
152916
152922
152923
152924
152939
152959
152960
152963
152966
152975
152991
153014
153045
153054
153057
153058
153069
153081
153100
153105
153108
153127
153129
153134
153136
153138
153141
153194
153216
153217
153221
153231
153244
153247
153263
153264
153268
153279
153307
153387
153400
153402
153404
153405
153442
153511
153541
153543
153545
153550
153554
153556
153557
153558
153559
153567
153568
153569
153606
153609
153612
153665
153667
153669
153671
153672
153674
153676
153689
153709
154424
154427
154433
154444
154482
154483
154484
154498
154510
154531
154532
154535
154536
154537
154575
154577
154624
154631
154633
154634
154635
154638
154639
154643
154644
154645
154651
154652
154656
154657
154658
154659
154662
154684
154686
154704
154709
154712
154713
154722
154745
154746
154747
154751
154773
154775
154776
154778
154788
154791
154820
154907
154909
154910
154911
154928
154930
154953
154965
154980
154983
155008
155009
155031
155033
155073
155078
155092
155104
155105
155110
155117
155123
155128
155129
155130
155132
155133
155137
155138
155175
155197
155208
155225
155226
155233
155236
155238
155239
155244
155269
155270
155277
155278
155339
155348
155358
155375
155378
155379
155386
155390
155395
155398
155401
155405
155407
155411
155416
155417
155427
155440
155443
155444
155445
155446
155449
155451
155453
155456
155460
155468
155477
155531
155602
155605
155609
155627
155630
155631
155632
155633
155640
155641
155660
155662
155667
155669
155673
155697
155702
155753
155757
155784
155790
155824
155833
155914
155943
155971
155973
155994
155999
156000
156005
156010
156011
156012
156014
156015
156026
156041
156050
156051
156056
156058
156059
156060
156061
156063
156070
156073
156099
156106
156129
156132
156133
156140
156167
156168
156169
156170
156171
156186
156216
156220
156221
156222
156224
156262
156289
156303
156309
156328
156382
156433
156436
156443
156444
156455
156456
156457
156461
156462
156474
156484
156485
156491
156503
156528
156531
156588
156610
156619
156637
156671
156672
156673
156685
156689
156690
156701
156702
156703
156704
156705
156706
156707
156722
156725
156726
156727
156728
156735
156739
156740
156764
156783
156795
156804
156806
156821
156826
156845
156846
156867
156879
156920
156940
156941
156942
156943
156944
156945
156958
156959
156960
156964
156965
156966
156968
156972
157012
157013
157072
157077
157089
157096
157116
157125
157128
157167
157174
157198
157294
157296
157456
157457
157460
157479
157482
157483
157489
157490
157491
157492
157504
157505
157524
157526
157528
157530
157534
157535
157537
157539
157541
157543
157671
157679
157682
157699
157704
157711
157712
157714
157718
157724
157748
157772
157803
157813
157814
157820
157821
157824
157826
157840
157850
157858
157896
157920
157921
157929
157930
157951
157966
157968
157969
157970
157971
157972
157980
157981
157982
157983
157995
158008
158019
158020
158034
158037
158040
158051
158059
158062
158066
158067
158072
158086
158087
158094
158098
158102
158127
158131
158136
158139
158141
158144
158149
158151
158152
158153
158158
158170
158189
158205
158206
158209
158210
158216
158218
158220
158221
158224
158242
158243
158247
158256
158277
158339
158384
158385
158388
158401
158402
158403
158407
158414
158418
158425
158427
158428
158429
158434
158435
158441
158461
158464
158465
158468
158479
158482
158486
158487
158515
158536
158538
158547
158548
158550
158570
158600
158605
158610
158614
158618
158619
158623
158626
158627
158628
158645
158647
158652
158657
158666
158674
158679
158680
158695
158700
158704
158730
158731
158732
158733
158734
158735
158737
158741
158749
158750
158790
158792
158827
158844
158858
158872
158876
158882
158912
158915
158919
158946
158950
159052
159053
159055
159056
159057
159058
159064
159132
159145
159146
159203
159205
159206
159219
159221
159225
159226
159237
159241
159249
159250
159251
159252
159257
159260
159261
159279
159280
159281
159283
159296
159309
159311
159313
159343
159349
159371
159372
159382
159383
159384
159392
159393
159395
159409
159410
159412
159414
159419
159421
159430
159439
159440
159441
159461
159479
159480
159483
159485
159486
159492
159503
159505
159506
159507
159512
159513
159520
159537
159538
159540
159545
159581
159582
159583
159586
159588
159589
159592
159598
159600
159602
159611
159612
159631
159633
159636
159639
159643
159675
159679
159680
159683
159686
159694
159697
159698
159701
159712
159714
159715
159756
159773
159837
159842
159848
159850
159851
159853
159859
159863
159871
159883
159887
159890
159909
159919
159968
159969
159971
159985
160012
160013
160045
160058
160206
160207
160218
160223
160230
160239
160289
160292
160300
160301
160321
160353
160356
160374
160392
160415
160475
160483
160484
160486
160488
160490
160492
160494
160496
160594
160595
160597
160600
160602
160606
160626
160636
160639
160649
160650
160651
160652
160653
160671
160709
160780
160798
160802
160814
160819
160822
160831
160848
160856
160857
160867
160919
160924
160925
160928
160933
160935
160939
160942
160943
160948
160951
160959
160963
160969
160979
160980
160998
160999
161016
161067
161073
161086
161091
161093
161094
161101
161183
161235
161251
161255
161320
161321
161329
161332
161539
161541
161542
161591
161606
161617
161676
161682
161684
161715
161830
161852
161875
161916
162046
162087
162115
162118
162121
162152
162191
162217
162222
162239
162281
162282
162283
162284
162285
162289
162301
162314
162319
162327
162335
162352
162385
162426
162435
162443
162446
162447
162501
162502
162522
162526
162529
162530
162567
162592
162593
162602
162677
162681
162744
162747
162750
162755
162757
162759
162760
162763
162778
162779
162791
162796
162798
162803
162808
162812
162829
162857
162862
162863
162866
162867
162883
162884
162928
162946
162955
162956
162957
162958
162962
162977
163034
163036
163039
163040
163045
163050
163054
163056
163058
163064
163080
163082
163093
163109
163114
163122
163129
163130
163137
163147
163148
163166
163167
163172
163205
163206
163210
163211
163212
163213
163240
163305
163312
163351
163352
163354
163356
163357
163360
163362
163364
163366
163367
163377
163386
163390
163417
163499
163527
163529
163530
163568
163572
163599
163610
163658
163711
163767
163777
163780
163782
163791
163800
163807
163823
163828
163848
163853
163861
163872
164034
164039
164040
164048
164083
164139
164151
164160
164176
164186
164205
164257
164312
164329
164362
164384
164409
164433
164481
164496
164502
164514
164528
164554
164568
164569
164579
164580
164587
164591
164608
164614
164616
164626
164643
164658
164685
164688
164711
164725
164726
164729
164737
164740
164743
164768
164795
164799
164803
164858
164873
164877
164892
164936
164942
164952
164953
164965
164989
164992
165013
165016
165027
165033
165034
165048
165049
165078
165081
165082
165088
165113
165119
165146
165155
165166
165178
165190
165192
165193
165194
165195
165209
165216
165219
165222
165225
165266
165273
165292
165315
165395
165411
165444
165478
165521
165523
165532
165590
165592
165593
165594
165613
165614
165626
165627
165642
165673
165694
165706
165732
165735
165992
166051
166081
166083
166088
166112
166126
166149
166215
166216
166218
166219
166286
166313
166317
166357
166365
166366
166370
166401
166402
166409
166412
166419
166423
166425
166491
166496
166498
166554
166812
166934
166935
166936
166939
168169
168171
168172
168173
168174
168201
168204
168236
168265
168296
168313
168366
168371
168380
168385
168388
168394
168396
168403
168404
168406
168421
168427
168430
168433
168434
168464
168466
168472
168474
168475
168493
168498
168500
168511
168513
168523
168546
168575
168598
168612
168633
168641
168672
168679
168680
168714
168715
168716
168727
168735
168751
168756
168763
168774
168984
169068
169070
169071
169073
169074
169075
169079
169087
169088
169089
169090
169093
169094
169346
169354
169355
169362
169364
169366
169401
169450
169453
169456
169459
169466
169467
169472
169473
169474
169475
169477
169480
169482
169483
169486
169490
169491
169496
169521
169533
169539
169546
169547
169594
169598
169599
169696
169697
169716
169729
169741
169742
169746
169747
169764
169765
169766
169767
169796
169826
169828
169829
169831
169838
169839
169844
169845
169858
169859
169882
169883
169884
169886
169888
169892
169894
169897
169898
169901
169904
169937
169938
169939
169940
170011
170013
170015
170023
170024
170025
170140
170142
170318
170356
170358
170369
170371
170373
170375
170383
170505
170527
170569
170571
170573
170597
170604
170618
170626
170670
170678
170679
170685
170702
170832
170834
170837
170849
170864
170878
170880
170902
170907
170919
170925
170932
170936
170946
170947
170948
170950
170951
170983
170984
171035
171070
171076
171077
171080
171211
171217
171218
171244
171258
171260
171262
171264
171266
171268
171309
171310
171313
171336
171350
171419
171422
171525
171725
171726
171732
171733
171761
171762
171778
171810
171841
171849
171860
171888
171892
171896
171899
171901
171902
171913
171933
171934
171943
171944
171958
171959
171961
171967
171982
172004
172005
172022
172040
172046
172054
172062
172063
172074
172075
172096
172098
172102
172105
172106
172114
172115
172127
172128
172129
172147
172151
172159
172178
172182
172185
172186
172204
172207
172210
172213
172214
172215
172220
172221
172231
172232
172233
172237
172243
172244
172249
172251
172252
172289
172293
172310
172311
172323
172324
172325
172328
172330
172331
172333
172359
172362
172372
172383
172384
172396
172404
172405
172481
172483
172491
172496
172609
172699
172701
172703
172705
172722
172724
172726
172727
172729
172740
172744
172747
172750
172796
172806
172810
172814
172817
172829
172830
172902
172903
172904
172905
172944
172965
172967
172968
172971
172972
173020
173028
173029
173030
173033
173034
173037
173083
173105
173137
173154
173156
173171
173175
173197
173199
173200
173204
173211
173212
173213
173214
173278
173280
173282
173287
173347
173348
173351
173354
173355
173512
173537
173580
173581
173582
173585
173587
173588
173590
173594
173595
173596
173599
173602
173603
173866
173869
173883
173887
173888
173889
173890
173891
173909
173911
173919
173921
173924
173926
173927
173978
174003
174013
174046
174047
174086
174087
174088
174092
174099
174114
174115
174117
174129
174130
174131
174174
174176
174178
174179
174181
174187
174189
174190
174192
174227
174229
174231
174236
174238
174240
174242
174291
174310
174322
174324
174337
174355
174396
174398
174410
174413
174429
174432
174509
174545
174559
174560
174574
174586
174587
174588
174589
174595
174600
174605
174606
174608
174609
174610
174614
174615
174631
174637
174639
174668
174672
174690
174699
174702
174705
174780
174787
174789
174811
174846
174848
174850
174851
174863
174912
174913
174916
174920
174921
174922
174923
174934
174935
174936
174937
174939
174955
174956
174957
175010
175101
175102
175103
175104
175114
175115
175118
175131
175141
175165
175166
175176
175178
175179
175196
175197
175198
175204
175462
175470
175483
175492
175500
175501
175502
175503
175509
175523
175535
175539
175559
175562
175565
175566
175577
175578
175579
175584
175589
175590
175592
175593
175612
175621
175631
175636
175640
175653
175660
175664
175678
175765
175768
175771
175774
175782
175785
175788
175792
175793
175880
175899
175932
175959
175984
175986
175988
175990
175991
176002
176004
176005
176008
176015
176019
176022
176052
176053
176055
176143
176172
176183
176185
176186
176196
176209
176231
176249
176253
176254
176256
176259
176296
176299
176317
176318
176332
176337
176338
176339
176360
176361
176362
176382
176383
176384
176404
176412
176413
176415
176418
176421
176423
176425
176426
176440
176441
176442
176469
176476
176477
176481
176485
176497
176498
176500
176503
176506
176507
176509
176510
176515
176517
176519
176520
176527
176528
176529
176530
176550
176553
176554
176555
176588
176589
176590
176591
176593
176609
176610
176611
176612
176613
176614
176627
176631
176633
176640
176644
176645
176648
176650
176652
176676
176681
176701
176706
176724
176745
176917
181081
181335
183138
190655
192651
192669
192674
192675
192688
192698
192705
192708
192924
192935
193106
193107
193123
194186
194405
194810
195650
196834
197198
