22
31
70
109
116
129
144
318
326
361
362
409
411
418
427
430
434
440
475
481
639
643
673
680
681
687
689
712
714
716
718
731
733
734
756
767
772
777
783
784
786
788
790
792
812
813
814
844
845
851
852
854
949
950
951
953
959
965
973
980
987
1211
1269
1312
1314
1334
1335
1337
1355
1356
1357
1358
1364
1365
1366
1369
1376
1391
1393
1396
1424
1426
1428
1430
1431
1433
1435
1436
1438
1440
1445
1446
1465
1518
1532
1533
1535
1541
1549
1555
1556
1712
1717
1745
1746
1915
1922
1925
1928
1929
1930
1936
1941
1949
1954
1959
1966
2428
2429
2442
2443
2444
2446
2453
2460
2464
2468
2476
2482
2490
2496
2680
2682
2683
3142
3227
3229
3231
3233
3236
3238
3239
3240
3262
3265
3288
3289
3297
3304
3305
3310
3327
3341
3343
3346
3357
3363
3373
3375
3385
5335
5431
5896
5897
5899
5903
5904
5905
5907
5996
6033
6114
6133
6137
6138
6145
6146
6154
6343
6345
6349
6353
6413
6414
6416
6417
6423
6429
6436
6442
6481
6626
6658
6683
6693
6706
6708
6767
6792
6793
6806
6830
6831
6843
6846
6867
6871
6872
6878
6887
6893
6909
6911
6918
6919
6928
6933
6949
6950
6952
6967
6968
6995
7015
7025
7026
7031
7039
7048
7073
7080
7084
7091
7099
7108
7109
7138
7139
7140
7145
7149
7157
7161
7164
7175
7180
7208
7286
7479
7482
7483
7484
7496
7508
7510
7590
7595
7610
7621
7653
7654
7657
7658
7667
7744
7749
7754
7762
7768
7780
7793
7821
7846
7871
7971
7974
7975
7976
8032
8060
8679
8680
8826
9005
9710
9711
9714
9718
9860
9864
9874
10103
10612
10669
10671
10672
10677
10683
10712
10720
10848
10851
10947
10956
10971
10975
11324
11441
11447
11496
11510
11511
11512
11513
11533
11549
11556
11559
11563
11569
11576
11581
11613
11621
11671
11672
11699
11705
11708
11733
11752
11760
11863
11864
11882
11892
11898
11905
11910
11915
11921
11927
11932
11956
12204
12209
12276
12279
12292
12326
12342
12390
12401
12402
12460
12486
12593
12608
12638
12639
12640
12646
12653
12659
12676
12692
12739
12746
12752
12755
12757
12813
12888
12896
12904
12918
12927
12953
12969
13022
13025
13026
13033
13083
13089
13098
13122
13169
13172
13180
13181
13193
13201
13211
13235
13258
13264
13274
13281
13296
13311
13323
13367
13369
13393
13425
13433
13439
13448
13453
13478
13480
13609
13666
13687
13752
13762
13764
13766
13806
13807
13819
13835
13894
13937
13939
13959
13981
14027
14046
14059
14061
14068
14127
14128
14142
14148
14157
14163
14386
14436
14438
14439
14440
14465
14468
14518
14536
14593
14600
14649
14653
14654
14666
14690
14694
14746
14797
14802
14806
14808
14816
14819
14820
14821
14829
14841
14861
14862
14942
14943
14964
14966
14968
14977
14978
14979
14980
14981
14982
14986
14987
14988
14989
14990
14991
14992
14994
14995
14997
14999
15002
15004
15008
15012
15016
15051
15052
15096
15097
15104
15105
15109
15110
15111
15112
15113
15160
15162
15183
15184
15185
15214
15215
15226
15238
15305
15501
15524
15730
15732
15850
15857
15963
15964
15966
15973
15981
15987
16101
16122
16157
16160
16163
16164
16177
16186
16192
16216
16247
16249
16253
16255
16257
16258
16260
16271
16274
16284
16294
16340
16354
16387
16404
16532
16533
16560
16565
16569
16610
16611
16632
16648
16653
16654
16656
16671
16697
16702
16705
16707
16710
16714
16720
16727
16733
16739
16892
16955
16956
16960
16970
16991
16992
17008
17018
17030
17031
17032
17034
17035
17037
17039
17040
17041
17043
17076
17080
17083
17084
17085
17086
17115
17116
17123
17124
17133
17136
17144
17145
17148
17156
17185
17201
17204
17205
17206
17209
17210
17218
17228
17271
17273
17274
17280
17303
17304
17306
17307
17309
17310
17311
17312
17315
17316
17424
17487
17488
17490
17491
17493
17494
17505
17508
17510
17514
17521
17522
17606
17611
17612
17616
17622
17628
17650
17667
17675
17685
17748
17852
17878
17890
17892
17904
17920
17948
17950
17952
17954
17956
17959
17976
17994
18008
18015
18017
18024
18078
18080
18093
18156
18165
18213
18289
18331
18337
18341
18348
18363
18372
18373
18378
18397
18399
18407
18413
18466
18472
18476
18480
18485
18486
18487
18490
18497
18514
18705
18707
18711
18728
18729
18760
18761
18762
18763
18764
18765
18766
18767
18768
18769
18770
18771
18772
18773
18790
18791
18794
18827
18847
18849
18861
18891
18893
18899
18901
18903
18908
18916
18917
18923
18924
18945
18949
18951
18958
18959
18993
18996
19044
19074
19091
19095
19096
19101
19103
19105
19114
19170
19180
19182
19189
19275
19292
19313
19316
19321
19347
19367
19368
19389
19412
19416
19444
19445
19448
19449
19452
19453
19485
19517
19518
19519
19520
19544
19545
19555
19556
19557
19559
19565
19570
19577
19583
19599
19773
19786
19831
19832
19905
19908
19911
19914
19917
19929
19930
19936
19941
20026
20079
20659
20667
20747
20760
20767
20783
20882
20885
20886
20887
20971
20978
20984
20989
21009
21023
21025
21069
21125
21209
21222
21225
21295
21304
21473
21475
21476
21703
21704
21780
21782
21790
21813
21815
21991
21993
22040
22042
22044
22072
22191
22192
22206
22212
22263
22386
22389
22454
22468
22515
22566
22572
22575
22579
22580
22604
22623
22624
22666
22676
22677
22680
22715
22731
22732
22733
22741
22743
22751
22806
22809
22811
22817
22825
22831
23057
23069
23080
23151
23153
23209
23233
23238
23241
23278
23284
23388
23389
23391
23393
23394
23405
23413
23433
23434
23435
23529
23530
23531
23533
23539
23545
23552
23558
23564
23810
23811
23836
23837
23838
23855
23882
23883
23917
24021
24022
24042
24045
24058
24061
24062
24066
24071
24084
24091
24103
24106
24108
24109
24119
24129
24160
24163
24165
24169
24195
24196
24204
24205
24206
24209
24242
24245
24248
24405
24407
24408
24425
24455
24456
24460
24461
24480
24482
24483
24485
24490
24517
24521
24522
24526
24538
24548
24550
24613
24614
24615
24617
24618
24619
24620
24621
24622
24623
24630
24632
24634
24636
24637
24640
24667
24680
24798
24905
24907
24908
24911
24963
24964
24967
24984
25012
25015
25054
25070
25072
25073
25075
25078
25079
25082
25083
25100
25103
25104
25105
25108
25109
25145
25147
25173
25191
25203
25216
25217
25219
25225
25232
25238
25291
25295
25316
25318
25401
25403
25405
25407
25408
25420
25550
25551
25561
25598
25633
25634
25635
25636
25637
25638
25639
25640
25641
25642
25643
25644
25645
25646
25675
25676
25941
25948
26282
26284
26311
26324
26325
26356
26359
26362
26364
26370
26376
26383
26389
26401
26538
26544
26666
26667
26672
26673
26674
26678
26706
26711
26712
26715
26718
26729
26745
26756
26762
26768
26774
26793
26806
26807
26893
26899
27158
27165
27166
27179
27180
27203
27213
27290
27305
27315
27320
27364
27376
27613
27624
27668
27669
27678
27682
27719
27727
27728
27743
27746
27747
27753
27758
27768
27769
27782
27811
27914
27922
27954
27959
28012
28013
28029
28035
28095
28103
28110
28111
28112
28113
28114
28118
28123
28130
28134
28138
28144
28193
28222
28223
28234
28240
28261
28265
28277
28282
28493
28544
28561
28680
28920
28922
28925
28930
28985
28986
28996
29002
29036
29038
29125
29126
29129
29134
29143
29157
29202
29213
29238
29241
29282
29284
29292
29301
29325
29340
29347
29394
29412
29421
29425
29428
29433
29434
29437
29447
29453
29460
29466
29472
29481
29570
29571
29572
29579
29583
29588
29869
29874
29875
29879
29885
29891
29899
29912
29923
30067
30079
30090
30116
30124
30125
30126
30127
30128
30129
30130
30131
30226
30258
30311
30409
30505
30507
30509
30511
30512
30513
30517
30518
30520
30522
30524
30526
30527
30530
30532
30534
30536
30547
30549
30553
30555
30577
30624
30625
30671
30673
30674
30678
30684
30690
30698
30704
30710
30989
30996
31006
31007
31008
31017
31019
31027
31029
31030
31037
31039
31041
31080
31170
31173
31174
31175
31176
31177
31178
31179
31182
31183
31187
31188
31193
31194
31196
31199
31203
31204
31237
31246
31253
31255
31314
31315
31351
31356
31517
31518
31525
31528
31529
31530
31531
31535
31536
31538
31549
31575
31578
31579
31609
31924
31927
31930
31933
31941
31942
31944
31947
31991
31994
31997
32000
32027
32048
32058
32059
32060
32063
32065
32067
32068
32071
32074
32075
32078
32079
32088
32089
32099
32106
32118
32119
32264
32273
32278
32279
32282
32286
32294
32309
32325
32401
32424
32429
32432
32436
32437
32438
32442
32448
32473
32474
32475
32479
32488
32489
32490
32501
32502
32504
32543
32544
32564
32565
32566
32573
32577
32578
32579
32581
32586
32588
32595
32597
32602
32603
32608
32612
32727
32805
32869
32870
32876
33007
33008
33052
33070
33071
33110
33115
33117
33131
33137
33138
33141
33143
33145
33155
33160
33182
33183
33184
33185
33203
33213
33227
33231
33234
33238
33242
33243
33245
33246
33248
33251
33267
33268
33270
33271
33273
33277
33329
33330
33336
33350
33358
33364
33376
33392
33414
33426
33457
33458
33461
33466
33467
33468
33502
33509
33519
33570
33574
33577
33592
33596
33599
33600
33617
33618
33634
33635
33638
33642
33684
33685
33689
33695
33703
33717
33857
33858
33859
33862
33866
33871
33876
33902
33909
33911
33919
33923
33925
33928
33935
33979
33981
33984
33999
34018
34025
34077
34079
34085
34122
34141
34143
34165
34171
34186
34192
34298
34300
34422
34567
34604
34610
34658
34673
34678
34697
34706
34736
34760
34761
34766
34773
34796
34798
34807
34809
34811
34824
34825
34854
34856
34858
34906
34907
34908
34910
34916
34922
34929
34935
34941
35094
35117
35170
35513
35523
35556
35618
35620
35622
35623
35667
35668
35670
35671
35695
35714
35715
35717
35718
35735
35737
35744
35795
35799
35801
35807
35814
35820
36053
36054
36064
36077
36097
36161
36166
36188
36192
36212
36213
36272
36274
36283
36359
36362
36364
36370
36378
36384
36570
36613
36617
36760
37386
37580
37591
37600
37656
37657
37658
37668
37762
37768
37790
38102
38179
38224
38232
38246
38311
38338
38341
38348
38591
38695
38766
38767
38773
38870
38904
38908
38947
38957
39063
39067
39080
39086
39131
39134
39136
39142
39151
39160
39379
39451
39491
39509
39512
39595
39891
39900
39916
39918
39932
39995
40022
40032
40104
40308
40384
40399
40506
40507
40522
40564
40568
40576
40593
40740
40754
40755
40759
40815
40870
40872
40879
40925
40926
40931
40937
40952
40960
41111
41155
41157
41159
41212
41220
41221
41245
41247
41259
41305
41308
41309
41315
41319
41320
41321
41328
41337
41370
41373
41375
41376
41388
41452
41480
41507
41511
41568
41573
41596
41597
41599
41606
41615
41616
41619
41628
41635
41868
41888
41890
41906
41907
41948
41989
41990
42001
42004
42007
42027
42157
42158
42159
42162
42168
42174
42181
42187
42193
42504
42510
42524
42583
42613
42614
42709
42757
42758
42786
42789
42800
42805
42807
42813
42821
42829
43067
43093
43094
43136
43188
43222
43416
43420
43431
43432
43433
43436
43445
43461
43471
43609
43620
43632
43643
43649
43830
43837
43861
43863
43864
43882
43886
43922
43968
43972
43976
43987
43989
43994
44000
44001
44004
44011
44054
44055
44064
44065
44083
44093
44125
44130
44195
44197
44243
44247
44248
44249
44250
44254
44262
44264
44271
44299
44301
44313
44318
44319
44359
44362
44379
44380
44408
44411
44425
44426
44428
44435
44453
44478
44480
44497
44499
44500
44543
44546
44557
44579
44580
44624
44633
44634
44648
44649
44667
44668
44671
44674
44677
44678
44679
44680
44681
44685
44689
44691
44694
44695
44699
44742
44743
44746
44762
44765
44769
44772
44774
44776
44877
44907
44908
44917
44918
44922
44923
44924
44928
44938
44939
44942
44943
44946
44950
44985
44991
45073
45249
45334
45431
45518
45540
45568
45573
45604
45605
45634
45635
45640
45641
45667
45668
45669
45670
45675
45679
45682
45691
45695
45700
45702
45725
45726
45748
45749
45771
45772
45773
45777
45793
45795
45809
45810
45836
45837
45872
45878
45886
45888
45890
45893
45908
45917
45918
45920
45935
45950
45952
45954
45968
45974
45975
45976
45977
45978
45981
46003
46004
46023
46024
46025
46028
46057
46074
46075
46083
46085
46090
46091
46102
46113
46120
46123
46127
46128
46131
46137
46138
46139
46143
46150
46152
46154
46163
46172
46173
46174
46175
46176
46177
46221
46233
46234
46242
46248
46260
46263
46295
46296
46297
46301
46302
46317
46318
46319
46324
46327
46341
46355
46357
46362
46363
46371
46389
46392
46401
46413
46418
46422
46429
46431
46441
46444
46457
46547
46548
46562
46629
46664
46682
46683
46688
46690
46700
46701
46712
46718
46729
46823
46825
46893
46897
46956
46958
46960
46963
46985
47008
47088
47092
47093
47094
47095
47096
47097
47101
47103
47107
47108
47109
47114
47191
47192
47193
47194
47198
47199
47200
47201
47202
47203
47204
47205
47206
47207
47208
47209
47210
47211
47212
47213
47216
47377
47398
47399
47584
47585
47727
47764
47933
48099
48105
48169
48175
48184
48185
48186
48202
48205
48206
48208
48209
48210
48211
48212
48213
48214
48215
48220
48224
48227
48232
48239
48240
48243
48244
48300
48301
48338
48345
48346
48358
48373
48374
48375
48385
48409
48411
48449
48473
48474
48480
48481
48482
48483
48484
48485
48487
48499
48537
48539
48540
48541
48542
48543
48553
48554
48555
48556
48557
48558
48559
48563
48566
48569
48572
48575
48630
48634
48635
48636
48637
48657
48694
48706
48849
48853
48856
48886
48899
48956
48969
48972
48973
48974
48978
48979
49021
49024
49028
49034
49037
49050
49059
49061
49083
49089
49105
49107
49210
49211
49212
49216
49248
49250
49256
49259
49262
49267
49268
49269
49277
49281
49313
49314
49316
49317
49318
49322
49325
49332
49335
49340
49341
49356
49424
49439
49462
49502
49547
49548
49558
49561
49564
49567
49572
49575
49576
49579
49594
49595
49598
49601
49606
49607
49610
49612
49613
49614
49615
49616
49620
49623
49626
49629
49633
49646
49648
49652
49656
49657
49662
49664
49682
49698
49704
49705
49706
49707
49718
49721
49756
49759
49762
49763
49770
49776
49780
49787
49788
49789
49792
49799
49800
49818
49832
49840
49845
49885
49890
49897
49898
49932
49936
49943
49948
49950
49951
49953
49955
50001
50002
50009
50025
50031
50032
50040
50043
50057
50058
50067
50073
50077
50087
50097
50098
50148
50149
50175
50181
50182
50183
50184
50187
50251
50253
50294
50299
50344
50345
50346
50349
50353
50354
50355
50359
50360
50361
50371
50381
50382
50386
50387
50389
50390
50391
50392
50396
50399
50403
50404
50407
50408
50410
50414
50419
50420
50427
50488
50501
50510
50512
50513
50514
50515
50543
50544
50545
50546
50548
50549
50550
50552
50553
50555
50560
50608
50617
50630
50642
50643
50663
50664
50692
50693
50694
50696
50703
50704
50714
50717
50721
50722
50723
50728
50741
50743
50744
50758
50792
50793
50857
50858
50862
50863
50868
50869
50884
50888
50892
50910
50911
50943
50947
50983
50984
50987
50988
51018
51022
51028
51029
51041
51106
51138
51141
51161
51165
51166
51167
51172
51209
51211
51214
51217
51232
51233
51286
51287
51288
51289
51290
51305
51309
51310
51311
51322
51325
51326
51331
51346
51351
51360
51391
51395
51398
51400
51401
51407
51408
51426
51435
51439
51443
51447
51454
51455
51459
51461
51478
51479
51484
51494
51506
51510
51511
51513
51530
51541
51565
51568
51569
51572
51574
51578
51587
51600
51603
51604
51828
51849
51850
51870
51873
51874
51895
51896
51935
51950
51952
51962
51963
51964
51979
51989
52017
52019
52020
52021
52022
52023
52024
52025
52034
52037
52052
52083
52084
52095
52098
52115
52117
52129
52132
52134
52170
52177
52181
52195
52197
52199
52235
52236
52238
52240
52241
52243
52244
52246
52248
52251
52252
52254
52255
52256
52258
52260
52263
52266
52268
52270
52272
52273
52278
52280
52281
52283
52287
52289
52291
52293
52294
52298
52299
52301
52303
52405
52406
52407
52408
52409
52410
52411
52412
52413
52414
52415
52416
52417
52418
52419
52420
52421
52422
52423
52424
52425
52426
52427
52428
52429
52430
52431
52432
52433
52434
52435
52436
52437
52438
52439
52440
52441
52445
52451
52452
52463
52474
52507
52509
52512
52519
52529
52532
52850
52874
52876
52880
52900
52901
52902
52903
52934
52938
52943
53023
53042
53050
53051
53052
53054
53061
53064
53070
53075
53128
53129
53264
53267
53693
53694
53825
53841
53849
53850
53855
53856
53859
53908
53909
53944
53945
53948
53950
53951
53952
53960
53963
53968
53970
53971
53983
53984
53986
53987
53992
54027
54032
54153
54156
54159
54177
54179
54180
54182
54198
54200
54243
54246
54266
54268
54269
54306
54309
54310
54322
54323
54327
54329
54333
54338
54339
54343
54349
54355
54357
54405
54407
54410
54422
54428
54433
54437
54451
54452
54453
54454
54459
54539
54551
54552
54556
54582
54584
54586
54626
54627
54628
54633
54654
54664
54669
54671
54672
54682
54687
54688
54701
54715
54777
54813
54814
54815
54816
54817
54818
54825
54826
54827
54847
54848
54849
54852
54856
54858
54865
54867
54868
54912
54913
54914
54917
54949
54950
54951
54953
54954
54960
54992
54999
55000
55007
55009
55010
55028
55029
55030
55036
55047
55048
55087
55110
55111
55121
55151
55163
55164
55166
55167
55168
55171
55172
55173
55175
55219
55221
55238
55263
55264
55265
55267
55362
55390
55421
55422
55430
55431
55432
55453
55465
55477
55517
55519
55522
55523
55524
55530
55531
55535
55536
55568
55572
55576
55593
55598
55602
55611
55629
55634
55636
55637
55641
55642
55643
55713
55715
55716
55718
55719
55721
55723
55724
55725
55727
55728
55745
55758
55760
55766
55841
55847
55856
55857
55858
55937
56044
56048
56051
56056
56060
56063
56064
56065
56222
56234
56240
56311
56358
56621
56749
56755
56769
56781
56795
56801
56808
56814
56815
56820
56821
56824
56836
56837
56842
56843
56844
56845
56846
56849
56854
56860
56867
56879
56885
56904
56929
56941
56946
56950
56951
56952
56953
56954
57008
57019
57020
57033
57038
57039
57128
57156
57216
57326
57369
57389
57417
57419
57420
57468
57477
57480
57481
57485
57509
57511
57541
57543
57544
57545
57560
57574
57579
57580
57582
57583
57612
57614
57619
57635
57636
57640
57647
57648
57649
57662
57663
57693
57697
57726
57727
57731
57732
57733
57739
57754
57758
57759
57788
57797
57808
57810
57812
57823
57825
57826
57880
57995
58017
58171
58173
58187
58198
58199
58200
58211
58225
58234
58239
58244
58245
58246
58247
58254
58288
58294
58295
58300
58301
58309
58315
58316
58317
58320
58351
58352
58358
58359
58360
58361
58387
58406
58413
58429
58430
58451
58452
58453
58454
58458
58462
58505
58513
58514
58520
58540
58541
58544
58552
58553
58568
58569
58570
58582
58593
58600
58601
58622
58645
58648
58649
58655
58657
58661
58667
58676
58698
58801
58829
58830
58834
58838
58851
58852
58855
58878
58879
58905
58908
58909
58910
58916
58920
58921
58941
58942
58969
58974
58975
58976
59006
59009
59045
59048
59050
59051
59053
59055
59056
59059
59060
59062
59063
59064
59065
59075
59076
59081
59086
59092
59096
59106
59107
59108
59121
59131
59132
59133
59134
59196
59197
59217
59226
59233
59236
59237
59246
59247
59251
59253
59294
59295
59311
59312
59314
59315
59316
59319
59323
59324
59328
59329
59392
59399
59400
59402
59407
59408
59410
59412
59422
59423
59424
59425
59429
59434
59436
59438
59467
59483
59484
59493
59557
59584
59602
59603
59604
59619
59632
59644
59648
59659
59682
59683
59700
59710
59713
59721
59749
59757
59758
59769
59770
59771
59772
59773
59777
59802
59807
59809
59812
59814
59823
59826
59828
59829
59832
59833
59835
59841
59848
59852
59862
59864
59865
59867
59868
59883
59884
59885
59888
59893
59894
59896
59900
59913
59920
59954
59962
59963
59977
59981
60041
60043
60044
60068
60071
60096
60100
60101
60110
60111
60112
60113
60121
60125
60127
60139
60142
60143
60144
60154
60157
60158
60159
60179
60224
60227
60281
60282
60303
60304
60306
60309
60337
60338
60344
60373
60395
60396
60397
60404
60409
60419
60420
60421
60423
60427
60432
60433
60438
60444
60452
60453
60455
60479
60481
60499
60550
60553
60554
60556
60561
60568
60610
60611
60613
60626
60658
60659
60661
60667
60675
60681
60757
60758
60815
60818
60846
60849
60851
60853
60855
60864
60882
60884
60918
60922
60928
60929
60933
60936
60937
60947
60966
60968
60971
60974
60975
60978
60995
61012
61013
61023
61026
61028
61039
61042
61043
61077
61079
61085
61089
61090
61091
61099
61100
61101
61107
61112
61113
61118
61148
61158
61162
61163
61166
61168
61172
61173
61174
61238
61239
61240
61285
61293
61315
61316
61351
61354
61364
61475
61477
61478
61632
61659
61671
61674
61675
61693
61695
61700
61702
61704
61705
61742
61744
61751
61756
61800
61805
61807
61830
61835
61846
61866
61874
61962
61963
61967
62015
62022
62035
62040
62052
62059
62062
62065
62068
62083
62086
62167
62196
62198
62244
62252
62276
62324
62374
62379
62380
62383
62384
62393
62395
62405
62413
62451
62497
62521
62540
62545
62548
62579
62603
62610
62615
62616
62653
62656
62661
62664
62677
62716
62739
62855
62856
62859
62875
62883
62884
62891
62894
62899
62920
62922
62931
62936
62941
62951
62962
62963
63007
63067
63081
63082
63087
63088
63089
63090
63094
63108
63115
63120
63129
63135
63140
63162
63172
63178
63181
63183
63214
63221
63230
63242
63245
63281
63334
63338
63339
63375
63378
63442
63463
63503
63585
63586
63587
63594
63595
63596
63602
63609
63624
63637
63644
63671
63672
63693
63704
63717
63742
63743
63891
63892
63894
63899
63905
63913
63920
63939
64017
64018
64058
64086
64108
64145
64187
64205
64212
64226
64316
64349
64399
64427
64436
64450
64518
64598
64743
64747
64750
64751
64763
64764
64772
64773
64785
64786
64789
64813
64815
64821
64822
64844
64864
64868
64870
64878
64922
65112
65316
65319
65321
65324
65326
65340
65437
65442
65443
65537
65550
65551
65565
65571
65761
65849
65858
65874
65903
65905
65909
65919
65931
66220
66266
66270
66298
66347
66349
66359
66367
66389
66393
66462
66554
66567
66574
66575
66577
66584
66585
66587
66588
66590
66591
66594
66602
66615
66642
66644
66645
66649
66650
66653
66656
66666
66678
66688
66694
66715
66740
66865
66890
66921
66966
66986
66988
67012
67024
67265
67531
67538
67539
67562
67563
67564
67565
67566
67568
67569
67594
67621
67634
67710
67720
67733
67741
67750
68102
68103
68104
68105
68118
68196
68241
68246
70266
70272
70341
70347
70368
70369
70370
70375
70377
70379
70386
70389
70391
70399
70405
70417
70451
70481
70527
70546
70571
70584
70587
70591
70593
70608
70612
70623
70624
70626
70666
70673
70675
70687
70754
70759
70768
70790
70794
70869
70873
70895
70896
70929
70999
71002
71081
71082
71085
71100
71104
71116
71175
71186
71197
71210
71213
71224
71228
71232
71260
71287
71310
71312
71321
71327
71340
71343
71383
71415
71420
71449
71463
71466
71472
71474
71480
71486
71492
71501
71508
71514
71617
71638
71644
71649
71654
71690
71752
71853
71861
71873
71874
71898
71899
71908
71981
71989
71993
72098
72103
72163
72165
72184
72189
72272
72274
72291
72307
72308
72319
72321
72372
72374
72453
72531
72537
72589
72614
72615
72622
72623
72624
72627
72643
72650
72715
72716
72741
72743
72768
72769
72773
72774
72801
72802
72804
72811
72815
72841
72842
72861
73038
73040
73077
73081
73082
73083
73084
73088
73089
73090
73095
73108
73109
73122
73123
73124
73137
73203
73204
73503
73508
73513
73515
73516
73525
73531
73538
73561
73563
73565
73566
73568
73572
73574
73579
73919
73921
73943
74110
74112
74178
74199
74202
74206
74207
74223
74224
74278
74280
74282
74284
74285
74287
74318
74323
74325
74379
74410
74412
74480
74481
74495
74519
74541
74621
74624
74625
74626
74632
74638
74647
74684
74689
74692
74693
74696
74765
74875
74882
74893
75307
75359
75360
75471
75474
75489
75492
75493
75494
75501
75514
75537
75540
75541
75553
75554
75565
75566
75744
75988
76000
76008
76009
76010
76016
76017
76020
76021
76022
76025
76026
76033
76052
76075
76086
76087
76090
76095
76120
76405
76429
76433
76435
76443
76444
76455
76460
76491
76598
76990
76996
77180
77181
77184
77189
77201
77202
77210
77218
77239
77245
77246
77289
77309
77326
77328
77341
77344
77346
77351
77352
77353
77354
77355
77362
77387
77391
77392
77393
77429
77430
77440
77447
77463
77479
77543
77550
77552
77557
77558
77579
77592
77631
77713
77739
77783
77834
77836
77847
77861
78005
78007
78029
78031
78032
78035
78049
78050
78068
78071
78074
78083
78086
78090
78091
78103
78136
78138
78172
78175
78177
78178
78179
78180
78182
78183
78207
78209
78245
78247
78254
78258
78269
78270
78271
78274
78282
78289
78295
78455
78518
78599
78601
78636
78638
78647
78651
78706
78709
78731
78818
78821
78845
78848
78853
78855
78862
78903
78910
78912
78918
78925
78932
79067
79081
79083
79111
79134
79164
79167
79221
79273
79277
79324
79332
79360
79363
79445
79452
79456
79487
79509
79519
80068
80071
80075
80080
80083
80089
80097
80104
80111
80363
80392
80395
80396
80403
80404
80458
80469
80471
80477
80627
80630
80639
80785
80787
80792
80838
80860
80863
80865
80871
80878
80884
81036
81039
81041
81059
81088
81094
81097
81098
81100
81152
81153
81154
81155
81158
81159
81160
81161
81163
81164
81165
81166
81169
81171
81173
81176
81177
81179
81180
81200
81202
81267
81465
81468
81470
81481
81510
81568
81580
81581
81582
81583
81586
81588
81589
81595
81596
81602
81630
81631
81633
81635
81637
81639
81641
81642
81644
81645
81648
81650
81652
81653
81655
81658
81659
81661
81663
81665
81667
81669
81671
81679
81689
81703
81708
81709
81711
81717
81723
81733
81740
81749
81875
81876
81882
81884
81921
81922
81925
81937
81938
81946
81979
82015
82063
82119
82122
82125
82130
82206
82207
82208
82211
82215
82220
82226
82231
82235
82247
82254
82261
82281
82336
82348
82350
82378
82383
82384
82390
82396
82402
82412
82419
82428
82601
82669
82752
82757
82811
82862
82868
82892
82893
82931
82933
82935
82936
82959
82960
82977
82979
82981
82982
83024
83027
83029
83031
83032
83033
83067
83069
83071
83073
83075
83076
83078
83082
83083
83085
83119
83123
83180
83185
83186
83189
83195
83201
83208
83225
83235
83412
83429
83445
83453
83456
83463
83562
83602
83618
83686
83829
83842
83862
83878
83899
83900
83901
83903
83904
83917
83924
83932
83942
83947
84074
84096
84112
84136
84337
84348
84374
84377
84380
84390
85683
85703
85711
85712
85728
85735
85822
85826
85828
85837
85849
85859
85894
85898
85922
85951
85983
85994
86040
86079
86131
86134
86147
86153
86154
86155
86161
86166
86172
86189
86195
86238
86276
86288
86304
86308
86318
86319
86321
86325
86328
86345
86346
86349
86362
86363
86367
86371
86375
86381
86385
86387
86388
86389
86404
86405
86406
86413
86418
86433
86434
86440
86446
86501
86567
86572
86573
86576
86581
86590
86657
86666
86705
86706
86718
86787
86792
86799
86820
86862
86863
86911
86921
86950
86953
87111
87136
87137
87156
87169
87229
87230
87234
87240
87249
87252
87470
87473
87512
87551
87566
87568
87590
87646
87648
87718
87720
87727
87732
87736
87741
87747
87786
87798
88007
88018
88035
88072
88097
88102
88103
88105
88111
88117
88124
88125
88132
88138
88332
88386
88387
88388
88406
88431
88435
88445
88453
88456
88476
88478
88526
88610
88642
88681
88733
88734
88735
88736
88770
88777
88782
88787
88821
88825
88832
88836
88840
88844
88851
88864
88866
88892
88902
88905
88908
88912
88927
88961
89013
89014
89015
89078
89136
89160
89162
89164
89165
89167
89169
89172
89174
89175
89176
89237
89256
89257
89258
89259
89260
89261
89270
89271
89272
89279
89280
89285
89286
89287
89288
89293
89294
89300
89307
89341
89342
89343
89346
89348
89416
89421
89453
89465
89466
89467
89468
89469
89471
89473
89474
89484
89485
89486
89490
89497
89522
89593
89595
89597
89600
89603
89631
89632
89639
89643
89647
89695
89703
89704
89707
89713
89720
89732
89743
89748
89769
89786
89795
89797
89799
89818
89842
89851
89853
89856
89858
89862
89863
89864
89865
89867
89880
89881
89886
89912
89918
89923
89924
89935
89951
89954
89957
89965
89995
90000
90003
90021
90022
90024
90025
90026
90028
90029
90031
90036
90038
90039
90041
90046
90050
90051
90062
90066
90070
90071
90075
90076
90094
90104
90106
90110
90122
90126
90135
90136
90139
90143
90153
90157
90164
90168
90172
90176
90183
90184
90198
90233
90249
90261
90270
90277
90279
90283
90293
90296
90300
90307
90315
90322
90338
90340
90342
90349
90351
90356
90400
90402
90416
90420
90421
90427
90429
90440
90447
90454
90458
90459
90460
90462
90463
90464
90467
90471
90472
90523
90531
90540
90552
90563
90568
90570
90582
90592
90594
90598
90599
90605
90610
90612
90619
90629
90633
90642
90702
90706
90711
90717
90718
90721
90874
90884
90888
90892
90899
90900
90904
90909
90960
90966
90978
90992
91002
91004
91010
91018
91023
91035
91042
91056
91057
91061
91064
91065
91068
91069
91075
91085
91086
91089
91091
91098
91103
91109
91110
91131
91140
91150
91157
91165
91167
91168
91202
91209
91213
91214
91218
91219
91229
91234
91235
91242
91247
91251
91259
91266
91270
91274
91281
91285
91290
91299
91300
91302
91307
91318
91346
91353
91354
91355
91369
91383
91408
91422
91443
91451
91476
91478
91485
91491
91495
91509
91520
91521
91523
91529
91537
91553
91564
91568
91573
91585
91598
91602
91605
91606
91610
91616
91627
91628
91632
91634
91639
91640
91648
91663
91667
91668
91669
91676
91679
91680
91702
91703
91705
91711
91729
91731
91735
91736
91746
91751
91758
91764
91768
91776
91790
91797
91815
91819
91823
91839
91840
91848
91855
91874
91875
91877
91878
91879
91880
91881
91882
91886
91887
91888
91890
91892
91893
91897
91907
91911
91912
91926
91945
91946
91955
91958
91996
92004
92006
92010
92011
92016
92024
92029
92033
92037
92051
92057
92065
92075
92094
92098
92099
92103
92106
92107
92108
92110
92112
92113
92124
92130
92134
92146
92152
92167
92171
92175
92179
92187
92188
92194
92196
92200
92209
92215
92216
92234
92242
92251
92265
92266
92270
92275
92293
92308
92309
92318
92320
92321
92328
92329
92331
92336
92340
92344
92350
92357
92370
92385
92389
92396
92401
92405
92406
92413
92424
92426
92431
92434
92439
92453
92462
92463
92464
92465
92469
92483
92485
92497
92503
92505
92514
92522
92524
92533
92538
92546
92556
92557
92559
92560
92562
92566
92570
92572
92580
92587
92589
92595
92607
92617
92621
92635
92648
92649
92650
92675
92676
92682
92686
92687
92690
92691
92776
92830
92832
92842
92853
92861
92871
92872
92879
92880
92884
92904
92911
92920
92924
92938
92942
92943
92988
92992
92993
93011
93012
93019
93026
93064
93065
93077
93144
93155
93156
93162
93179
93192
93206
93207
93210
93222
93228
93233
93235
93240
93245
93249
93258
93261
93268
93275
93279
93289
93290
93297
93298
93309
93312
93317
93319
93321
93322
93332
93340
93348
93350
93351
93355
93359
93360
93361
93366
93374
93379
93382
93387
93390
93391
93392
93398
93401
93402
93412
93414
93427
93429
93434
93435
93438
93439
93440
93444
93454
93457
93464
93486
93494
93495
93496
93498
93554
93567
93576
93577
93579
93580
93582
93583
93585
93586
93632
93634
93636
93642
93649
93656
93791
93792
93794
93795
93797
93818
93819
93825
93826
93831
93832
93869
93870
93891
93892
93894
93895
93898
93903
93920
93921
93922
93923
93926
93927
93940
93960
93964
93973
93974
93975
93976
93977
93987
94012
94013
94049
94051
94061
94067
94072
94075
94081
94116
94122
94254
94256
94265
94397
94398
94400
94401
94402
94404
94478
94487
94490
94492
94498
94504
94511
94517
94528
94552
94607
94743
94745
94775
94856
94859
94937
94939
94948
94949
95023
95028
95704
95710
95712
95750
95799
95806
95858
95861
95863
95865
95871
95886
95888
95897
95899
96270
96394
96413
96415
96752
97157
97366
97678
97683
97689
97707
97714
97726
97758
97772
97797
97808
97816
97861
98621
98628
98718
98726
98727
98740
98756
98779
98786
98906
98963
99066
99069
99076
99101
99199
99214
99252
99309
99337
99376
99448
99449
99482
99488
99509
99530
99546
99571
99610
99717
99746
99756
99759
99760
99762
99764
99769
99778
99788
99802
99807
99853
99855
99865
99877
99905
99916
99955
99963
99984
100047
100060
100061
100078
100089
100093
100098
100109
100124
100126
100127
100142
100143
100144
100162
100181
100188
100197
100205
100211
100260
100262
100381
100388
100398
100407
100429
100447
100454
100461
100471
100497
100501
100514
100515
100526
100539
100596
100663
100665
100689
100702
100717
100722
100745
100746
100747
100754
100780
100788
100794
100851
100853
100877
100909
100913
100924
100925
100926
100929
100937
100944
100950
101270
101286
101311
101334
101335
101357
101383
101426
101435
101508
101515
101538
101541
101763
101882
101935
101936
101990
101994
101996
102029
102031
102040
102123
102157
102158
102221
102226
102227
102262
102266
102296
102297
102300
102301
102307
102342
102344
102346
102352
102359
102368
102538
102579
102626
102637
102730
102731
102752
102761
102762
102771
102786
102788
102879
102881
102888
102936
102939
102941
102947
102956
102962
103065
103113
103114
103206
103235
103240
103250
103297
103309
103310
103311
103313
103314
103337
103426
103483
103488
103489
103491
103497
103503
103510
103516
103522
103699
103700
103701
103733
103744
103745
103746
103833
103840
103850
103853
103856
103860
103869
103870
103891
103892
103920
103953
103962
103964
103967
103974
103975
103977
103984
103985
103993
103994
104232
104235
104247
104339
104344
104352
104359
104369
104372
104375
104384
104398
104401
104406
104409
104412
104415
104420
104842
104848
104866
104869
104911
104922
104948
104964
104980
104984
104985
104991
104996
104999
105005
105009
105013
105016
105019
105036
105052
105054
105055
105057
105064
105073
105080
105084
105085
105103
105131
105132
105206
105210
105309
105649
105653
105659
105660
106270
106278
106290
106292
106296
106346
106351
106490
106508
106541
106567
107240
107241
107242
107244
107246
107247
107248
107249
107250
107256
107259
107264
107267
107274
107281
107286
107306
107313
107320
107335
107346
107347
107349
107366
107376
107444
107454
107505
107512
107515
107519
107585
107617
107650
107716
107855
107876
107928
107929
107958
107962
107966
107969
107972
108179
108180
108181
108184
108324
108889
108890
108892
108904
108907
108961
108973
108987
109001
109087
109094
109113
109126
109151
109162
109301
109366
109612
109754
109772
109774
109788
109812
109814
109982
110125
110126
110127
110137
110139
110217
110218
110222
110223
110227
110228
110406
110421
110422
110423
110445
110446
110450
110451
110452
110454
110730
110907
110917
110954
110970
111217
111218
111248
111378
111379
111415
111416
111461
111462
111492
111500
111507
111516
111558
111616
111652
111698
111699
111700
111702
111703
111705
111706
111707
111708
111709
111712
111713
111715
111716
111717
111718
111738
111739
111747
111767
111769
111773
111774
111785
111786
111787
111808
111813
111834
111844
111850
111869
111981
111982
111990
112035
112041
112043
112044
112052
112060
112062
112063
112068
112082
112088
112101
112124
112145
112149
112152
112153
112156
112168
112171
112172
112173
112181
112182
112188
112211
112218
112241
112244
112252
112267
112268
112290
112323
112327
112328
112329
112330
112331
112360
112361
112368
112373
112380
112397
112410
112415
112422
112448
112498
112501
112502
112503
112504
112507
112518
112519
112524
112525
112530
112533
112536
112537
112538
112548
112551
112556
112564
112580
112606
112613
112668
112670
112671
112675
112681
112687
112694
112702
112709
112847
112903
112904
112980
113042
113045
113058
113210
113214
113215
113230
113231
113249
113258
113262
113263
113264
113267
113268
113327
113334
113335
113454
113457
113511
113513
113531
113534
113537
113538
113539
113543
113547
113550
113557
113562
113564
113573
113624
113628
113635
113678
113679
113685
113690
113692
113695
113698
113704
113769
113778
113780
113781
113783
113784
113785
113806
113807
113812
113877
113878
113879
113880
113949
113950
114052
114081
114097
114131
114158
114176
114304
114312
114314
114316
114319
114323
114324
114365
114371
114375
114377
114379
114383
114480
114481
114482
114487
114503
114507
114509
114510
114511
114534
114538
114554
114562
114585
114608
114620
114683
114690
114691
114697
114698
114705
114706
114709
114711
114815
114848
114885
114888
114894
114897
114899
114901
114902
114906
114911
114912
114915
114916
114948
115016
115021
115023
115031
115049
115082
115087
115123
115125
115131
115138
115143
115151
115185
115186
115208
115213
115216
115226
115261
115269
115289
115304
115314
115315
115388
115401
115411
115415
115430
115442
115464
115500
115501
115505
115506
115508
115512
115518
115523
115525
115531
115541
115611
115618
115626
115658
115662
115663
115664
115667
115675
115676
115696
115708
115709
115715
115716
115730
115731
115732
115743
115752
115754
115757
115764
115770
115772
115776
115784
115787
115789
115821
115845
115857
115858
115871
115904
115905
115917
115918
115919
115940
115941
115942
115946
115965
115966
115968
115971
115995
115996
115998
116000
116004
116006
116026
116041
116062
116064
116065
116081
116082
116241
116242
116334
116335
116341
116342
116351
116356
116399
116400
116429
116433
116434
116435
116437
116457
116459
116464
116465
116466
116469
116474
116475
116479
116480
116494
116495
116496
116514
116521
116575
116583
116586
116627
116725
116730
116775
116864
116872
116873
116874
116878
116880
116881
116882
116884
116931
116934
116937
116943
116944
116945
116948
116949
116961
116969
116972
116975
116976
116983
116988
116992
117005
117022
117023
117027
117029
117033
117104
117105
117109
117110
117111
117139
117145
117146
117148
117157
117164
117165
117180
117181
117188
117190
117195
117216
117226
117231
117236
117297
117300
117303
117304
117314
117319
117330
117331
117334
117335
117336
117343
117350
117353
117358
117359
117360
117363
117441
117443
117444
117456
117458
117462
117531
117532
117533
117534
117536
117540
117553
117559
117577
117656
117728
117755
117764
117777
117802
117900
117902
117914
117928
117931
117937
117938
117990
118001
118045
118048
118049
118050
118097
118129
118177
118200
118203
118204
118205
118207
118211
118214
118273
118324
118344
118345
118346
118357
118419
118486
118523
118524
118525
118526
118564
118584
118589
118595
118602
118607
118637
118657
118658
118659
118660
118701
118702
118727
118748
118751
118753
118758
118763
118775
118777
118828
118835
118843
118844
118861
118862
118866
118867
118879
118903
118907
118945
118947
119028
119127
119264
119284
119286
119339
119394
119395
119396
119397
119399
119403
119405
119423
119426
119427
119428
119430
119439
119442
119443
119447
119448
119450
119452
119456
119481
119482
119485
119501
119514
119538
119549
119551
119602
119615
119620
119622
119625
119626
119640
119652
119698
119700
119706
119717
119719
119726
119734
119735
119736
119737
119738
119739
119740
119742
119743
119746
119750
119762
119767
119770
119777
119779
119784
119785
119787
119789
119792
119822
119823
119824
119828
119835
119858
119872
119873
119889
119893
119902
119905
119911
119912
119917
119922
119931
119932
119933
119934
119935
119963
119967
119970
120001
120002
120003
120004
120005
120006
120008
120016
120020
120024
120029
120071
120072
120073
120110
120119
120137
120138
120140
120141
120143
120144
120145
120150
120151
120155
120158
120181
120192
120238
120298
120343
120349
120403
120412
120423
120441
120442
120452
120479
120481
120532
120564
120580
120581
120582
120583
120584
120609
120611
120612
120620
120632
120634
120635
120637
120641
120645
120649
120662
120668
120672
120677
120678
120679
120680
120682
120699
120703
120704
120706
120710
120712
120714
120715
120718
120724
120733
120734
120737
120738
120748
120749
120767
120768
120773
120790
120819
120885
120905
120907
120914
120915
120923
120927
120937
120938
120988
121000
121013
121021
121059
121060
121061
121071
121077
121078
121082
121085
121091
121095
121099
121103
121104
121152
121165
121166
121167
121168
121180
121181
121182
121186
121190
121194
121195
121196
121198
121203
121214
121220
121225
121234
121236
121240
121251
121252
121253
121288
121314
121349
121356
121370
121371
121391
121393
121396
121399
121401
121402
121404
121406
121409
121411
121412
121413
121423
121424
121426
121429
121435
121437
121449
121451
121453
121454
121455
121461
121465
121466
121469
121475
121476
121478
121479
121482
121485
121489
121503
121506
121507
121511
121516
121541
121542
121543
121544
121579
121582
121584
121585
121599
121618
121619
121620
121621
121622
121623
121625
121629
121632
121658
121659
121700
121701
121704
121709
121711
121712
121713
121714
121715
121716
121763
121766
121767
121771
121772
121778
121782
121785
121787
121790
121804
121864
121866
121880
121891
121896
121911
121916
121927
121928
122034
122047
122054
122064
122077
122085
122115
122124
122126
122129
122130
122135
122136
122140
122141
122142
122143
122145
122152
122153
122155
122158
122178
122200
122210
122213
122214
122215
122216
122260
122264
122299
122307
122317
122318
122327
122328
122340
122345
122350
122351
122353
122376
122377
122411
122412
122413
122418
122420
122472
122490
122491
122528
122530
122549
122563
122569
122570
122573
122594
122601
122605
122614
122618
122621
122635
122636
122637
122657
122673
122720
122738
122759
122780
122786
122804
122809
122830
122831
122834
122835
122838
122844
122847
122851
122853
122855
122856
122862
122863
122864
122865
122866
122871
122873
122874
122875
122876
122877
122881
122884
122890
122916
122920
122959
122971
123002
123028
123043
123044
123062
123068
123082
123083
123084
123085
123090
123094
123136
123162
123171
123184
123185
123191
123207
123209
123214
123240
123249
123252
123264
123283
123285
123294
123297
123311
123312
123329
123330
123351
123390
123392
123393
123395
123398
123419
123420
123421
123490
123510
123532
123535
123550
123590
123591
123598
123601
123604
123605
123606
123608
123609
123610
123611
123615
123622
123625
123626
123628
123629
123633
123635
123636
123656
123662
123663
123672
123692
123693
123697
123704
123710
123714
123716
123728
123732
123736
123737
123745
123746
123774
123775
123776
123789
123792
123793
123810
123823
123826
123832
123833
123834
123835
123839
123846
123850
123853
123855
123864
123913
123921
123923
123930
123933
123936
123938
123943
123947
123948
123954
123980
123985
123987
123993
124002
124004
124008
124019
124020
124029
124036
124037
124043
124050
124069
124071
124073
124074
124076
124108
124112
124119
124120
124121
124122
124128
124131
124135
124152
124180
124183
124185
124187
124188
124190
124193
124196
124199
124203
124205
124226
124229
124253
124289
124292
124302
124311
124353
124357
124364
124368
124372
124373
124374
124382
124384
124385
124389
124397
124398
124399
124405
124430
124443
124451
124456
124458
124459
124460
124461
124516
124521
124528
124533
124542
124544
124545
124548
124550
124554
124563
124564
124597
124598
124608
124612
124622
124625
124627
124628
124633
124638
124642
124651
124657
124676
124677
124688
124690
124691
124696
124699
124704
124706
124712
124740
124749
124750
124751
124775
124787
124795
124850
124855
124862
124865
124875
124880
124882
124886
124893
124898
124899
124932
124940
124942
124949
124954
124956
124959
124971
125013
125035
125095
125098
125121
125137
125141
125144
125145
125152
125153
125158
125166
125168
125171
125172
125185
125188
125190
125193
125198
125201
125203
125205
125207
125218
125219
125220
125221
125222
125233
125235
125237
125238
125240
125296
125299
125303
125310
125315
125317
125318
125319
125333
125336
125347
125352
125376
125377
125384
125385
125400
125402
125407
125411
125412
125429
125433
125448
125488
125489
125492
125509
125547
125550
125553
125556
125559
125562
125565
125566
125567
125568
125569
125570
125573
125575
125578
125582
125586
125591
125596
125597
125614
125625
125656
125666
125677
125715
125734
125737
125740
125767
125910
125911
125913
125914
125930
125931
125943
125949
125950
125958
125959
125964
125975
126017
126021
126024
126028
126032
126039
126118
126184
126292
126393
126454
126744
126749
126789
126793
126803
126819
127015
127033
127038
127046
127049
127053
127074
127215
127289
127298
127304
127309
127315
127316
127323
127336
127341
127342
127347
127349
127354
127356
127361
127362
127364
127366
127368
127369
127372
127373
127374
127376
127378
127379
127384
127385
127397
127405
127407
127408
127413
127419
127421
127424
127427
127428
127429
127524
127540
127549
127568
127593
127599
127602
127610
127611
127612
127638
127641
127647
127785
127789
127795
127796
127798
127799
127801
127802
127804
127811
127813
127815
127816
127817
127819
127821
127824
127825
127867
127879
127920
127923
127924
127927
127950
127951
127952
127953
127957
127967
127971
128016
128017
128023
128025
128045
128046
128051
128052
128054
128056
128058
128063
128066
128068
128069
128072
128074
128080
128084
128086
128087
128089
128092
128094
128096
128097
128104
128106
128123
128124
128153
128155
128177
128182
128184
128186
128190
128194
128199
128206
128208
128209
128212
128213
128215
128218
128219
128223
128245
128246
128268
128293
128294
128304
128308
128378
128414
128447
128516
128517
128533
128537
128547
128709
128721
128726
128727
128733
128772
128773
128801
128814
128831
128928
128941
128942
128947
128984
129028
129041
129042
129065
129072
129074
129081
129109
129126
129127
129128
129148
129149
129152
129156
129159
129161
129186
129187
129206
129207
129208
129209
129210
129211
129266
129278
129287
129331
129352
129364
129374
129376
129377
129399
129400
129409
129435
129436
129450
129451
129467
129480
129481
129495
129502
129504
129511
129518
129520
129521
129535
129542
129545
129546
129555
129572
129585
129614
129624
129634
129657
129675
129679
129693
129702
129704
129705
129798
129863
129864
129866
129870
129873
129875
129895
129897
129903
129912
129924
129926
129943
129968
129971
129981
129983
129985
129986
129987
129996
130000
130004
130009
130029
130052
130076
130078
130079
130080
130083
130085
130086
130092
130093
130096
130097
130114
130118
130121
130124
130132
130141
130154
130155
130161
130167
130168
130173
130181
130182
130193
130196
130216
130231
130241
130257
130261
130287
130314
130317
130323
130328
130333
130336
130399
130406
130413
130419
130584
130594
130623
130632
130640
130707
130719
130723
130724
130735
130737
130743
130744
130763
130776
130824
130866
130867
130877
130885
130913
130920
130947
130948
130949
130959
130960
130966
130969
130974
130995
131007
131011
131092
131103
131104
131105
131133
131140
131148
131150
131160
131162
131180
131206
131209
131220
131221
131239
131240
131245
131258
131305
131308
131320
131324
131325
131338
131340
131341
131366
131367
131375
131385
131386
131389
131400
131402
131424
131444
131467
131497
131522
131533
131537
131540
131552
131651
131653
131663
131740
131744
131782
131783
131785
131787
131789
131791
131792
131794
131813
131815
131823
131824
131840
131844
131904
131908
131922
131926
131965
131967
132005
132026
132046
132049
132051
132055
132092
132121
132131
132140
132143
132147
132154
132156
132157
132158
132160
132164
132180
132184
132286
132314
132330
132359
132367
132371
132372
132390
132408
132412
132418
132437
132451
132452
132460
132465
132466
132467
132479
132483
132500
132522
132545
132575
132599
132610
132613
132617
132623
132636
132646
132674
132703
132711
132750
132883
132884
132928
132929
132948
132949
132966
132968
133000
133003
133035
133038
133045
133061
133063
133067
133077
133150
133153
133162
133179
133182
133188
133214
133256
133267
133292
133302
133307
133310
133319
133365
133508
133509
133547
133548
133549
133554
133555
133559
133567
133574
133575
133582
133586
133590
133592
133593
133596
133600
133624
133626
133627
133628
133642
133647
133709
133710
133729
133739
133740
133789
133790
133794
133797
133803
133804
133815
133816
133824
133842
133844
133846
133847
133848
133849
133856
133905
133907
133923
133924
133930
133931
133937
133957
133965
133966
133997
133998
134004
134031
134032
134045
134051
134052
134055
134059
134063
134069
134090
134091
134115
134148
134164
134168
134171
134177
134183
134204
134213
134219
134224
134225
134226
134227
134229
134237
134243
134256
134257
134302
134303
134305
134308
134312
134316
134318
134320
134324
134336
134338
134344
134345
134353
134354
134357
134370
134406
134417
134423
134427
134432
134476
134550
134636
134639
134640
134684
134686
134687
134691
134699
134721
134725
134726
134727
134731
134741
134742
134749
134750
134765
134771
134773
134776
134777
134778
134779
134782
134787
134868
134870
134872
134873
134912
134915
134922
134924
134926
134928
134929
134935
134992
135002
135003
135004
135005
135006
135007
135008
135058
135075
135076
135078
135109
135114
135117
135118
135119
135120
135126
135127
135128
135133
135137
135147
135153
135167
135170
135174
135175
135176
135177
135178
135183
135187
135192
135205
135210
135215
135259
135365
135371
135382
135415
135446
135447
135460
135461
135466
135501
135528
135533
135543
135544
135546
135548
135551
135557
135562
135570
135571
135586
135604
135622
135623
135624
135642
135654
135655
135666
135667
135672
135682
135698
135700
135756
135759
135760
135767
135782
135795
135797
135801
135810
135826
135828
135832
135866
135867
135886
135894
135902
135916
135921
135923
135933
135940
135943
135944
135954
135966
135974
135977
135998
135999
136009
136010
136013
136014
136018
136026
136027
136038
136040
136042
136043
136050
136067
136070
136071
136072
136073
136078
136102
136103
136136
136137
136138
136139
136145
136147
136150
136154
136163
136171
136180
136189
136193
136213
136220
136242
136244
136254
136270
136275
136278
136328
136332
136347
136349
136355
136356
136403
136406
136407
136409
136416
136419
136425
136430
136435
136439
136444
136450
136469
136483
136610
136612
136620
136623
136632
136633
136635
136657
136659
136666
136677
136719
136720
136721
136723
136735
136741
136742
136743
136759
136764
136765
136766
136769
136770
136772
136774
136782
136786
136789
136803
136804
136805
136810
136822
136825
136828
136830
136838
136839
136840
136849
136850
136851
136852
136856
136859
136885
137025
137027
137028
137033
137035
137040
137059
137060
137062
137064
137066
137079
137088
137102
137124
137142
137144
137201
137204
137205
137447
137500
138241
138756
138759
138810
138853
138855
138861
138865
138868
138870
138873
138879
138896
138900
138903
138911
138912
138913
138917
138922
138923
138929
138932
138933
138936
138940
138945
138949
138969
138972
138980
138986
138987
138992
138993
138995
138996
139000
139001
139002
139006
139010
139024
139026
139027
139028
139031
139047
139121
139124
139125
139146
139147
139149
139151
139152
139255
139258
139265
139266
139268
139270
139272
139274
139275
139309
139442
139445
139446
139449
139484
139544
139559
139614
139618
139621
139622
139624
139632
139642
139697
139764
139849
139911
139913
139916
139917
139920
139922
139945
139948
139952
139954
139957
139959
139966
139968
139969
139971
139974
139975
139978
139982
139988
139992
139995
139996
139998
140002
140008
140009
140015
140020
140024
140025
140026
140029
140032
140033
140036
140037
140041
140043
140048
140054
140056
140059
140061
140062
140064
140067
140085
140104
140119
140124
140126
140140
140143
140145
140147
140148
140163
140170
140175
140192
140207
140221
140228
140232
140247
140254
140259
140283
140287
140289
140290
140293
140297
140300
140317
140321
140327
140340
140387
140392
140393
140395
140401
140407
140415
140422
140430
140694
140697
140702
140706
140723
140725
140744
140748
140750
140753
140771
140875
140878
140889
141318
141337
141339
141345
141346
141364
141369
141372
141374
141391
141401
141431
141441
141444
141448
141467
141485
141519
141520
141529
141531
141533
141565
141568
141586
141605
141609
141611
141647
141675
141678
141688
141691
141692
141693
141695
141700
141707
141713
141872
141873
141947
141948
141950
141951
142018
142037
142046
142059
142062
142083
142089
142097
142098
142138
142141
142146
142147
142164
142169
142182
142203
142214
142240
142248
142261
142262
142270
142276
142278
142288
142360
142363
142366
142372
142379
142385
142518
142519
142558
142579
142621
142623
142636
142647
142650
142657
142659
142698
142702
142712
142726
142735
142738
142768
142830
142833
142843
142844
142862
142865
142888
142907
142954
142955
142957
142959
142966
142968
143008
143011
143013
143019
143027
143034
143230
143236
143257
143346
143408
143435
143441
143465
143491
143501
143599
143600
143602
143605
143607
143610
143611
143613
143618
143622
143625
143626
143646
143680
143681
143688
143689
143691
143704
143783
143813
143945
143954
144023
144028
144035
144091
144175
144383
144447
144449
144483
144490
144493
144591
144621
144649
144722
144788
144789
144813
144838
144847
145220
145246
145248
145252
145276
145278
145289
145290
145292
145293
145295
145297
145298
145299
145300
145303
145305
145313
145322
145351
145573
145613
145624
145625
145632
145686
145690
145726
145749
145764
145779
145798
145942
145944
145956
145989
146024
146026
146035
146091
146093
146098
146109
146112
146113
146115
146117
146118
146120
146123
146124
146130
146139
146158
146160
146163
146174
146175
146191
146199
146201
146215
146222
146226
146259
146261
146267
146358
146375
146382
146407
146423
146436
146442
146446
146454
146486
146488
146549
146596
146609
147083
147087
147088
147090
147091
147093
147094
147095
147098
147102
147105
147106
147107
147110
147117
147129
147131
147161
147488
147490
147651
147652
147654
147656
147658
147660
147670
147686
147690
147694
147890
147908
147943
147947
147948
147949
147951
148202
148296
148327
148328
148406
148414
148430
148437
148442
148447
148454
148486
148517
148523
148524
148565
148569
148570
148577
148839
148853
148866
148913
148980
148981
148983
149000
149036
149041
149195
149208
149259
149297
149331
149346
149449
149451
149479
149481
149497
149522
149525
149533
149540
149551
149563
149571
149573
149598
149608
149612
149614
149628
149629
149636
149678
149692
149696
149703
149710
149711
149716
149747
149757
149759
149761
149763
149767
149773
149789
149827
149931
149964
149981
150017
150018
150021
150041
150043
150057
150068
150146
150152
150155
150160
150163
150188
150224
150251
150314
150340
150355
150395
150397
150418
150426
150591
150594
150595
150615
150616
150617
150623
150647
150667
150741
150787
150807
150812
150847
150848
150858
151004
151006
151009
151011
151017
151044
151045
151046
151047
151048
151124
151127
151131
151138
151146
151160
151294
151323
151342
151357
151360
151362
151363
151366
151388
151389
151390
151466
151472
151475
151543
151560
151586
151588
151602
151617
151618
151619
151629
151634
151743
151746
151747
151751
151770
151787
151788
151789
151791
151794
151795
151796
151803
151804
151805
151817
151822
152102
152136
152270
152271
152284
152287
152312
152313
152316
152320
152321
152324
152338
152379
152398
152416
152420
152440
152493
152496
152519
152520
152521
152539
152557
152565
152571
152576
152612
152618
152621
152623
152636
152644
152815
152818
152869
153021
153382
153399
153412
153424
153450
153474
153475
153478
153481
153486
153489
153792
153797
153851
153872
153898
153899
153900
153902
153907
153908
153929
153936
153941
153946
153952
153957
153987
153989
154048
154053
154078
154084
154086
154088
154091
154092
154093
154101
154114
154165
154167
154169
154174
154195
154197
154224
154229
154230
154232
154238
154244
154251
154259
154267
154414
154416
154418
154419
154423
154424
154429
154475
154476
154477
154481
154482
154491
154492
154503
154527
154552
154553
154556
154557
154560
154561
154586
154587
154588
154589
154590
154591
154603
154604
154611
154638
154643
154644
154804
154805
154813
154850
154885
154890
154921
154927
154940
155038
155047
155049
155068
155069
155071
155077
155084
155093
155094
155098
155151
155284
155314
155315
155322
155332
155336
155337
155348
155353
155355
155357
155358
155377
155383
155393
155395
155428
155440
155506
155521
155634
155651
155653
155655
155665
155670
155675
155680
155795
155839
155844
155846
155848
155861
155866
155878
155883
155928
155930
155931
155967
155969
155971
156086
156431
156440
156457
156462
156468
156469
156517
156533
156551
156569
156619
156655
156675
156695
156696
156744
156761
156772
156877
156925
156931
156934
156939
156942
156950
156960
157051
157156
157159
157163
157165
157172
157192
157194
157217
157218
157236
157247
157250
157258
157264
157272
157279
157322
157361
157442
157444
157453
157484
157487
157512
157525
157544
157569
157570
157576
157599
157607
157637
157638
157647
157654
157810
157874
157897
157943
158022
158025
158063
158113
158168
158183
158230
158699
158728
158757
158795
158797
158798
158799
158802
158811
158883
158942
158943
158952
158958
158960
158961
158962
158964
158980
158984
158996
159006
159017
159022
159029
159053
159069
159075
159136
159143
159150
159151
159153
159159
159167
159171
159189
159205
159486
159493
159501
159509
159524
159528
159533
159551
159629
159650
159665
159666
159667
159668
159671
159683
159692
159717
159722
159843
159865
159867
159868
159869
159870
159877
159882
159889
159895
159899
159913
159914
159932
159941
160033
160034
160035
160036
160063
160068
160073
160078
160092
160109
160126
160130
160131
160136
160152
160163
160164
160178
160197
160226
160227
160229
160237
160242
160247
160250
160280
160281
160288
160293
160319
160322
160327
160333
160358
160366
160368
160387
160391
160455
160502
160558
160569
160577
160586
160591
160603
160610
160623
160628
160634
160639
160640
160648
160654
160668
160692
160716
160859
161195
161239
161267
161268
161269
161279
161284
161307
161315
161333
161354
161355
161357
161374
161381
161386
161387
161415
161416
161508
161538
161546
161549
161550
161591
161610
161628
161656
161667
161680
161689
161690
161691
161692
161693
161694
161695
161696
161697
161698
161699
161700
161701
161710
161720
161733
161738
161746
161759
161771
161775
161781
161789
161793
161807
161813
161827
161842
161856
161857
161889
161897
161968
162024
162030
162031
162036
162051
162052
162059
162068
162113
162173
162200
162246
162405
162408
162409
162415
162420
162421
162440
162449
162471
162473
162512
162519
162520
162527
162542
162543
162544
162549
162555
162560
162670
162678
162713
162834
162847
162853
162860
162864
162879
163018
163045
163047
163062
163068
163069
163086
163107
163118
163119
163120
163125
163128
163129
163243
163300
163333
163343
163346
163400
163404
163437
163442
163444
163465
163548
163549
163557
163610
163613
163624
163699
163700
163710
163714
163728
163771
163773
163783
163784
163813
163814
163857
163870
163885
163886
163944
163945
163947
163948
163998
164000
164003
164006
164012
164017
164029
164031
164035
164059
164066
164067
164071
164093
164100
164163
164171
164222
164225
164233
164234
164236
164237
164260
164261
164262
164263
164264
164266
164267
164268
164274
164278
164281
164300
164408
164411
164415
164418
164424
164464
164467
164517
164534
164537
164539
164547
164554
164563
164564
164568
164571
164572
164573
164589
164592
164600
164606
164653
164664
164672
164694
164700
164710
164745
164747
164754
164780
164781
164783
164786
164787
164789
164790
164791
164792
164852
164853
164862
164864
164865
164866
164882
164883
164886
164887
164947
164951
164956
164957
165012
165013
165020
165021
165041
165063
165064
165080
165088
165089
165136
165138
165144
165153
165195
165210
165280
165284
165306
165398
165400
165437
165486
165487
165536
165537
165574
165638
165645
165646
165675
165687
165711
165716
165766
165782
165796
165797
165812
165831
165888
165914
165935
165956
165957
166005
166115
166129
166175
166179
166181
166210
166287
166380
166381
166385
166388
166399
166400
166401
166405
166407
166408
166412
166413
166417
166419
166458
166465
166483
166505
166525
166610
166617
166659
166676
166677
166762
166763
166939
166973
167010
167012
167013
167020
167021
167022
167029
167066
167073
167080
167092
167104
167115
167131
167199
167207
167226
167227
167323
167357
167360
167370
167376
167393
167396
167399
167400
167401
167405
167406
167410
167414
167426
167427
167441
167445
167569
167570
167574
167588
167660
167666
167742
167743
167744
167766
167773
167792
167803
167804
167805
167806
167807
167808
167809
167832
167995
168016
168021
168042
168220
168234
168353
168400
168403
168423
168429
168450
168460
168461
168463
168464
168465
168466
168469
168470
168471
168496
168497
168506
168517
168528
168556
168635
168671
168672
168731
168737
168776
168795
168796
168868
168881
168882
168883
168884
168885
168886
168889
168890
168893
168894
168895
168896
168899
168924
168936
168940
168943
168947
168950
168951
168956
168959
168965
169008
169012
169015
169016
169020
169036
169054
169058
169074
169084
169087
169098
169100
169116
169119
169155
169176
169179
169180
169185
169187
169189
169198
169221
169258
169266
169280
169293
169412
169414
169432
169449
169460
169461
169474
169475
169497
169498
169502
169533
169540
169553
169583
169682
169747
169816
169829
169859
169881
169885
169888
169930
169945
169946
169970
169971
169982
169983
169987
170011
170041
170081
170082
170099
170107
170113
170126
170143
170181
170195
170199
170200
170201
170205
170206
170207
170211
170222
170286
170288
170296
170306
170332
170336
170366
170371
170374
170379
170435
170446
170457
170470
170547
170560
170562
170564
170566
170569
170572
170573
170576
170577
170588
170592
170593
170598
170612
170622
170626
170683
170684
170685
170687
170688
170690
170691
170695
170704
170768
170769
170770
170777
170780
170785
170789
170985
170995
171010
171029
171030
171032
171033
171036
171037
171038
171042
171043
171047
171051
171053
171072
171075
171087
171088
171093
171113
171122
171138
171182
171184
171191
171226
171231
171232
171235
171246
171264
171266
171267
171274
171283
171284
171285
171287
171288
171322
171325
171333
171389
171393
171402
171406
171408
171418
171430
171479
171498
171500
171501
171502
171504
171505
171522
171562
171563
171719
171787
171802
171803
171847
171887
171898
171910
171914
171925
171929
171942
171968
171970
172040
172050
172052
172066
172074
172100
172104
172107
172111
172119
172136
172163
172215
172312
172373
172382
172418
172419
172449
172485
172510
172559
172587
172590
172591
172593
172606
172607
172608
172609
172615
172645
172646
172660
172686
172692
172693
172697
172698
172705
172712
172793
172814
172816
172876
172885
172924
173006
173011
173013
173027
173029
173070
173080
173120
173211
173280
173282
173290
173362
173365
173368
173375
173389
173463
173471
173482
173528
173549
173582
173643
173723
173730
173830
173842
173848
173892
173901
173920
173952
173953
173955
173977
173981
173982
173987
173993
174045
174057
174113
174116
174118
174129
174147
174243
174246
174254
174257
174258
174262
174269
174274
174276
174279
174282
174285
174286
174289
174290
174291
174326
174329
174332
174337
174340
174341
174342
174346
174350
174359
174382
174403
174421
174500
174515
174517
174518
174520
174577
174632
174634
174665
174730
174732
174733
174736
174738
174740
174742
174744
174776
174804
174809
174831
174833
174837
174838
174900
174933
174934
174940
174994
174997
174999
175000
175018
175019
175021
175023
175030
175035
175056
175066
175069
175102
175103
175104
175106
175142
175192
175204
175205
175208
175210
175232
175239
175248
175269
175299
175318
175320
175322
175323
175326
175330
175340
175363
175378
175380
175387
175443
175492
175511
175515
175555
175652
175663
175685
175691
175693
175695
175697
175709
175731
175747
175748
175760
175765
175792
175826
175893
175897
175901
175979
175982
175985
175988
175991
175994
175998
176012
176013
176014
176018
176026
176027
176036
176040
176045
176046
176047
176049
176053
176056
176087
176090
176098
176113
176115
176117
176121
176213
176277
176292
176304
176309
176317
176318
176319
176335
176345
176348
176351
176354
176357
176358
176359
176375
176409
176410
176412
176421
176430
176438
176440
176445
176446
176448
176452
176456
176457
176463
176482
176483
176527
176544
176554
176564
176565
176575
176577
176592
176597
176598
176632
176696
176699
176700
176739
176740
176745
176750
176803
176812
176817
176822
176897
176900
176906
176936
176940
176942
176958
176959
176968
176983
177003
177004
177022
177028
177031
177034
177038
177041
177055
177059
177133
177140
177141
177144
177145
177151
177154
177155
177156
177157
177158
177159
177164
177168
177171
177173
177179
177180
177185
177191
177195
177208
177226
177228
177229
177253
177293
177305
177309
177313
177320
177321
177322
177326
177327
177328
177329
177332
177333
177337
177338
177339
177343
177347
177351
177355
177359
177363
177364
177365
177366
177367
177368
177369
177370
177371
177372
177373
177374
177375
177376
177380
177384
177390
177392
177393
177406
177407
177408
177409
177427
177435
177437
177438
177439
177446
177447
177449
177455
177462
177480
177487
177498
177618
177632
177634
177648
177672
177700
177702
177723
177725
177726
177730
177731
177757
177844
177948
177949
177991
177992
177995
177997
177999
178017
178023
178025
178026
178037
178045
178049
178053
178059
178064
178066
178070
178074
178277
178290
178353
178358
178360
178375
178376
178377
178427
178501
178504
178505
178506
178512
178515
178522
178562
178591
178598
178672
178673
178710
178719
178802
178817
178818
178820
178821
178823
178828
178854
178877
178888
178889
178890
178906
178909
178917
178920
178921
178933
178936
178945
178946
178948
178954
178964
178997
178998
179002
179053
179054
179056
179066
179072
179074
179078
179087
179088
179089
179094
179096
179098
179100
179103
179176
179224
179423
179756
179781
179784
179805
179807
179814
179886
179888
179895
179957
179963
179970
180066
180077
180128
180134
180138
180153
180158
180179
180180
180181
180288
180290
180291
180335
180354
180360
180373
180378
180381
180387
180450
180466
180467
180493
180527
180539
180544
180546
180553
180618
180620
180627
180654
180769
180772
180780
180848
180849
180850
180885
180889
180890
180896
180908
180925
180947
180950
180958
180979
180980
180988
181008
181009
181079
181080
181081
181093
181110
181136
181137
181308
181365
181374
181381
181384
181387
181388
181389
181395
181401
181408
181444
181477
181478
181481
181484
181521
181529
181539
181548
181775
181778
181796
181812
181828
181849
181856
181869
181880
181906
181907
181935
181938
181968
181969
181980
181998
182024
182026
182124
182127
182134
182139
182155
182201
182203
182258
182265
182283
182302
182321
182325
182329
182331
182347
182365
182373
182429
182433
182509
182510
182515
182518
182531
182547
182548
182551
182553
182578
182586
182587
182600
182602
182604
182607
182616
182634
182660
182682
182736
182739
182742
182743
182747
182750
182757
182764
182771
182777
182782
182783
182788
182809
182858
182880
182881
182884
182886
182888
182894
182905
182981
183433
183452
183505
183563
183564
183566
183568
183570
183686
183690
183696
183697
183712
183737
183746
183781
183829
183832
183841
184091
184517
184518
184592
184596
184838
184922
184935
184960
184961
184984
184994
185011
185012
185014
185015
185017
185018
185020
185022
185024
185025
185027
185029
185032
185035
185039
185043
185044
185061
185167
185181
185267
185341
185342
185343
185424
185427
185428
185480
185494
185518
185596
185605
185657
185692
185711
185830
185926
186584
186587
186588
186591
186597
186603
186613
186616
186622
186628
186646
186983
186985
187016
187024
187026
187048
187153
187154
187155
187183
187189
187197
187206
187219
187403
187405
187411
187434
187642
187644
187651
187696
187699
187701
187707
187715
187722
188218
188241
188244
188247
188249
188255
188261
188268
188274
188281
188534
188549
188557
188568
188578
188580
188769
188773
188774
188779
188783
188785
188786
188799
189229
189238
189240
189247
189255
189260
189300
189430
189472
189645
189662
189692
189694
189706
189712
189717
189721
189727
189762
189771
190047
190048
190070
190086
190122
190123
190170
190173
190178
190183
190184
190255
190311
190312
190313
190315
190321
190327
190337
190345
190352
190532
190566
190593
190594
190649
190650
190658
190668
190671
190681
190700
190702
190712
190716
190718
190719
190720
190745
190747
190753
190775
190776
190777
190778
190779
190780
190783
190784
190786
190787
190801
190805
190829
190831
190832
190833
190871
190955
190956
190958
190960
190966
190972
190979
190987
190993
191301
191338
191503
191562
191563
191564
191574
191586
191599
191600
191621
191623
191624
191647
191649
191653
191718
191751
191754
191761
191766
191767
191768
191769
191772
191775
191782
191798
191804
191809
191815
191820
191825
191831
191832
191835
191837
191942
192139
192182
192184
192415
192533
192535
192537
192541
192545
192546
192555
192561
192567
192600
192602
192605
192792
192803
192804
192805
192807
192811
192818
192890
192901
192902
192903
192905
192907
192933
192943
193052
193069
193071
193077
193083
193101
193113
193114
193121
193123
193126
193147
193263
193269
193272
193273
193292
193300
193301
193307
193308
193330
193365
193367
193371
193421
193425
193488
193508
193511
193512
193513
193514
193518
193525
193542
193545
193546
193551
193577
193583
193601
193619
193622
193633
193634
193636
193641
193642
193645
193665
193668
193673
193687
193689
193746
193749
193752
193758
193765
193775
194196
194230
194231
194232
194248
194262
194274
194277
194304
194317
194320
194323
194325
194328
194329
194342
194343
194344
194348
194362
194372
194484
194487
194488
194502
194504
194510
194548
194552
194556
194563
194564
194581
194588
194589
194597
194598
194599
194603
194609
194613
194619
194620
194621
194628
194635
194642
194649
194680
194693
194695
194698
194716
194718
194720
194725
194726
194727
194728
194730
194731
194733
194740
194741
194745
194753
194754
194789
194791
194792
194809
194839
194842
194863
194868
194869
194872
194873
194875
194876
194877
194878
194881
194885
194926
194928
194929
194933
194934
194977
194978
194985
195003
195016
195020
195028
195031
195033
195035
195037
195040
195049
195050
195072
195073
195082
195083
195084
195105
195111
195112
195115
195118
195119
195139
195141
195144
195146
195162
195183
195184
195188
195210
195211
195212
195214
195268
195269
195270
195271
195287
195302
195315
195316
195322
195324
195330
195340
195346
195366
195369
195419
195420
195472
195520
195521
195522
195566
195569
195572
195581
195584
195602
195624
195628
195629
195633
195659
195662
195666
195713
195714
195721
195732
195733
195740
195741
195742
195745
195746
195757
195758
195800
195818
195824
195825
195833
195834
195835
195837
195863
195865
195867
195879
195887
195890
195891
195914
195940
195947
195948
195958
195965
195994
196028
196038
196044
196052
196055
196057
196059
196087
196091
196102
196121
196123
196134
196191
196210
196239
196242
196246
196268
196269
196272
196278
196317
196331
196478
196512
196513
196515
196521
196522
196523
196524
196530
196554
196580
196624
196705
196717
196718
196719
196721
196728
196734
196741
196747
196753
196944
196983
197090
197170
197174
197175
197185
197233
197236
197254
197255
197269
197270
197271
197272
197273
197274
197282
197283
197296
197301
197307
197312
197316
197391
197409
197410
197421
197449
197455
197473
197481
197497
197500
197501
197508
197509
197510
197557
197562
197591
197596
197597
197599
197606
197608
197610
197611
197617
197629
197630
197652
197653
197667
197669
197670
197671
197673
197674
197680
197686
197703
197732
197736
197747
197757
197772
197778
197779
197793
197845
197852
197859
197894
197906
197910
197985
198084
198091
198129
198146
198147
198176
198178
198184
198202
198224
198235
198290
198325
198326
198328
198330
198390
198392
198400
198406
198415
198417
198422
198448
198450
198453
198459
198467
198475
198679
198680
198681
198683
198710
198715
198720
198721
198722
198723
198724
198725
198726
198727
198728
198729
198730
198731
198732
198733
198762
198763
198764
198765
198779
198780
198838
198841
198847
198934
198938
198959
198964
199013
199020
199047
199052
199057
199078
199081
199094
199095
199096
199098
199101
199104
199123
199125
199175
199179
199181
199192
199193
199196
199216
199219
199256
199258
199272
199275
199301
199305
199316
199317
199318
199321
199327
199335
199343
199349
199522
199537
199544
199554
199594
199596
199597
199598
199599
199600
199601
199607
199611
199620
199627
199637
199655
199661
199673
199675
199686
199687
199701
199711
199713
199730
199769
199772
199794
199795
199796
199798
199804
199810
199817
199823
199829
199988
199990
