170
171
172
173
174
175
176
177
178
179
180
181
182
183
236
237
238
239
254
257
336
337
338
339
407
408
447
464
465
466
470
477
480
481
483
484
486
487
491
498
499
500
504
511
512
513
517
524
525
526
528
529
530
531
542
543
604
605
608
609
610
611
616
618
633
653
662
663
668
669
670
674
682
683
684
690
699
700
701
704
708
712
719
722
731
732
733
739
747
748
749
753
754
755
766
767
768
774
775
776
777
778
787
789
790
791
794
803
808
817
818
819
822
826
827
828
833
841
842
843
844
858
860
861
862
865
870
873
876
877
880
882
887
888
902
911
912
913
916
917
918
922
926
927
928
929
931
936
938
945
948
996
1005
1006
1007
1014
1017
1022
1023
1024
1025
1027
1028
1029
1036
1037
1044
1045
1052
1053
1058
1061
1189
1193
1202
1203
1204
1208
1209
1213
1214
1215
1216
1218
1227
1232
1235
1244
1245
1246
1249
1253
1254
1255
1256
1258
1268
1273
1276
1277
1278
1279
1280
1281
1291
1292
1293
1297
1302
1303
1304
1307
1308
1313
1314
1318
1325
1326
1328
1343
1348
1374
1376
1378
1379
1380
1381
1382
1383
1384
1385
1386
1387
1388
1389
1390
1392
1393
1394
1397
1399
1400
1402
1404
1408
1410
1413
1421
1422
1423
1424
1430
1437
1438
1439
1441
1450
1504
1505
1523
1524
1556
1557
1558
1559
1560
1561
1562
1569
1570
1571
1572
1573
1574
1575
1576
1579
1580
1582
1584
1600
1624
1643
1652
1653
1654
1657
1658
1662
1666
1667
1668
1669
1671
1672
1675
1676
1679
1689
1696
1697
1699
1705
1706
1707
1709
1714
1722
1729
1734
1735
1739
1743
1755
1765
1768
1775
1782
1784
1786
1788
1790
1913
1914
1937
1938
1953
1954
1973
1974
1995
1996
2031
2032
2076
2077
2100
2101
2116
2117
2136
2137
2158
2159
2194
2195
2642
2652
2653
2654
2656
2659
2665
2666
2669
2859
2885
3009
3160
3389
3390
3393
3394
3586
3587
3588
3611
3668
3669
3670
3671
3672
3673
3674
3675
3676
3677
3678
3679
3680
3681
3890
3891
4002
4068
4161
4180
4181
4182
4183
4184
4185
4186
4187
4188
4189
4190
4191
4192
4193
4194
4195
4196
4197
4198
4199
4200
4201
4202
4203
4204
4205
4206
4207
4330
4331
4332
4333
4354
4355
4430
4433
4890
4891
4894
5091
5196
5197
5342
5353
5356
5359
5471
5635
5636
5902
5948
5986
6129
6130
6572
6573
6574
6575
6576
6577
6578
6579
6580
6581
6582
6583
6584
6585
6652
6653
6797
6798
6799
6800
6823
6824
6825
6826
6866
6867
7123
7124
7147
7148
7183
7184
7191
7192
7265
7266
7289
7290
7313
7314
7321
7322
7466
7467
7474
7475
7482
7483
7484
7485
7519
7520
7521
7522
7531
7532
7533
7534
7544
7545
7546
7547
7621
7622
7623
7624
7686
7687
7710
7711
7734
7735
7742
7743
7938
7939
7962
7963
7986
7987
7994
7995
8069
8070
8093
8094
8117
8118
8125
8126
8377
8378
8385
8386
8393
8394
8401
8402
8409
8410
8417
8418
8425
8426
8486
8487
8510
8511
8534
8535
8542
8543
8686
8687
8688
8689
8721
8722
9262
9412
9413
9414
9415
9425
9426
9479
9484
9491
9502
9505
9599
9600
9603
9604
9609
9611
9925
9929
9930
9932
10024
10028
10035
10036
10037
10282
10291
10292
10293
10297
10337
10338
10339
10355
10356
10357
10358
10359
10360
10361
10362
10363
10364
10365
10366
10367
10368
10383
10390
10391
10407
10408
10471
10472
10473
10474
10501
10581
10595
10601
10602
10626
10658
10660
10665
10666
10669
10678
10679
10680
10681
10686
10687
10713
10742
10984
10985
10986
10987
10992
10993
10994
10995
10996
11000
11001
11002
11026
11027
11322
11323
11353
11354
11355
11356
11358
11363
11372
11373
11410
11494
11532
11548
11549
11552
11577
11902
11903
11926
11927
11950
11951
11972
11973
12047
12048
12071
12072
12095
12096
12117
12118
12221
12222
12240
12295
12296
12299
12477
12478
12485
12500
12504
12564
12565
12588
12589
12612
12613
12634
12635
12730
12731
12762
12763
12766
12767
12802
12803
12828
12829
12846
12847
12874
12875
12894
12895
13044
13045
13068
13069
13094
13095
13112
13113
13138
13139
13164
13165
13222
13223
13263
13264
13432
13433
13547
13548
13721
13722
14273
14274
14275
14276
14278
14280
14285
14286
14301
14302
14310
14316
14317
14321
14326
14367
14382
14383
14395
14429
14482
14483
14488
14489
14490
14598
14599
14600
14601
14602
14603
14604
14605
14606
14607
14608
14609
14610
14611
14642
14664
14667
14668
14795
14796
14832
14834
14862
14864
14866
14870
14871
14886
15159
15160
15161
15162
15262
15263
15624
15625
15626
15627
15628
15629
15630
15631
15635
15636
15637
15638
15651
15654
15943
15950
15951
15952
15957
15961
15964
16124
16125
16148
16149
16172
16173
16194
16195
16341
16342
16365
16366
16389
16390
16411
16412
16483
16484
16544
16545
16726
16727
16734
16750
16751
16754
16755
16756
16757
16761
16763
16776
16777
16922
16923
17015
17016
17273
17274
17275
17276
17277
17278
17279
17280
17281
17282
17283
17284
17285
17286
17301
17302
17435
17438
17461
17462
17465
17466
17467
17472
17692
17694
17803
17804
17807
17808
18062
18065
18178
18179
18180
18181
18182
18183
18184
18185
18186
18187
18188
18189
18190
18191
18248
18249
18313
18315
18459
18460
18473
18475
18478
18479
18481
18484
18485
18492
18524
18525
18526
18527
18528
18529
18541
18548
18549
18550
18555
18557
18580
18581
18582
18659
18661
18664
18665
18666
18667
18669
18670
18709
18721
18842
18854
18861
18862
18863
18866
18877
18878
18879
18881
18883
18884
18893
18894
18909
18923
18926
18927
18928
18932
18933
18937
18941
18942
18945
18946
18947
18954
18956
18957
18960
18967
18969
18970
18973
18979
18982
18984
18987
18988
18989
18993
18995
18996
19001
19004
19005
19008
19014
19015
19020
19027
19030
19031
19036
19037
19043
19044
19050
19051
19057
19058
19086
19087
19097
19098
19104
19105
19147
19148
19222
19223
19272
19273
19279
19280
19312
19313
19465
19466
19505
19506
19568
19569
19610
19617
19623
19625
19627
19631
19639
19646
19653
19655
19657
19661
19663
19664
19665
19666
19667
19668
19669
19670
19671
19672
19673
19777
19780
19783
19811
19814
19817
19819
19821
19825
19827
19829
19830
19833
19835
19837
19838
19841
19843
19875
19879
19881
19884
20093
20094
20099
20102
20275
20281
20283
20288
20289
20292
20423
20426
20428
20430
20431
20436
20440
20442
20446
20449
20452
20454
20668
20671
20674
20677
20680
20883
20885
20891
20893
20896
20897
20899
20900
20902
20903
20905
20907
20909
20911
20913
20916
20917
20918
20936
21338
21412
21413
21467
21468
21469
21470
21473
21476
21479
21482
21483
21484
21489
21491
21501
21502
21510
21511
21512
21518
21525
21527
21541
21542
21547
21562
21565
21572
21573
21574
21582
21585
21586
21590
21591
21592
21594
21614
21625
21632
21660
21666
21679
21680
21685
21687
21692
21696
21699
21756
21770
21772
21808
21812
21889
21933
21934
21946
21951
21953
21955
21956
21957
21958
21959
21960
21961
21962
21963
21964
21965
21966
21967
21968
21969
21970
21971
21972
21973
21974
21985
21989
21995
21997
22014
22016
22018
22020
22022
22023
22025
22027
22030
22032
22034
22035
22037
22039
22043
22046
22047
22049
22050
22051
22053
22054
22060
22062
22064
22067
22069
22072
22074
22076
22079
22081
22083
22086
22089
22092
22093
22099
22100
22101
22102
22103
22104
22105
22106
22107
22108
22109
22110
22111
22116
22117
22118
22121
22122
22123
22158
22163
22165
22168
22170
22173
22176
22335
22340
22371
22374
22375
22468
22475
22479
22485
22491
22493
22494
22496
22499
22525
22526
22527
22713
22779
22784
22787
22805
22806
22811
22813
22815
22863
22865
22867
22872
22873
22874
22876
22885
22886
22887
22888
22898
22899
22900
22902
22904
22907
22910
22912
22927
22934
22935
22938
22940
22950
22953
23020
23068
23072
23075
23087
23090
23093
23113
23117
23120
23123
23142
23144
23149
23150
23151
23153
23155
23156
23164
23171
23213
23215
23257
23259
23282
23284
23286
23295
23320
23321
23366
23436
23439
23468
23485
23501
23578
23604
23607
23618
23621
23655
23658
23661
23662
23664
23667
23669
23671
23674
23675
23677
23679
23687
23707
23710
23731
23738
23741
23744
23828
23830
23832
23834
23837
23838
23840
23843
23844
23846
23848
23855
23862
23865
23867
23869
23873
23875
23878
23880
23886
23891
23892
23910
23914
23915
23933
23937
24033
24036
24040
24044
24107
24111
24113
24133
24134
24146
24147
24155
24162
24163
24177
24178
24213
24214
24215
24221
24222
24231
24256
24275
24276
24348
24349
24350
24351
24352
24353
24354
24355
24356
24407
24409
24410
24430
24432
24434
24463
24464
24495
24507
24508
24525
24526
24539
24540
24570
24571
24595
24596
24607
24608
24623
24624
24640
24641
24651
24652
24662
24666
24667
24670
24682
24683
24693
24694
24732
24733
24774
24790
24791
24802
24803
24809
24810
24818
24819
24831
24832
24869
24870
24890
24891
24892
24893
24894
24895
24896
24897
24898
24899
25049
25050
25088
25089
25095
25096
25102
25103
25104
25110
25111
25121
25122
25132
25133
25134
25188
25189
25190
25191
25206
25213
25214
25229
25230
25268
25269
25270
25279
25280
25293
25294
25311
25312
25345
26037
26079
26080
26081
26082
26083
26084
26085
26086
26098
26132
26154
26156
26398
26399
26415
26417
26421
26429
26566
26568
26571
26573
26579
26700
26893
26896
26897
26983
26984
26986
26987
26988
26995
26999
27001
27003
27007
27027
27028
27034
27036
27055
27062
27070
27079
27081
27082
27083
27087
27472
27489
27496
27497
27498
27499
27500
27501
27523
27527
27528
27565
27573
27574
27575
27579
27583
27584
27595
27596
27597
27601
27605
27611
27612
27613
27616
27633
27659
27662
27665
27668
27671
27674
27682
27683
27684
27698
27699
27700
27706
27707
27708
27709
27712
27722
27723
27724
27746
27747
27748
27749
27750
27753
27758
27761
27762
27770
27773
27774
27775
27776
27777
27778
27779
27780
27781
27782
27783
27785
27787
27789
27791
27792
27793
27796
27798
27799
27801
27805
27806
27807
27809
27811
27815
27816
27818
27820
27821
27824
27825
27826
27827
27830
27835
27865
27868
27870
27871
27872
27873
27874
27875
27877
27879
27880
27882
27885
27886
27889
27892
27893
27897
27898
27916
27917
27918
27919
27920
27921
27928
27929
27932
27935
27938
27942
27945
27946
27947
27948
27950
27951
27954
27956
28007
28008
28009
28010
28011
28013
28015
28028
28029
28030
28031
28032
28065
28066
28067
28068
28069
28070
28071
28074
28095
28096
28098
28099
28100
28102
28103
28104
28105
28106
28110
28111
28112
28113
28114
28115
28116
28117
28118
28119
28123
28125
28126
28128
28129
28130
28131
28132
28133
28134
28135
28156
28157
28160
28161
28162
28163
28164
28165
28174
28175
28177
28180
28181
28182
28183
28184
28186
28189
28190
28191
28192
28260
28261
28262
28263
28264
28266
28267
28268
28269
28270
28271
28272
28336
28337
28338
28339
28577
28578
28580
28594
28668
28670
28672
28673
28674
28675
28676
28677
28678
28679
28680
28681
28688
28689
28692
28695
28696
28697
28698
28699
28702
28703
28704
28705
28859
28860
28862
28863
28889
28890
28891
28892
28893
28894
28895
28896
28897
28898
28899
28900
28901
28902
28903
28905
28908
28909
28910
28913
28915
28916
28919
28921
28922
28923
28924
28926
28927
28928
28930
28931
28932
28933
28934
28935
28945
28946
28948
28949
28955
28957
28958
28960
28964
28970
28975
28979
28981
28982
28985
29002
29003
29023
29025
29026
29027
29028
29029
29030
29031
29032
29033
29034
29036
29039
29040
29042
29045
29047
29058
29059
29060
29062
29063
29066
29067
29083
29109
29110
29111
29117
29118
29119
29120
29123
29128
29135
29140
29141
29142
29148
29158
29160
29161
29162
29163
29164
29166
29169
29177
29178
29179
29180
29182
29205
29206
29211
29212
29215
29216
29224
29227
29233
29243
29244
29245
29247
29248
29249
29250
29253
29254
29257
29258
29260
29263
29272
29280
29281
29283
29286
29292
29293
29298
29299
29303
29305
29306
29307
29308
29310
29312
29317
29320
29322
29324
29327
29328
29329
29330
29333
29368
29369
29370
29403
29419
29420
29421
29422
29432
29433
29434
29439
29440
29441
29442
29444
29446
29447
29448
29450
29451
29455
29459
29460
29461
29463
29465
29469
29470
29471
29472
29475
29476
29477
29480
29486
29487
29489
29490
29491
29492
29496
29498
29499
29504
29530
29546
29547
29602
29605
29610
29612
29613
29631
29634
29658
29672
29673
29674
29677
29678
29712
29717
29719
29729
29734
29736
29737
29850
29857
29866
29875
29876
29883
29899
29900
29906
29907
29937
29938
29945
29958
29969
29970
29971
29974
29975
29976
29979
30106
30108
30109
30110
30111
30112
30113
30114
30115
30116
30127
30131
30134
30140
30141
30142
30143
30145
30156
30157
30159
30160
30163
30165
30168
30169
30174
30182
30184
30191
30208
30209
30210
30211
30241
30306
30316
30318
30320
30344
30348
30352
30355
30387
30390
30391
30392
30393
30395
30396
30397
30398
30417
30419
30420
30436
30441
30443
30447
30451
30454
30456
30459
30467
30468
30469
30483
30484
30487
30507
30508
30509
30521
30522
30523
30526
30543
30544
30545
30548
30559
30560
30565
30568
30572
30577
30578
30579
30581
30582
30583
30584
30585
30587
30588
30593
30594
30595
30596
30597
30598
30599
30601
30602
30603
30605
30607
30608
30609
30610
30611
30612
30621
30625
30630
30631
30632
30638
30640
30641
30642
30644
30645
30646
30647
30650
30651
30655
30656
30657
30660
30691
30692
30693
30694
30730
30734
30759
30761
30762
30763
30783
30786
30787
30790
30792
30794
30795
30796
30861
30862
30864
30865
30867
30873
30951
30970
30975
30976
30977
30990
31019
31020
31021
31031
31042
31043
31048
31050
31051
31052
31053
31054
31056
31065
31066
31067
31073
31082
31089
31095
31096
31097
31098
31101
31102
31103
31104
31106
31148
31151
31173
31174
31175
31176
31177
31178
31190
31191
31192
31196
31210
31335
31336
31337
31341
31342
31343
31344
31350
31351
31352
31353
31354
31355
31357
31359
31364
31371
31372
31373
31374
31375
31520
31685
31727
31728
31820
31825
31826
31827
31828
31829
31830
31831
31833
31834
31835
31836
31838
31843
31846
31863
31947
31958
31960
31961
31962
31983
31986
31993
31994
31995
31996
31998
31999
32000
32001
32002
32003
32008
32013
32014
32015
32019
32030
32031
32032
32037
32039
32048
32049
32052
32053
32054
32132
32138
32147
32152
32153
32154
32155
32164
32166
32167
32168
32169
32170
32172
32194
32207
32224
32225
32226
32227
32234
32237
32240
32247
32248
32249
32252
32314
32316
32317
32318
32319
32369
32370
32371
32373
32382
32390
32409
32411
32412
32413
32414
32416
32419
32420
32426
32433
32434
32437
32438
32439
32441
32442
32444
32445
32446
32448
32449
32451
32452
32453
32456
32461
32468
32469
32470
32471
32482
32483
32519
32725
32731
32739
32842
32849
32850
32853
32854
32856
32857
32859
32862
32863
32864
32867
32873
32896
32899
32908
32916
32918
32921
32931
32975
32977
32978
32979
33065
33066
33068
33079
33087
33088
33091
33096
33097
33098
33100
33101
33105
33106
33107
33108
33110
33111
33112
33113
33118
33119
33124
33125
33171
33172
33173
33236
33243
33250
33251
33255
33257
33260
33263
33270
33271
33275
33276
33279
33284
33285
33286
33292
33344
33359
33445
33446
33448
33450
33478
33483
33486
33487
33488
33489
33490
33502
33517
33518
33519
33526
33527
33530
33531
33541
33544
33550
33551
33553
33554
33555
33556
33557
33561
33562
33565
33570
33590
33592
33596
33597
33600
33601
33606
33607
33613
33614
33617
33619
33622
33623
33626
33628
33629
33645
33648
33649
33651
33652
33653
33656
33658
33659
33660
33669
33678
33681
33687
33688
33720
33734
33737
33744
33745
33746
33747
33749
33775
33776
33777
33816
33817
33821
33822
33823
33824
33833
33865
33878
33885
33890
33891
33938
33939
33940
33941
33942
33947
33948
33951
33952
33956
33959
33960
33961
33964
33965
33966
33968
33971
33972
33975
33977
33978
33981
33984
33985
33990
33991
34005
34020
34198
34199
34202
34204
34214
34215
34216
34229
34231
34248
34249
34374
34375
34389
34418
34419
34420
34421
34422
34427
34442
34444
34445
34446
34448
34449
34450
34451
34458
34459
34460
34462
34463
34464
34467
34468
34469
34470
34472
34474
34638
34643
34644
34645
34646
34647
34648
34649
34650
34651
34652
34654
34655
34657
34658
34660
34661
34662
34664
34665
34667
34668
34669
34671
34672
34674
34676
34679
34682
34683
34684
34686
34689
34690
34695
34696
34699
34702
34703
34704
34705
34706
34708
34710
34712
34714
34727
34754
34769
34888
34893
34956
34957
34963
34964
34968
34969
34972
34973
34979
34983
34986
34988
34992
34994
34997
35000
35011
35016
35017
35018
35021
35063
35064
35066
35072
35073
35074
35079
35080
35081
35086
35097
35098
35106
35107
35120
35136
35137
35138
35139
35141
35142
35171
35172
35173
35176
35179
35184
35185
35186
35187
35202
35203
35205
35244
35251
35252
35253
35255
35257
35260
35262
35264
35266
35267
35268
35271
35272
35283
35284
35292
35293
35297
35305
35358
35359
35360
35362
35363
35366
35367
35371
35376
35377
35379
35380
35381
35384
35385
35387
35389
35390
35392
35393
35395
35396
35398
35411
35415
35416
35417
35419
35420
35421
35423
35426
35428
35429
35432
35434
35435
35436
35437
35440
35441
35445
35446
35447
35448
35450
35451
35454
35455
35458
35459
35461
35462
35465
35466
35467
35469
35470
35472
35475
35476
35478
35493
35494
35496
35499
35514
35518
35521
35525
35540
35541
35554
35556
35562
35566
35575
35578
35589
35590
35591
35593
35594
35597
35598
35599
35600
35607
35608
35622
35624
35641
35642
35649
35660
35664
35665
35666
35668
35670
35674
35675
35676
35677
35678
35679
35680
35681
35682
35683
35685
35688
35689
35690
35691
35709
35710
35713
35714
35738
35741
35747
35750
35757
35778
35785
35786
35832
35833
35834
35850
35851
35852
35857
35858
35859
35860
35862
35863
35864
35866
35869
35870
35878
35911
35913
35915
35916
35917
35918
35927
35928
35929
35932
35933
35934
35935
35936
35942
35943
35955
35957
35960
35961
35963
35964
35965
35966
35969
35978
36094
36106
36110
36115
36117
36118
36143
36144
36145
36146
36147
36148
36151
36152
36153
36154
36155
36156
36158
36159
36162
36165
36167
36168
36169
36176
36178
36180
36181
36184
36186
36188
36189
36192
36193
36197
36202
36203
36212
36215
36216
36219
36222
36226
36228
36229
36230
36231
36232
36233
36234
36235
36236
36237
36238
36239
36240
36241
36245
36248
36251
36333
36334
36335
36336
36337
36339
36341
36342
36343
36345
36346
36347
36348
36349
36350
36351
36352
36353
36354
36355
36356
36361
36380
36409
36413
36417
36428
36429
36432
36434
36435
36437
36456
36484
36510
36514
36517
36524
36525
36529
36530
36531
36533
36536
36537
36601
36602
36603
36604
36607
36608
36610
36639
36640
36641
36642
36646
36649
36650
36651
36658
36659
36660
36677
36689
36690
36691
36692
36694
36695
36696
36700
36701
36702
36711
36712
36713
36714
36715
36716
36717
36760
36858
36859
36860
36880
36881
36882
36883
36884
36885
36890
36892
36893
36896
36928
36935
36940
36941
36942
36943
36944
36950
36951
36967
36968
36969
36971
36972
36973
36974
37007
37009
37012
37016
37018
37034
37035
37049
37054
37055
37056
37064
37065
37068
37069
37070
37071
37072
37080
37085
37109
37110
37111
37120
37126
37133
37206
37207
37208
37209
37210
37211
37213
37214
37216
37217
37218
37219
37221
37225
37226
37409
37417
37426
37428
37429
37430
37432
37436
37442
37449
37470
37472
37474
37475
37480
37488
37500
37506
37508
37509
37510
37511
37517
37526
37553
37556
37558
37561
37563
37564
37565
37569
37570
37574
37575
37576
37583
37588
37589
37590
37591
37610
37615
37620
37621
37629
37630
37631
37633
37636
37645
37646
37647
37648
37650
37653
37666
37674
37679
37680
37681
37690
37691
37695
37706
37708
37719
37720
37722
37723
37726
37729
37734
37735
37737
37738
37752
37755
37756
37758
37759
37761
37763
37775
37779
37781
37788
37789
37806
37810
37811
37812
37814
37817
37820
37821
37823
37825
37826
37829
37833
37834
37835
37839
37840
37842
37844
37846
37854
37855
37856
37857
37858
37860
37861
37862
37865
37871
37873
37874
37876
37877
37879
37885
37890
37891
37893
37894
37895
37898
37905
37906
37909
37913
37915
37918
37927
37929
37933
37940
37941
37963
37968
37969
37988
37992
38037
38057
38061
38062
38063
38065
38098
38103
38104
38105
38135
38143
38151
38154
38160
38162
38165
38170
38174
38175
38177
38178
38182
38184
38192
38193
38199
38200
38216
38217
38231
38249
38250
38284
38307
38308
38311
38312
38313
38314
38315
38330
38343
38344
38345
38346
38350
38353
38369
38370
38371
38372
38373
38375
38376
38379
38382
38407
38408
38416
38423
38424
38425
38426
38427
38431
38437
38440
38441
38442
38445
38447
38453
38456
38460
38461
38462
38467
38468
38469
38476
38487
38488
38489
38491
38493
38494
38503
38510
38518
38529
38530
38531
38533
38534
38535
38536
38537
38538
38539
38540
38543
38544
38545
38546
38556
38557
38558
38559
38560
38562
38563
38564
38566
38573
38574
38576
38584
38591
38592
38593
38594
38602
38603
38604
38611
38614
38615
38620
38621
38622
38623
38624
38650
38651
38654
38668
38670
38671
38672
38673
38674
38693
38694
38695
38696
38705
38719
38758
38760
38761
38771
38776
38780
38786
38795
38800
38803
38842
38846
38868
38869
38870
38899
38900
38901
38902
38904
38909
38939
38940
38941
38950
38951
38952
38953
38955
38956
38957
38961
38968
38969
38970
38977
38981
38988
39002
39003
39004
39013
39015
39047
39062
39074
39085
39264
39274
39278
39281
39284
39287
39292
39300
39301
39302
39303
39335
39336
39337
39354
39356
39357
39358
39359
39380
39381
39382
39383
39384
39391
39392
39393
39394
39409
39410
39411
39412
39430
39431
39440
39441
39448
39453
39454
39455
39456
39462
39467
39468
39486
39487
39488
39489
39511
39512
39513
39521
39522
39530
39531
39532
39537
39538
39539
39541
39561
39563
39574
39575
39578
39579
39580
39628
39629
39630
39631
39634
39651
39666
39667
39668
39669
39670
39675
39681
39682
39684
39686
39707
39711
39715
39716
39717
39719
39726
39727
39733
39739
39741
39748
39754
39755
39756
39766
39767
39774
39775
39776
39778
39785
39788
39794
39795
39803
39804
39805
39808
39809
39812
39813
39814
39817
39820
39821
39838
39839
39841
39842
39845
39848
39849
39852
39854
39855
39856
39857
39858
39863
39864
39867
39875
39876
39877
39895
39896
39897
39912
39913
39914
39925
39930
39934
39937
39938
39939
39942
39943
39944
39945
39946
39950
39959
39964
39971
39974
39981
39982
39983
39984
39997
39998
39999
40000
40001
40003
40004
40005
40014
40017
40018
40020
40025
40028
40029
40030
40031
40034
40039
40040
40041
40043
40044
40045
40055
40057
40059
40061
40082
40087
40119
40164
40169
40205
40211
40212
40213
40217
40219
40231
40233
40234
40235
40236
40252
40253
40256
40263
40264
40278
40279
40280
40283
40284
40292
40302
40317
40323
40327
40332
40342
40346
40347
40359
40362
40366
40395
40397
40398
40400
40404
40405
40416
40456
40460
40485
40498
40499
40508
40518
40519
40526
40527
40528
40529
40530
40532
40535
40544
40545
40550
40552
40554
40556
40569
40570
40571
40580
40581
40586
40592
40593
40595
40614
40621
40622
40627
40629
40630
40632
40647
40650
40671
40683
40684
40685
40692
40693
40696
40699
40701
40702
40703
40710
40711
40713
40720
40721
40727
40728
40729
40738
40739
40758
40760
40761
40762
40763
40764
40806
40820
40834
40835
40836
40837
40839
40840
40841
40843
40844
40845
40847
40848
40850
40863
40864
40866
40891
40904
40912
40914
40915
40921
40925
40951
40952
40954
40965
40967
40971
40972
40973
40987
40988
40991
40998
41009
41011
41013
41015
41016
41021
41022
41023
41024
41030
41032
41033
41040
41041
41042
41045
41046
41048
41049
41050
41067
41068
41094
41111
41122
41123
41124
41128
41130
41138
41148
41152
41156
41159
41160
41161
41166
41170
41171
41182
41199
41200
41201
41204
41209
41228
41229
41230
41231
41233
41234
41235
41251
41254
41255
41256
41257
41259
41260
41261
41269
41270
41271
41272
41273
41274
41275
41277
41278
41279
41280
41282
41283
41291
41294
41295
41296
41297
41300
41307
41309
41318
41319
41323
41331
41333
41334
41337
41338
41339
41348
41353
41362
41366
41369
41370
41377
41378
41381
41382
41397
41404
41405
41412
41413
41414
41415
41427
41428
41429
41438
41445
41446
41449
41450
41465
41467
41469
41471
41474
41475
41486
41487
41490
41491
41492
41495
41498
41501
41506
41507
41508
41509
41510
41511
41512
41523
41525
41526
41527
41528
41529
41532
41543
41558
41559
41560
41561
41570
41581
41584
41585
41590
41598
41599
41600
41605
41607
41615
41639
41669
41671
41714
41730
41733
41734
41735
41736
41737
41738
41739
41740
41742
41743
41745
41746
41751
41799
41801
41804
41807
41808
41811
41815
41818
41820
41821
41822
41824
41825
41827
41828
41832
41840
41843
41864
41872
41873
41874
41875
41876
41880
41886
41896
41897
41898
41900
41902
41914
41915
41918
41920
41922
41925
41927
41940
41943
41944
41945
41946
41947
41948
41949
41950
41951
41952
41953
41954
41955
41956
41972
41979
41987
41988
41989
41990
41993
41994
41997
41998
42003
42014
42056
42057
42090
42094
42096
42098
42108
42110
42112
42144
42145
42148
42150
42152
42156
43435
43684
43692
43701
43702
43704
43706
43707
43708
43709
43710
43713
43716
43718
43722
43737
43739
43740
43749
43751
43753
43757
43780
43799
43829
43832
43833
43842
43860
43862
43863
43864
43867
43868
43870
43871
43873
43874
43877
43878
43880
43883
43888
43894
43898
43899
43903
43905
43908
43909
43936
43937
43938
43951
43952
43953
43967
43968
43971
43984
43998
43999
44000
44011
44012
44016
44021
44047
44052
44058
44061
44069
44070
44071
44076
44104
44110
44114
44115
44118
44131
44132
44133
44134
44135
44136
44218
44219
44220
44222
44223
44231
44243
44244
44245
44246
44262
44263
44264
44268
44271
44272
44273
44274
44283
44284
44290
44291
44292
44293
44294
44295
44311
44312
44313
44315
44316
44317
44321
44322
44343
44344
44345
44346
44347
44351
44355
44356
44357
44362
44363
44366
44367
44369
44370
44371
44376
44377
44378
44381
44382
44385
44390
44391
44393
44394
44395
44403
44406
44408
44409
44410
44414
44415
44416
44417
44418
44419
44429
44430
44432
44433
44434
44436
44438
44440
44444
44450
44451
44452
44453
44475
44476
44492
44496
44520
44521
44522
44527
44531
44532
44533
44584
44585
44595
44611
44643
44654
44657
44659
44663
44668
44670
44671
44678
44679
44686
44691
44705
44712
44715
44717
44723
44724
44735
44736
44737
44751
44752
44753
44759
44760
44764
44769
44772
44773
44784
44785
44786
44804
44807
44812
44827
44830
44842
44843
44848
44849
44850
44857
44859
44860
44861
44864
44870
44871
44872
44879
44880
44881
44882
44883
44884
44886
44887
44888
44893
44894
44895
44898
44901
44902
44906
44907
44910
44911
44913
44915
44918
44920
44921
44943
44944
44947
44954
44955
44957
44962
44963
44974
44978
44979
44983
44984
44985
44986
44991
44992
44993
44996
44997
44998
44999
45000
45007
45016
45017
45018
45020
45025
45026
45029
45033
45034
45037
45038
45039
45040
45043
45044
45045
45046
45054
45055
45056
45057
45077
45082
45084
45085
45086
45088
45092
45094
45095
45097
45113
45131
45132
45133
45134
45137
45158
45159
45162
45163
45164
45165
45188
45189
45190
45221
45226
45229
45247
45251
45252
45253
45254
45255
45256
45257
45265
45268
45269
45272
45273
45274
45275
45276
45278
45279
45280
45281
45285
45286
45288
45289
45292
45293
45308
45309
45310
45319
45324
45325
45326
45327
45328
45332
45333
45346
45347
45361
45362
45363
45364
45365
45368
45369
45370
45377
45378
45379
45395
45398
45402
45416
45421
45424
45429
45430
45437
45440
45443
45446
45451
45452
45454
45462
45463
45464
45477
45478
45480
45503
45504
45505
45506
45507
45510
45512
45515
45523
45526
45527
45529
45535
45540
45541
45542
45551
45552
45553
45554
45556
45558
45571
45573
45575
45579
45582
45583
45588
45589
45607
45613
45614
45621
45622
45623
45625
45626
45633
45636
45638
45640
45641
45643
45645
45646
45655
45656
45665
45666
45667
45679
45684
45685
45686
45689
45690
45691
45693
45696
45697
45698
45699
45701
45707
45715
45716
45717
45729
45730
45732
45740
45743
45745
45746
45747
45748
45749
45750
45752
45753
45755
45758
45764
45765
45766
45767
45769
45778
45779
45781
45782
45783
45785
45786
45794
45802
45806
45810
45812
45813
45837
45838
45839
45840
45857
45858
45860
45861
45863
45869
45874
45875
45876
45877
45882
45886
45887
45888
45890
45896
45899
45902
45905
45906
45907
45909
45910
45919
45920
45921
45923
45929
45941
45947
45950
45951
45960
45962
45967
45970
45972
45975
45977
45983
46003
46009
46021
46047
46048
46061
46072
46073
46074
46082
46083
46084
46102
46103
46104
46115
46118
46123
46139
46140
46141
46150
46151
46152
46170
46182
46183
46184
46206
46207
46208
46209
46220
46225
46231
46233
46236
46243
46246
46249
46252
46261
46262
46263
46264
46267
46272
46273
46276
46283
46284
46285
46286
46297
46298
46299
46301
46302
46304
46305
46307
46308
46317
46318
46322
46323
46324
46325
46326
46327
46337
46338
46345
46349
46351
46352
46359
46363
46370
46371
46372
46378
46383
46390
46397
46398
46414
46415
46416
46429
46430
46431
46435
46436
46466
46467
46474
46496
46504
46505
46506
46507
46511
46521
46522
46523
46526
46529
46530
46531
46532
46533
46534
46536
46537
46540
46543
46546
46547
46557
46558
46569
46572
46573
46586
46589
46591
46592
46593
46594
46595
46596
46601
46602
46617
46624
46625
46634
46636
46637
46646
46647
46648
46649
46651
46652
46666
46675
46683
46684
46687
46688
46689
46690
46694
46695
46706
46712
46714
46715
46716
46721
46723
46724
46725
46727
46729
46739
46740
46741
46742
46744
46749
46751
46759
46761
46765
46766
46767
46770
46771
46772
46773
46774
46776
46777
46778
46784
46787
46788
46790
46795
46803
46804
46816
46818
46819
46820
46821
46822
46828
46831
46838
46846
46847
46850
46851
46853
46856
46857
46862
46863
46865
46866
46868
46870
46871
46882
46883
46886
46888
46898
46899
46900
46901
46911
46924
46925
46926
46927
46931
46936
46954
46955
46956
46961
46962
46963
46965
46976
46995
46996
47002
47003
47007
47011
47012
47013
47014
47015
47016
47018
47019
47020
47021
47022
47023
47024
47026
47036
47038
47039
47050
47055
47057
47062
47063
47064
47065
47066
47067
47068
47070
47071
47078
47079
47080
47084
47086
47087
47088
47093
47099
47133
47134
47135
47136
47146
47147
47149
47157
47171
47172
47173
47174
47180
47198
47208
47216
47217
47219
47220
47224
47225
47227
47228
47231
47232
47234
47235
47246
47247
47248
47255
47261
47270
47273
47290
47291
47292
47320
47321
47328
47334
47337
47347
47352
47353
47362
47363
47364
47373
47376
47377
47379
47384
47390
47391
47392
47393
47398
47399
47400
47401
47405
47406
47409
47410
47411
47412
47413
47416
47417
47418
47419
47427
47430
47432
47433
47441
47449
47450
47452
47453
47454
47455
47456
47459
47461
47463
47465
47466
47471
47472
47473
47477
47479
47480
47486
47487
47488
47513
47514
47526
47532
47533
47534
47535
47537
47545
47546
47547
47550
47551
47552
47553
47554
47561
47573
47574
47575
47578
47581
47582
47587
47590
47614
47615
47618
47619
47620
47625
47626
47633
47634
47635
47636
47638
47640
47642
47643
47644
47645
47648
47649
47661
47662
47663
47664
47666
47669
47672
47675
47676
47677
47680
47683
47691
47692
47694
47697
47699
47703
47726
47729
47736
47737
47741
47744
47745
47756
47757
47758
47766
47768
47778
47779
47780
47792
47793
47794
47801
47802
47803
47805
47806
47815
47819
47843
47846
47847
47850
47855
47864
47870
47873
47874
47875
47876
47879
47908
47909
47912
47913
47915
47918
47919
47921
47924
47925
47926
47929
47930
47931
47934
47935
47936
47939
47940
47941
47942
47945
47946
47947
47951
47955
47956
47959
47962
47967
47968
47970
47971
47973
47975
47977
47985
47991
47992
47993
47995
47997
48013
48017
48018
48033
48035
48036
48049
48050
48058
48059
48060
48062
48075
48084
48085
48086
48087
48088
48092
48095
48142
48143
48144
48145
48146
48147
48149
48156
48157
48166
48167
48168
48184
48185
48186
48189
48190
48193
48204
48205
48206
48208
48216
48217
48218
48220
48226
48227
48228
48229
48231
48234
48235
48242
48257
48258
48262
48263
48264
48266
48277
48278
48279
48280
48282
48283
48288
48291
48294
48295
48302
48304
48305
48306
48308
48309
48312
48313
48316
48322
48323
48324
48325
48328
48329
48330
48331
48333
48335
48339
48345
48348
48349
48351
48352
48367
48368
48369
48388
48389
48391
48402
48403
48406
48410
48416
48419
48420
48428
48433
48434
48436
48437
48439
48440
48441
48443
48449
48450
48453
48455
48460
48461
48462
48463
48467
48471
48472
48473
48481
48485
48486
48487
48489
48511
48512
48513
48514
48542
48543
48544
48547
48549
48551
48552
48553
48555
48567
48576
48585
48586
48587
48588
48590
48591
48599
48600
48603
48609
48617
48620
48623
48630
48634
48636
48638
48639
48640
48645
48646
48648
48649
48653
48656
48657
48661
48662
48665
48668
48669
48670
48672
48673
48675
48676
48677
48680
48681
48682
48683
48687
48704
48706
48707
48712
48713
48719
48720
48727
48728
48730
48733
48740
48751
48754
48762
48763
48764
48768
48770
48771
48776
48779
48781
48786
48794
48795
48796
48812
48833
48835
48837
48838
48840
48841
48853
48854
48855
48856
48861
48873
48874
48877
48880
48884
48885
48886
48892
48901
48913
48915
48916
48925
48926
48927
48939
48940
48942
48944
48945
48946
48948
48949
48950
48951
48954
48959
48960
48961
48964
48965
48966
48967
48968
48969
48971
48972
48973
48974
48976
48978
48980
48983
48987
48988
48993
48994
48995
48998
49009
49010
49012
49013
49014
49019
49020
49021
49023
49026
49029
49031
49034
49043
49044
49045
49046
49047
49049
49050
49051
49052
49056
49063
49069
49074
49075
49076
49084
49085
49086
49087
49094
49095
49099
49100
49101
49102
49114
49115
49116
49117
49118
49120
49122
49123
49125
49126
49127
49128
49137
49139
49141
49142
49144
49150
49154
49155
49156
49157
49159
49160
49166
49168
49170
49177
49178
49179
49191
49194
49200
49201
49203
49204
49205
49220
49224
49226
49227
49228
49236
49237
49238
49241
49243
49255
49256
49257
49258
49262
49263
49264
49270
49272
49273
49274
49277
49299
49322
49323
49326
49327
49328
49329
49330
49331
49333
49340
49341
49347
49359
49360
49378
49379
49380
49381
49384
49385
49389
49392
49393
49396
49413
49414
49428
49430
49431
49434
49435
49436
49437
49440
49441
49444
49445
49447
49453
49454
49457
49458
49460
49462
49463
49464
49475
49476
49477
49479
49482
49486
49487
49488
49498
49508
49516
49519
49522
49547
49548
49549
49561
49562
49563
49565
49568
49600
49617
49618
49624
49625
49626
49631
49633
49634
49647
49648
49649
49650
49652
49653
49654
49655
49659
49660
49661
49662
49663
49664
49666
49667
49668
49670
49671
49672
49673
49674
49683
49691
49693
49694
49707
49718
49719
49720
49737
49738
49774
49777
49780
49781
49789
49790
49791
49794
49802
49803
49804
49805
49806
49807
49810
49812
49814
49816
49823
49837
49838
49839
49847
49848
49849
49852
49864
49868
49869
49870
49881
49882
49883
49884
49885
49896
49902
49903
49905
49910
49911
49919
49921
49922
49923
49934
49935
49936
49940
49943
49947
49948
49951
49952
49953
49955
49956
49960
49962
49966
49967
49968
49977
49978
49979
49983
49984
49985
49986
49988
49989
49990
49992
49993
49994
49996
50005
50008
50009
50012
50016
50030
50031
50034
50035
50038
50039
50041
50042
50043
50052
50059
50061
50063
50065
50066
50067
50068
50069
50077
50080
50082
50083
50086
50087
50089
50090
50092
50094
50095
50097
50099
50100
50101
50102
50104
50105
50107
50108
50111
50113
50117
50121
50123
50124
50126
50127
50128
50130
50159
50160
50167
50168
50169
50170
50172
50174
50182
50183
50184
50188
50192
50195
50196
50197
50202
50205
50208
50210
50211
50216
50219
50220
50222
50223
50225
50226
50227
50236
50237
50238
50245
50252
50263
50274
50281
50282
50298
50299
50300
50304
50306
50310
50312
50316
50323
50337
50338
50339
50344
50345
50346
50347
50354
50363
50364
50365
50366
50375
50387
50389
50392
50393
50394
50395
50406
50408
50409
50410
50411
50413
50414
50415
50423
50425
50429
50430
50433
50437
50464
50467
50468
50478
50479
50480
50484
50497
50498
50499
50503
50505
50507
50508
50509
50510
50519
50520
50521
50548
50550
50574
50577
50595
50629
50630
50734
50812
50827
50828
50845
50893
50899
50902
50904
50927
50931
50936
50941
50943
50944
50945
50948
50950
50952
50953
50956
50957
50958
50961
50963
50964
50965
50966
50967
50968
50969
50978
50979
50980
50986
50988
50996
50997
50998
51003
51004
51005
51006
51007
51008
51009
51010
51011
51012
51013
51014
51022
51024
51025
51033
51036
51038
51043
51046
51048
51049
51061
51066
51067
51068
51070
51072
51082
51084
51085
51086
51088
51094
51095
51096
51098
51099
51102
51113
51114
51115
51123
51125
51126
51127
51129
51131
51133
51141
51157
51159
51164
51167
51170
51171
51172
51188
51192
51195
51210
51212
51213
51214
51215
51216
51225
51235
51236
51237
51240
51241
51242
51248
51253
51259
51260
51261
51267
51268
51273
51274
51275
51279
51284
51291
51306
51309
51310
51313
51315
51317
51318
51319
51320
51321
51327
51329
51330
51331
51332
51336
51337
51340
51342
51343
51344
51345
51346
51349
51352
51366
51368
51369
51376
51379
51382
51385
51393
51394
51411
51421
51432
51434
51436
51442
51450
51452
51454
51456
51464
51466
51468
51470
51471
51472
51473
51475
51477
51479
51480
51481
51483
51484
51487
51515
51538
51591
51592
51593
51614
51616
51638
51639
51640
51641
51642
51644
51645
51646
51652
51653
51656
51661
51662
51663
51664
51666
51668
51678
51697
51699
51713
51714
51715
51737
51738
51739
51749
51755
51756
51766
51770
51771
51772
51774
51775
51783
51792
51796
51802
51803
51804
51808
51809
51834
51836
51837
51838
51839
51840
51844
51851
51854
51861
51863
51864
51866
51867
51868
51876
51887
51895
51896
51899
51900
51903
51904
51905
51906
51932
51933
51934
51935
51936
51942
51945
51946
51949
51953
51954
51958
51963
51966
51967
51971
51973
51974
51977
51978
51982
51994
52003
52004
52005
52007
52018
52020
52022
52023
52024
52025
52026
52028
52030
52031
52034
52049
52063
52064
52068
52069
52072
52075
52076
52080
52086
52087
52088
52089
52094
52095
52096
52099
52105
52107
52119
52120
52122
52129
52130
52142
52147
52152
52153
52159
52162
52163
52164
52165
52170
52171
52175
52178
52187
52196
52197
52202
52204
52207
52208
52209
52210
52211
52214
52233
52236
52244
52246
52250
52251
52255
52256
52261
52262
52279
52280
52281
52282
52312
52313
52314
52315
52327
52328
52329
52343
52362
52363
52385
52386
52396
52397
52398
52404
52405
52406
52411
52416
52420
52422
52423
52424
52425
52426
52433
52434
52435
52436
52437
52443
52459
52460
52463
52465
52466
52472
52475
52477
52478
52479
52483
52484
52495
52496
52497
52498
52505
52509
52517
52521
52522
52523
52524
52531
52542
52543
52553
52554
52555
52556
52569
52570
52572
52573
52575
52576
52577
52586
52590
52591
52602
52607
52608
52609
52615
52617
52618
52625
52630
52635
52657
52666
52667
52668
52669
52674
52679
52682
52684
52685
52696
52697
52698
52699
52704
52705
52706
52707
52709
52711
52720
52722
52735
52745
52746
52747
52748
52757
52758
52761
52763
52771
52778
52779
52780
52782
52783
52784
52785
52786
52787
52789
52806
52817
52818
52819
52822
52823
52824
52825
52826
52829
52833
52852
52855
52856
52857
52858
52859
52860
52871
52874
52879
52883
52886
52887
52888
52889
52896
52897
52898
52899
52902
52903
52906
52907
52908
52909
52910
52913
52915
52916
52918
52920
52924
52925
52938
52939
52940
52942
52943
52957
52958
52959
52960
52966
52967
52968
52972
52975
52977
52981
52989
52991
52992
53001
53002
53003
53004
53005
53008
53021
53022
53023
53026
53027
53029
53030
53035
53044
53045
53046
53048
53050
53055
53056
53057
53058
53063
53064
53070
53077
53089
53097
53098
53099
53100
53101
53108
53120
53121
53122
53123
53124
53126
53127
53128
53135
53136
53152
53153
53169
53170
53171
53173
53175
53180
53181
53182
53183
53184
53189
53191
53217
53218
53219
53222
53223
53229
53238
53239
53244
53245
53248
53250
53251
53269
53273
53282
53283
53284
53309
53310
53311
53315
53317
53328
53333
53335
53343
53346
53348
53349
53350
53359
53370
53371
53374
53375
53376
53388
53394
53398
53405
53420
53421
53422
53423
53425
53426
53439
53447
53448
53449
53460
53461
53462
53463
53475
53478
53479
53480
53481
53493
53497
53498
53517
53518
53519
53520
53553
53554
53555
53557
53569
53571
53575
53576
53577
53578
53583
53584
53585
53589
53602
53607
53610
53613
53615
53627
53633
53634
53640
53662
53663
53664
53665
53666
53670
53682
53683
53684
53685
53690
53696
53697
53698
53700
53703
53705
53706
53707
53710
53711
53714
53727
53731
53732
53733
53736
53739
53743
53744
53751
53752
53753
53756
53757
53760
53761
53762
53764
53766
53767
53769
53771
53772
53775
53776
53778
53841
53861
53871
53875
53879
53882
53885
53886
53889
53903
53906
53908
53910
53911
53912
53919
53920
53950
53951
53952
53953
53954
53955
53964
53965
53966
53970
53972
53982
53983
53984
53986
54015
54016
54017
54018
54028
54031
54036
54042
54043
54048
54049
54050
54054
54057
54058
54077
54078
54079
54095
54101
54102
54103
54110
54113
54117
54119
54126
54130
54131
54134
54135
54140
54141
54142
54148
54149
54153
54157
54158
54167
54168
54177
54178
54179
54180
54181
54182
54183
54186
54187
54190
54191
54192
54193
54194
54195
54198
54200
54202
54205
54206
54207
54208
54212
54225
54226
54227
54232
54236
54238
54240
54242
54258
54263
54264
54268
54269
54270
54271
54277
54278
54285
54291
54292
54298
54303
54304
54307
54310
54312
54313
54315
54319
54320
54321
54330
54331
54332
54333
54334
54345
54348
54352
54360
54366
54369
54370
54375
54376
54377
54380
54387
54389
54391
54393
54395
54397
54398
54405
54407
54411
54414
54420
54423
54424
54426
54438
54439
54440
54453
54463
54467
54480
54507
54509
54510
54512
54513
54515
54517
54534
54536
54539
54542
54545
54547
54548
54549
54551
54552
54555
54556
54564
54573
54575
54581
54582
54588
54601
54602
54603
54612
54618
54619
54620
54621
54626
54632
54635
54646
54647
54648
54657
54658
54659
54660
54661
54663
54664
54665
54666
54668
54669
54670
54673
54679
54680
54682
54683
54684
54687
54700
54701
54702
54704
54712
54748
54751
54764
54766
54769
54772
54780
54858
54878
54879
54882
54885
54890
54897
54898
54899
54900
54901
54902
54903
54904
54905
54906
54907
54908
54909
54910
54991
54992
55000
55003
55006
55010
55014
55015
55016
55019
55071
55073
55087
55097
55100
55102
55110
55114
55118
55119
55125
55126
55146
55147
55148
55149
55153
55157
55173
55174
55176
55179
55181
55186
55189
55194
55200
55201
55204
55207
55211
55214
55216
55223
55232
55233
55236
55242
55246
55247
55248
55251
55289
55520
55533
55535
55773
55774
55776
55779
55783
55826
55828
55829
55934
55937
55968
56009
56039
56041
56043
56046
56048
56049
56050
56052
56057
56144
56165
56168
56175
56222
56237
56315
56316
56318
56319
56328
56356
56373
56521
56527
56531
56534
56784
56804
56953
56984
56990
56992
56996
57001
57009
57010
57011
57015
57017
57035
57037
57038
57058
57059
57067
57093
57097
57189
57191
57200
57201
57205
57209
57210
57221
57222
57248
57249
57263
57264
57320
57321
57343
57344
57369
57370
57377
57378
57578
57585
57586
57649
57650
57671
57679
57680
57682
57684
57689
57690
57691
57695
57697
57701
57703
57712
57713
57714
57715
57716
57720
57725
57730
57749
57765
57766
57767
57773
57785
57809
57821
57829
57830
57831
57843
57861
57862
57863
57866
57870
57873
57874
57875
57877
57879
57880
57882
57883
57884
57885
57891
57892
57893
57894
57895
57896
57897
57898
57899
57900
57901
57902
57904
57905
57908
57909
57910
57912
57927
57928
57929
57946
57947
57951
57965
57969
57970
57971
57986
57991
57992
57994
57995
57996
58006
58007
58008
58011
58026
58027
58055
58077
58080
58082
58084
58111
58154
58159
58171
58175
58176
58202
58210
58221
58222
58223
58224
58225
58295
58296
58301
58357
58360
58362
58370
58406
58410
58420
58428
58429
58430
58431
58432
58433
58435
58446
58448
58450
58452
58470
58476
58481
58520
58583
58671
58672
58725
58726
58732
58733
58751
58752
58759
58760
58767
58768
58775
58776
58783
58784
58791
58792
58799
58800
58807
58808
58871
58967
58975
58976
58995
58998
59015
59059
59061
59068
59078
59122
59130
59138
59152
59162
59165
59171
59180
59181
59182
59191
59196
59200
59214
59215
59216
59218
59224
59225
59226
59230
59233
59234
59235
59242
59248
59249
59250
59256
59263
59264
59296
59352
59515
59531
59540
59541
59542
59549
59551
59552
59553
59554
59556
59568
59571
59579
59588
59589
59590
59593
59594
59595
59596
59599
59604
59605
59606
59607
59612
59631
59632
59633
59829
61995
61996
61999
62000
62005
62007
62017
62050
62096
62108
62111
62117
62126
62127
62131
62178
62184
62190
62195
62198
62216
62226
62230
62233
62237
62240
62255
62274
62278
62284
62285
62293
62297
62327
62331
62334
62338
62368
62414
62422
62423
62429
62431
62454
62469
62471
62479
62487
62533
62542
62543
62544
62551
62554
62555
62556
62558
62590
62591
62604
62605
62607
62609
62613
62650
62653
62660
62663
62688
62691
62722
62729
63010
63011
63012
63014
63018
63021
63023
63027
63029
63032
63034
63037
63038
63049
63056
63058
63061
63066
63080
63087
63088
63091
63095
63102
63118
63121
63124
63125
63137
63146
63156
63159
63170
63192
63200
63204
63206
63222
63227
63230
63246
63250
63256
63260
63262
63265
63306
63310
63330
63342
63347
63386
63397
63399
63402
63410
63411
63412
63447
63455
63457
63459
63467
63469
63474
63480
63502
63510
63518
63522
63531
63532
63536
63538
63540
63542
63543
63547
63550
63560
63581
63591
63592
63594
63602
63615
63619
63620
63623
63629
63634
63635
63645
63648
63650
63651
63653
63659
63662
63664
63666
63673
63676
63678
63715
63744
63747
63762
63766
63776
63783
63797
63801
63826
63845
63846
63855
63857
63875
63881
63885
63897
63903
63907
63909
63921
63930
63960
63968
63971
63978
64012
64015
64024
64052
64056
64064
64067
64075
64080
64081
64104
64106
64110
64112
64117
64123
64136
64152
64155
64157
64159
64173
64190
64192
64203
64204
64214
64220
64221
64223
64224
64231
64233
64235
64242
64248
64252
64256
64267
64278
64283
64288
64290
64292
64298
64299
64308
64323
64326
64332
64339
64343
64346
64349
64355
64357
64360
64387
64407
64408
64412
64414
64424
64426
64428
64436
64498
64503
64506
64513
64519
64522
64528
64537
64550
64556
64568
64580
64586
64590
64593
64594
64597
64600
64610
64620
64628
64631
64637
64646
64647
64664
64665
64666
64667
64670
64672
64674
64697
64699
64706
64708
64709
64711
64714
64718
64734
64736
64739
64740
64742
64750
64752
64754
64756
64758
64773
64775
64799
64800
64802
64806
64810
64820
64822
64824
64826
64827
64830
64834
64841
64845
64847
64854
64859
64918
64936
64945
64946
64948
64951
64956
64974
64975
64977
65017
65020
65044
65056
65118
65138
65140
65156
65160
65161
65162
65171
65174
65178
65179
65180
65187
65188
65189
65222
65224
65228
65230
65250
65253
65528
65529
65530
65535
65537
65539
65542
65551
65553
65554
65557
65562
65564
65568
65575
65577
65596
65738
65744
65746
65761
65762
65773
65781
65784
65794
65808
65876
65906
65907
65917
65920
65936
65955
65962
65965
65972
65973
65975
65987
66000
66002
66040
66047
66050
66058
66059
66111
66114
66122
66142
66145
66146
66156
66157
66159
66160
66163
66165
66193
66195
66196
66199
66201
66202
66203
66205
66209
66210
66232
66244
66246
66250
66257
66262
66264
66271
66288
66289
66291
66293
66295
66296
66298
66301
66302
66304
66305
66306
66308
66316
66341
66343
66350
66353
66380
66381
66383
66385
66387
66389
66391
66393
66394
66395
66398
66399
66402
66404
66405
66424
66426
66428
66446
66449
66450
66451
66453
66497
66499
66544
66547
66553
66557
66609
66626
66628
66634
66636
66638
66656
66657
66658
66659
66661
66662
66665
66667
66668
66671
66678
66680
66682
66683
66684
66685
66687
66688
66697
66706
66707
66708
66715
66717
66719
66720
66725
66728
66732
66733
66748
66750
66753
66754
66755
66757
66758
66763
66775
66776
66778
66788
66793
66798
66799
66800
66801
66804
66805
66806
66807
66809
66810
66811
66812
66813
66814
66816
66818
66821
66822
66823
66825
66826
66828
66829
66830
66831
66832
66833
66834
66836
66837
66842
66843
66844
66845
66848
66850
66851
66852
66853
66854
66855
66883
66909
66918
66920
66921
66924
66951
66959
66960
66961
66966
66970
66974
66975
66976
66977
66980
66981
66982
66983
66986
66987
66990
66993
66997
66998
66999
67000
67004
67050
67120
67121
67122
67123
67145
67215
67216
67217
67219
67244
67245
67248
67249
67253
67272
67273
67275
67276
67278
67279
67280
67288
67291
67319
67332
67333
67334
67336
67345
67349
67383
67394
67395
67396
67397
67400
67407
67412
67415
67416
67417
67419
67421
67422
67430
67431
67433
67435
67436
67439
67527
67528
67529
67531
67533
67535
67536
67537
67538
67540
67541
67543
67547
67552
67554
67564
67569
67585
67590
67591
67592
67594
67638
67640
67641
67688
67690
67691
67693
67696
67756
67853
67860
67862
67866
67881
67883
67884
67885
67887
67888
67891
67893
67894
67895
67898
67908
67911
67935
67942
67943
67944
67946
67948
67977
67985
67993
68000
68001
68002
68003
68007
68016
68018
68019
68020
68029
68031
68032
68033
68035
68037
68038
68039
68041
68054
68058
68062
68064
68066
68068
68070
68089
68093
68096
68098
68100
68101
68102
68103
68105
68108
68113
68118
68122
68124
68127
68128
68129
68313
68314
68316
68320
68321
68325
68327
68330
68331
68394
68398
68400
68401
68402
68408
68411
68413
68414
68423
68467
68476
68477
68483
68486
68509
68510
68513
68514
68515
68558
68565
68566
68568
68569
68577
68578
68583
68585
68586
68619
68620
68626
68627
68628
68629
68630
68631
68632
68633
68634
68635
68636
68637
68638
68661
68662
68669
68675
68680
68682
68684
68688
68690
68692
68694
68700
68702
68712
68713
68714
68715
68740
68752
68774
68779
68782
68787
68810
68848
68877
68989
69022
69122
69128
69131
69137
69147
69163
69167
69214
69216
69248
69249
69272
69273
69327
69366
69367
69368
69369
69373
69378
69493
69517
69518
69519
69521
69522
69562
69568
69570
69582
69589
69616
69620
69627
69628
69630
69631
69662
69678
69680
69681
69682
69683
69685
69686
69688
69689
69691
69692
69718
69719
69720
69722
69723
69725
69727
69728
69730
69731
69768
69772
69785
69810
69812
69820
69833
69836
69838
69839
69841
69843
69849
69882
69883
69885
69886
69926
69927
69929
69930
69933
69961
69966
69969
69997
69998
70025
70026
70130
70137
70138
70139
70140
70141
70144
70146
70147
70151
70188
70189
70190
70198
70199
70200
70201
70202
70205
70207
70214
70215
70221
70224
70227
70228
70230
70231
70232
70233
70235
70238
70239
70242
70257
70259
70275
70276
70277
70317
70341
70342
70343
70344
70345
70348
70350
70351
70371
70372
70377
70440
70472
70519
70520
70524
70526
70577
70622
70625
70630
70645
70659
70663
70665
70666
70667
70670
70672
70674
70675
70679
70681
70688
70696
70713
70715
70718
70722
70757
70760
70763
70765
70768
70770
70775
70782
70785
70786
70787
70802
70803
70806
70808
70809
70811
70833
70838
70839
70842
70850
70858
70859
70863
70866
70868
70872
70884
70895
70897
70898
70902
70904
70907
70919
70920
70924
70926
70939
70946
70952
70953
70956
70958
70961
70971
70974
70975
70977
70979
70980
70991
71003
71005
71009
71011
71023
71047
71057
71063
71066
71069
71080
71084
71103
71109
71111
71118
71119
71127
71129
71133
71134
71140
71147
71150
71152
71182
71185
71188
71228
71248
71250
71252
71310
71316
71317
71319
71323
71340
71342
71344
71347
71354
71357
71401
71427
71445
71465
71591
71631
71633
71652
71666
71769
71862
71864
71865
71873
71876
71878
71881
71925
71927
71931
71932
71999
72001
72004
72006
72020
72050
72250
72329
72334
72352
72411
72413
72415
72418
72421
72428
72432
72450
72454
72457
72459
72461
72463
72468
72477
72485
72487
72489
72551
72560
72565
72567
72569
72572
72578
72582
72597
72605
72608
72610
72612
72616
72660
72663
72667
72673
72695
72699
72706
72708
72712
72713
72714
72716
72719
72726
72728
72740
72746
72752
72760
72762
72764
72768
72770
72791
72794
72809
72818
72824
72859
72983
72986
72989
72992
72995
73002
73004
73008
73010
73014
73016
73020
73022
73023
73028
73030
73033
73034
73038
73043
73057
73067
73185
73195
73197
73199
73202
73205
73206
73210
73213
73215
73219
73221
73224
73226
73229
73231
73235
73313
73315
73325
73348
73355
73378
73379
73382
73390
73395
73397
73401
73426
73433
73434
73435
73436
73458
73460
73462
73465
73468
73471
73547
73549
73551
73556
73560
73563
73564
73569
73578
73594
73596
73653
73655
73656
73662
73664
73667
73668
73694
73698
73742
73762
73766
73798
73810
73861
73882
73893
73895
73897
73900
73906
73915
73918
73957
73960
73961
73962
73963
73964
73969
73970
73971
73972
73974
73976
73977
73979
73981
73982
74002
74019
74021
74025
74026
74027
74035
74037
74040
74044
74047
74061
74062
74065
74066
74067
74068
74071
74096
74108
74110
74112
74113
74117
74134
74138
74157
74161
74165
74166
74168
74171
74184
74186
74190
74192
74194
74195
74200
74204
74216
74246
74262
74265
74271
74273
74275
74276
74280
74343
74348
74371
74378
74382
74386
74390
74393
74395
74398
74401
74403
74405
74408
74416
74454
74455
74456
74462
74463
74473
74475
74496
74579
74580
74587
74589
74594
74595
74602
74606
74616
74618
74632
74635
74637
74639
74640
74646
74660
74674
74689
74691
74738
74751
74753
74755
74785
74786
74787
74788
74789
74794
74796
74798
74801
74804
74807
74814
74836
74839
74840
74917
74925
74931
74933
74935
74940
74941
74944
74946
74948
74985
74986
74992
74993
75087
75090
75092
75098
75100
75101
75102
75106
75111
75114
75116
75120
75171
75174
75234
75241
75245
75251
75253
75256
75260
75262
75266
75267
75281
75290
75307
75315
75330
75347
75349
75352
75420
75431
75433
75435
75439
75442
75444
75446
75463
75464
75513
75514
75519
75520
75535
75536
75543
75544
75551
75552
75559
75560
75567
75568
75575
75576
75583
75584
75591
75592
75669
75670
75693
75694
75717
75718
75739
75740
75888
75901
75903
75906
75909
75915
75923
75933
75943
75952
75954
75958
75973
75977
75981
75983
76000
76007
76009
76013
76015
76020
76024
76067
76068
76093
76096
76110
76114
76116
76119
76123
76125
76197
76201
76205
76207
76240
76241
76244
76247
76511
76513
76514
76517
76519
76520
76551
76552
76567
76570
76571
76573
76577
76578
76582
76584
76587
76589
76592
76594
76596
76597
76598
76601
76602
76612
76613
76614
76615
76616
76617
76676
76677
76684
76685
76724
76728
76738
76739
76741
76742
76745
76746
76747
76748
76749
76752
76753
76754
76755
76756
76757
76758
76759
76760
76761
76777
76782
76784
76786
76787
76921
76922
76923
76946
76949
76951
76953
76955
76956
76959
76961
76963
76967
76972
76973
76976
76977
77001
77003
77004
77007
77009
77011
77012
77013
77022
77048
77052
77057
77071
77073
77075
77083
77087
77088
77095
77097
77122
77124
77126
77133
77173
77176
77188
77189
77190
77195
77196
77197
77209
77211
77213
77214
77217
77221
77228
77229
77230
77231
77233
77235
77236
77237
77240
77245
77249
77250
77253
77256
77257
77289
77291
77304
77316
77397
77408
77409
77410
77413
77417
77418
77419
77423
77505
77506
77508
77509
77594
77596
77603
77629
77631
77633
77651
77652
77663
77690
77698
77726
77742
77856
77857
77864
77865
77899
77900
77911
77912
77986
77987
77994
77995
78002
78003
78010
78011
78018
78029
78030
78056
78057
78097
78143
78436
78448
78450
78464
78487
78488
78489
78493
78504
78574
78625
78661
78666
78797
78804
78807
78809
78811
78812
78813
78814
78816
78826
78827
78828
78831
78843
78846
78847
78848
78960
78997
79003
79004
79007
79016
79021
79041
79042
79047
79049
79050
79058
79074
79075
79076
79082
79084
79085
79130
79133
79136
79147
79151
79152
79153
79154
79156
79159
79161
79166
79167
79168
79169
79185
79193
79194
79195
79205
79206
79209
79215
79222
79224
79225
79230
79237
79238
79239
79243
79255
79256
79257
79258
79260
79266
79277
79278
79279
79281
79326
79328
79349
79360
79377
79393
79398
79399
79413
79414
79415
79422
79423
79424
79425
79428
79431
79509
79510
79511
79517
79519
79520
79521
79522
79524
79527
79540
79541
79542
79574
79575
79578
79585
79591
79597
79604
79606
79608
79609
79610
79611
79614
79615
79616
79617
79618
79620
79622
79628
79629
79630
79631
79640
79641
79655
79682
79685
79692
79693
79694
79698
79700
79701
79718
79720
79721
79724
79726
79727
79728
79731
79732
79733
79736
79742
79743
79749
79750
79753
79762
79769
79774
79777
79785
79786
79787
79788
79804
79805
79806
79807
79815
79816
79817
79819
79820
79821
79822
79833
79836
79843
79848
79861
79897
79898
79902
79946
79947
79952
79974
79992
80007
80033
80056
80062
80157
80158
80159
80178
80179
80180
80181
80190
80196
80198
80206
80207
80208
80211
80212
80213
80215
80218
80219
80220
80224
80228
80236
80239
80240
80241
80242
80283
80459
80460
80461
80463
80464
80465
80468
80469
80470
80472
80475
80487
80578
80579
80580
80674
80675
80680
80681
80682
80689
80722
80723
80776
80784
80788
80789
80838
80845
80846
81092
81093
81098
81099
81102
81103
81140
81141
81159
81166
81311
81312
81408
81531
81533
81572
81713
81714
81886
81887
81948
82141
82151
82296
82314
82315
82316
82317
82320
82324
82329
82330
82335
82338
82341
82342
82357
82375
82377
82407
82408
82409
82410
82443
82447
82505
82506
82507
82508
82678
82679
82680
82694
82697
82699
82700
82701
82702
82708
82709
82779
82786
82891
82904
82905
82908
82924
82926
82945
82953
82954
82956
82972
83038
83039
83040
83041
83042
83043
83089
83147
83148
83150
83186
83203
83205
83207
83208
83209
83210
83211
83212
83215
83216
83217
83218
83219
83224
83228
83231
83232
83245
83269
83305
83312
83315
83361
83364
83365
83372
83373
83376
83414
83415
83416
83479
83480
83483
83484
83497
83498
83519
83520
83521
83522
83523
83524
83532
83533
83536
83537
83538
83540
83541
83604
83642
83653
83654
83662
83663
83668
83676
83695
83696
83697
83698
83703
83717
83718
83719
83720
83752
83753
83754
83777
83778
83792
83816
83841
83842
83843
83854
83860
83882
83884
83885
83887
83890
83892
83918
83919
83948
83949
83950
83953
84000
84028
84069
84070
84088
84089
84093
84094
84095
84096
84099
84100
84101
84124
84125
84128
84145
84146
84147
84148
84150
84151
84152
84153
84154
84157
84163
84207
84214
84215
84304
84308
84309
84310
84342
84380
84400
84404
84430
84470
84471
84509
84510
84511
84520
84523
84526
84529
84538
84543
84545
84555
84556
84557
84560
84561
84562
84563
84569
84570
84571
84572
84573
84574
84577
84578
84581
84582
84583
84584
84585
84586
84589
84590
84591
84601
84602
84603
84605
84606
84609
84610
84611
84612
84633
84652
84659
84660
84661
84668
84669
84680
84681
84687
84693
84707
84732
84740
84741
84742
84746
84757
84760
84763
84767
84770
84775
84779
84780
84781
84782
84785
84787
84788
84789
84792
84793
84798
84799
84800
84801
84804
84805
84810
84811
84812
84817
84827
84830
84831
84833
84835
84838
84839
84841
84843
84846
84857
84888
84891
84892
84895
84896
84897
84898
84901
84902
84905
84906
84907
84908
84912
84913
84917
84920
84921
84931
84932
84933
84934
84935
84940
84941
84944
84946
84948
84949
84950
84952
84973
84976
84977
84980
84981
84990
84991
84992
84993
84994
84996
84997
84998
85000
85001
85002
85004
85013
85022
85028
85029
85032
85044
85045
85053
85072
85078
85085
85088
85091
85092
85095
85096
85122
85151
85153
85154
85155
85167
85168
85173
85174
85175
85176
85187
85196
85201
85202
85203
85204
85205
85206
85213
85214
85215
85216
85219
85220
85224
85225
85228
85232
85241
85242
85243
85244
85263
85270
85274
85275
85276
85289
85290
85296
85298
85299
85300
85301
85307
85308
85309
85314
85317
85318
85321
85328
85329
85335
85338
85344
85349
85351
85382
85390
85391
85392
85394
85395
85398
85399
85400
85405
85412
85424
85426
85436
85483
85488
85489
85491
85639
85641
85644
85648
85649
85655
85656
85659
85661
85663
85665
85690
85716
85726
85727
85767
85828
85829
85968
86064
86116
86160
86161
86163
86164
86165
86167
86168
86374
86483
86569
86570
86653
86684
86769
86818
86819
86821
86824
86826
86831
86851
86852
86853
86854
86865
86867
86868
86872
86884
86888
86902
86903
86904
86916
86917
86918
86921
86926
86927
86928
86931
86951
86953
86955
86957
86959
86963
86964
86967
86998
87000
87025
87042
87045
87047
87051
87122
87125
87178
87179
87182
87184
87300
87301
87302
87303
87305
87311
87318
87321
87322
87323
87325
87326
87334
87335
87337
87358
87363
87365
87461
87473
87474
87509
87539
87542
87543
87546
87557
87559
87563
87566
87569
87571
87575
87578
87579
87582
87584
87586
87589
87591
87592
87593
87594
87595
87596
87597
87598
87599
87619
87621
87623
87625
87626
87628
87631
87633
87635
87636
87637
87638
87639
87640
87641
87642
87643
87644
87645
87646
87647
87648
87657
87658
87660
87661
87664
87665
87668
87669
87672
87673
87675
87679
87691
87692
87693
87694
87695
87696
87697
87710
87717
87736
87770
87826
87831
87833
87854
87856
87869
87893
87895
87897
88206
88209
88211
88250
88278
88296
88326
88407
88411
88894
88900
88903
89130
89269
89270
89277
89486
89776
89796
89848
89849
89872
89873
89896
89897
89918
89919
89950
89959
89960
89961
89964
89967
89977
89978
89988
90001
90002
90005
90008
90009
90010
90012
90013
90014
90015
90016
90017
90021
90022
90036
90039
90040
90041
90044
90046
90047
90072
90086
90087
90102
90103
90104
90105
90106
90107
90114
90115
90116
90217
90218
90222
90225
90229
90238
90239
90240
90244
90245
90246
90249
90262
90269
90270
90287
90288
90289
90292
90297
90298
90300
90303
90304
90305
90307
90311
90312
90313
90316
90326
90327
90328
90344
90348
90351
90352
90353
90356
90357
90358
90359
90360
90363
90364
90366
90399
90401
90407
90410
90424
90425
90426
90427
90428
90430
90432
90439
90443
90445
90457
90460
90472
90481
90482
90485
90486
90487
90488
90495
90496
90497
90501
90535
90538
90547
90548
90549
90556
90557
90561
90563
90564
90565
90566
90567
90572
90576
90586
90587
90588
90601
90603
90604
90608
90609
90610
90613
90614
90620
90645
90646
90647
90651
90661
90662
90663
90664
90665
90668
90681
90684
90693
90694
90695
90710
90715
90716
90717
90719
90720
90789
90792
90842
90843
90844
90850
90852
90853
90857
90860
90877
90885
90888
90893
90894
90895
90896
90897
90898
90899
90900
90901
90902
90903
90904
90905
90906
90967
90968
90969
90970
90971
90972
90973
90988
90990
91000
91011
91012
91013
91018
91019
91020
91054
91067
91070
91071
91078
91114
91125
91126
91133
91134
91137
91140
91141
91149
91150
91156
91159
91160
91161
91162
91163
91164
91165
91166
91167
91171
91172
91173
91224
91225
91292
91295
91298
91301
91303
91305
91308
91310
91312
91315
91317
91318
91321
91324
91325
91326
91327
91328
91331
91332
91333
91334
91335
91336
91337
91338
91339
91340
91341
91342
91343
91344
91345
91346
91347
91348
91352
91380
91381
91382
91400
91407
91408
91412
91421
91423
91427
91434
91448
91457
91460
91461
91463
91464
91468
91476
91479
91481
91483
91485
91487
91488
91503
91505
91512
91513
91514
91515
91528
91531
91550
91573
91577
91578
91579
91581
91584
91606
91607
91608
91617
91640
91647
91648
91649
91677
91678
91701
91702
91725
91726
91747
91748
91788
91789
91790
91801
91811
91813
91816
91817
91825
91834
91838
91841
91842
91848
91853
91857
91861
91900
91907
91909
91929
91930
91934
91935
91936
91946
91952
91953
91956
91958
91964
91965
91974
91981
91984
91987
91988
91997
92000
92001
92002
92005
92006
92007
92008
92009
92013
92019
92027
92030
92032
92033
92034
92035
92040
92058
92059
92060
92061
92063
92067
92088
92092
92095
92101
92104
92107
92116
92127
92129
92131
92135
92138
92142
92143
92144
92145
92148
92150
92154
92155
92166
92174
92182
92183
92186
92189
92190
92192
92195
92196
92197
92199
92214
92219
92251
92256
92259
92282
92283
92284
92285
92287
92288
92289
92291
92454
92457
92474
92490
92504
92505
92508
92536
92540
92541
92546
92547
92548
92550
92552
92564
92569
92579
92580
92581
92583
92584
92602
92618
92619
92621
92624
92626
92627
92642
92643
92647
92648
92649
92760
92766
92771
92787
92790
92799
92809
92815
92817
92830
92847
92848
92856
92859
92861
92865
92866
92869
92872
92874
92876
92878
92880
92885
92887
92890
92891
92897
92899
92902
92903
92906
92909
92911
92912
92913
92915
92916
92917
92918
92919
92920
92921
92922
92923
92924
92925
92935
92937
92938
92941
92943
92945
92947
92949
92951
92952
92953
92954
92955
92956
92957
92958
92959
92960
92961
92962
92963
92964
92966
92969
92970
92971
92972
92973
93003
93004
93027
93028
93051
93052
93073
93074
93164
93183
93249
93308
93314
93324
93325
93326
93327
93328
93329
93330
93331
93336
93339
93340
93341
93342
93343
93344
93458
93470
93474
93481
93485
93486
93487
93488
93494
93495
93505
93510
93511
93517
93522
93523
93524
93525
93527
93529
93531
93532
93533
93539
93541
93542
93543
93544
93547
93550
93553
93554
93560
93564
93565
93566
93567
93568
93571
93573
93574
93575
93596
93608
93609
93610
93611
93614
93618
93623
93626
93631
93651
93656
93657
93658
93659
93662
93664
93668
93669
93679
93685
93686
93687
93688
93691
93719
93720
93721
93728
93755
93760
93761
93762
93766
93768
93770
93771
93776
93777
93805
93835
93836
93837
93845
93849
93879
93896
93913
93914
93915
93916
93927
93929
93931
93932
93934
93987
93990
93999
94000
94001
94002
94003
94010
94028
94029
94030
94031
94036
94095
94103
94124
94125
94126
94127
94135
94136
94141
94142
94143
94157
94158
94162
94164
94170
94171
94174
94175
94181
94182
94191
94205
94206
94207
94208
94223
94226
94234
94235
94240
94241
94251
94252
94253
94256
94263
94266
94267
94276
94284
94290
94291
94296
94304
94306
94324
94328
94351
94352
94364
94368
94369
94372
94375
94376
94377
94385
94390
94395
94397
94409
94412
94414
94415
94416
94417
94418
94429
94431
94432
94436
94452
94453
94456
94463
94466
94468
94470
94472
94475
94476
94487
94490
94533
94534
94535
94587
94588
94589
94609
94611
94617
94619
94621
94622
94624
94630
94660
94661
94700
94701
94931
94932
94939
94940
94941
94942
94943
94944
94945
95037
95041
95042
95043
95044
95045
95046
95047
95048
95049
95161
95167
95168
95193
95194
95195
95196
95197
95198
95199
95200
95233
95236
95237
95240
95241
95244
95248
95251
95252
95253
95261
95264
95268
95269
95270
95271
95272
95325
95326
95327
95414
95419
95579
95631
95632
95633
95833
95845
95846
95847
95855
95859
95886
95888
95890
95891
95892
95903
95905
95937
95938
95939
95940
95941
95944
95946
95951
95955
95957
95959
95962
95963
95964
95971
95972
95975
95976
95993
95994
95995
96456
96459
96653
96757
96758
96779
96780
96781
96787
96790
96793
96794
96795
96796
96798
96799
96801
96802
96810
96811
96813
96814
96886
96887
96888
97340
97349
97395
97396
97397
97398
97413
97415
97418
97420
97422
97426
97429
97432
97446
97454
97455
97457
97458
98508
98509
98510
98948
98985
99089
99186
99551
99555
99563
99564
99565
100341
101122
101148
101149
101150
101151
101152
101153
101155
101157
101159
101160
101164
101165
101167
101171
101172
101174
101177
101179
101180
101182
101184
101187
101189
101192
101193
101195
101197
101200
101201
101202
101203
101204
101205
101206
101207
101208
101209
101653
101665
101688
101900
102332
102769
103175
103190
103191
103192
103296
103299
103303
103304
103308
103311
103312
103315
103317
103323
103326
103338
103349
103358
103359
103360
103362
103368
103381
103391
103392
103395
103396
103397
103399
103400
103402
103408
103418
103419
103421
103422
103436
103449
103454
103460
103461
103462
103465
103486
103487
103491
103494
103496
103511
103514
103546
103547
103570
103571
103594
103595
103616
103617
103649
103650
103651
103652
103653
103657
103719
103722
103723
103724
103726
103729
103735
103746
103747
103758
103762
103763
103764
103767
103783
103784
103785
103788
103819
103838
103859
103860
103861
103870
103878
103879
103883
103884
103885
104071
104074
104104
104115
104118
104124
104138
104140
104143
104151
104159
104163
104167
104180
104181
104186
104188
104189
104193
104195
104197
104198
104202
104204
104205
104217
104274
104275
104335
104336
104337
104338
104341
104344
104345
104374
104376
104383
104385
104390
104394
104395
104426
104427
104442
104461
104480
104481
104482
104512
104513
104515
104558
104618
104630
104657
104683
104695
104713
104717
104719
104721
104756
104889
104913
104914
104949
104965
105007
105012
105017
105018
105019
105027
105033
105038
105050
105055
105057
105096
105097
105098
105099
107417
107444
107446
107513
107514
107537
107538
107561
107562
107583
107584
107659
107662
107678
107680
107684
107692
107696
107698
107701
107709
107710
107711
107712
107862
107874
107883
107885
107887
107893
107906
107909
107911
107913
107931
107932
107934
107954
107977
107978
107981
107983
107989
107994
107995
107996
108014
108016
108017
108020
108029
108035
108036
108041
108052
108053
108054
108055
108056
108058
108060
108074
108076
108079
108095
108108
108109
108110
108111
108112
108116
108119
108127
108289
108290
108348
109666
112113
114708
115283
115284
115287
115296
115299
115309
115319
115326
115327
115328
115330
115341
115342
115343
115344
115345
115352
115364
115365
115366
115367
115432
115433
115436
115444
115448
115452
115455
115460
115466
115468
115469
115472
115477
115481
115484
115486
115500
115501
115502
115504
115506
115507
115508
115509
115532
115534
115535
115791
115795
115796
115797
115800
115917
115925
115943
115968
115970
115995
116015
116017
116019
116024
116027
116043
116050
116054
116056
116075
116079
116121
116123
116126
116131
116136
116143
116144
116145
116149
116150
116151
116157
116159
116163
116165
116170
116175
116178
116179
116189
116190
116191
116192
116193
116194
116198
116203
116208
116209
116210
116212
116213
116214
116216
116218
116221
116227
116236
116242
116244
116247
116248
116250
116251
116252
116255
116258
116265
116273
116274
116275
116276
116277
116300
116301
116303
116305
116306
116320
116321
116322
116323
116328
116331
116333
116334
116335
116370
116439
116440
116474
116532
116536
116540
116542
116548
116562
116647
116650
116665
116666
116669
116670
116675
116678
116679
116680
116681
116684
116685
116686
116687
116688
116709
116710
116711
116712
116715
116718
116721
116734
116749
116752
116754
116757
116760
116761
116798
116811
116813
116815
116816
116818
116821
116823
116828
116830
116864
116885
116886
116890
116891
116913
116916
116973
116974
116975
116976
117028
117084
117085
117295
117299
117516
118491
118498
118556
118561
119586
119989
120802
120807
121136
121479
121926
121929
122270
122572
122801
122804
123815
123816
124778
124781
125618
125705
125706
125723
125727
125730
125731
125756
125866
125867
125868
126005
126016
126017
126190
126191
126206
126377
126378
126445
126601
126603
127258
127270
127271
127274
127279
127280
127310
127706
127871
128099
128102
128652
128804
128813
129512
129519
129679
130386
130978
131417
131638
132505
132513
133499
134074
134963
134979
135118
135881
135885
136024
136175
136469
136489
136812
136825
136843
136906
137044
137334
137336
137338
137376
137746
137754
138011
138477
139123
139591
140030
140031
140075
140076
140414
141298
141302
141654
141657
141658
141659
141736
141740
141816
142882
143696
143709
143713
143722
143782
143824
144058
144060
144074
144077
144119
144183
144184
144597
144664
144839
144840
144932
144933
144947
144948
145314
145315
145329
145333
145659
145722
145724
145735
145738
145739
145924
145925
145926
145927
145928
145931
145932
145935
145942
145943
145944
145945
145948
145949
145954
145955
145957
145958
145960
145961
145964
145965
145968
145969
145970
145971
145972
145973
145976
145977
145979
145980
145990
145991
145994
145996
145997
145999
146002
146006
146007
146008
146009
146010
146011
146017
146018
146019
146021
146023
146024
146029
146030
146031
146032
146038
146039
146044
146046
146047
146051
146052
146053
146054
146057
146058
146061
146062
146063
146065
146066
146067
146385
146386
146642
146646
147719
147721
148461
148462
148604
148608
148609
148611
148612
148613
148620
148621
148622
148624
148631
148632
148638
148639
148650
148651
148652
148653
148654
148657
148658
148659
148664
148665
148668
148677
148678
148680
148682
148683
148687
148688
148691
148692
148694
148695
148699
148700
148706
148707
148710
148711
148727
148728
148741
148742
148743
148746
148750
148751
148772
148773
148777
148797
148821
148822
148867
148868
148873
148874
148889
148890
148897
148898
148905
148906
148913
148914
148921
148922
148929
148930
148937
148938
148945
148946
148959
148970
148972
148973
148976
148980
148983
148987
148989
148991
149019
149020
149043
149044
149067
149068
149089
149090
149153
149156
149159
149162
149165
149174
149175
149178
149179
149181
149182
149184
149185
149187
149188
149202
149214
149215
149223
149224
149225
149366
149367
149370
149371
149372
149429
149442
149472
149511
149512
149513
149521
149522
149523
149557
149560
149574
149575
149576
149577
149580
149581
149584
149593
149594
149597
149602
149606
149607
149609
149610
149612
149615
149616
149621
149623
149659
149661
149662
149663
149668
149768
149769
149770
149773
149788
149789
149817
149818
149821
149833
149836
149848
149849
149850
149852
149853
149855
149859
149898
149906
150098
150204
150205
150208
150209
150210
150232
150235
150248
150250
150253
150269
150272
150274
150287
150290
150330
150331
150463
150465
150467
150480
150481
150482
150492
150494
150498
150499
150500
150502
150504
150510
150511
150517
150522
150523
150552
150558
150560
150561
150569
150578
150579
150597
150598
150610
150611
150622
150623
150631
150635
150638
150640
150644
150654
150660
150662
150676
150679
150681
150683
150684
150685
150686
150687
150691
150695
150697
150704
150706
150731
150745
150804
150807
150832
150835
150837
150838
150841
150846
150889
150906
150907
150911
150913
150919
151010
151090
151095
151097
151227
151256
151257
151258
151259
151263
151272
151414
152173
152395
152473
152479
152536
152540
152878
153022
153153
153154
153166
153167
153336
153446
153479
153481
153482
153485
153489
153494
153501
153513
153514
153521
153522
153523
153705
153721
153725
153727
153739
153773
153777
153783
153785
153787
153798
153812
153813
153814
153817
153820
153825
153853
153861
153862
153863
153864
153888
153939
153944
153945
154029
154031
154049
154051
154055
154063
154072
154076
154085
154096
154107
154133
154136
154137
154138
154141
154146
154147
154264
154274
154275
154280
154284
154285
154286
154288
154289
154290
154291
154292
154293
154329
154330
154393
154395
154396
154397
154400
154429
154435
154446
154447
154448
154456
154469
154470
154473
154477
154481
154482
154550
154566
154580
154581
154582
154588
154589
154590
159442
160140
160345
161950
162926
163492
163493
164042
164050
164061
164062
164063
164064
164066
164070
164071
164074
164077
164079
164080
164082
164084
164120
164121
164128
164129
164163
164164
164175
164176
164241
164242
164249
164250
164257
164258
164265
164266
164281
164282
164310
164311
164344
164473
164474
164475
164476
164477
164478
164479
164480
164481
164482
164483
164484
164485
164486
164571
164572
164573
164574
164592
164593
164594
164597
164598
164599
164607
164608
164628
164681
164699
164749
164832
164833
164834
164837
164846
164847
165000
165018
165020
165021
165022
165050
168354
169763
170164
170369
170453
170921
172283
172666
174281
174736
174836
174935
174936
175894
176889
179342
179343
179346
179349
179350
179351
180603
181298
181333
181700
183606
183764
183952
185884
185913
186618
188556
190621
195586
195589
195592
195639
195903
196179
196180
196182
196314
196316
196324
196325
196353
196907
