1
14
47
66
68
77
86
88
89
94
95
96
97
114
115
117
118
120
124
126
130
139
140
141
142
150
151
152
157
158
163
164
222
234
236
252
317
319
321
348
382
387
400
428
764
765
766
775
965
1010
1012
1015
1022
1023
1024
1032
1039
1048
1056
1121
1122
1132
1133
1134
1135
1136
1137
1138
1139
1140
1141
1142
1143
1152
1153
1156
1157
1161
1162
1163
1164
1165
1166
1167
1168
1170
1172
1173
1174
1179
1182
1186
1189
1193
1199
1203
1207
1226
1252
1253
1254
1260
1262
1273
1274
1283
1284
1382
1534
1605
1606
1615
1617
1619
1660
1661
1674
1681
1743
1753
1754
1755
1756
1757
1768
1779
1781
1783
1784
1785
1788
1789
1794
1797
1843
1848
1849
1853
1855
1857
1858
1863
1874
1879
1880
1883
1894
1896
1905
1906
1907
1957
1984
1991
2004
2017
2018
2023
2024
2025
2026
2028
2037
2041
2044
2051
2053
2056
2066
2073
2075
2131
2136
2141
2142
2172
2175
2187
2190
2193
2203
2204
2215
2220
2221
2235
2238
2239
2240
2247
2248
2255
2270
2284
2307
2329
2331
2365
2374
2377
2394
2397
2400
2402
2428
2434
2436
2437
2454
2458
2460
2465
2466
2467
2479
2480
2481
2482
2486
2493
2494
2503
2514
2515
2516
2517
2518
2519
2520
2521
2522
2523
2524
2551
2555
2556
2557
2558
2559
2560
2573
2576
2586
2587
2588
2589
2591
2595
2596
2597
2599
2603
2607
2611
2629
2635
2636
2669
2683
2685
2714
2724
2725
2726
2727
2730
2732
2733
2735
2737
2739
2746
2765
2767
2859
2876
2892
2927
2929
2943
2972
2973
2976
2992
2993
2994
2995
3002
3003
3004
3005
3006
3011
3077
3078
3080
3081
3082
3087
3088
3096
3097
3102
3103
3104
3108
3125
3126
3127
3131
3135
3138
3141
3145
3149
3153
3249
3250
3253
3254
3261
3262
3297
3316
3317
3325
3326
3328
3337
3338
3396
3446
3504
3558
3559
3561
3563
3628
3695
3696
3785
3910
3912
3929
3932
3937
3943
3944
3946
3947
3969
3976
3988
4023
4024
4027
4038
4041
4045
4052
4065
4066
4068
4069
4070
4076
4084
4095
4098
4100
4104
4109
4111
4113
4122
4123
4124
4125
4126
4127
4134
4159
4165
4166
4183
4204
4241
4252
4274
4282
4285
4286
4288
4289
4320
4353
4404
4484
4489
4533
4536
4615
4616
4617
4685
4688
4694
4697
4700
4701
4723
4860
4980
4983
5248
6434
6437
6504
6515
6537
6590
6608
6771
6775
6777
6909
6910
6924
7133
7259
7928
7934
7936
8552
8585
8653
8701
8765
8956
8962
9006
9012
9020
9029
9033
9039
9070
9073
9170
9219
9226
9227
9254
9255
9297
9300
9309
9428
9432
9439
9442
9466
9476
9496
9503
9514
9519
9534
9543
9551
9561
9600
9603
9615
9622
9627
9633
9658
9700
9701
9709
9725
9755
9758
9771
9778
9782
9791
9793
9816
9819
9980
10019
10047
10073
10077
10110
10117
10124
10129
10141
10145
10156
10174
10216
10227
10241
10253
10256
10284
10308
10312
10321
10326
10408
10411
10418
10432
10434
10473
10478
10483
10484
10513
10540
10617
10621
10641
10649
10764
10813
10819
10831
10925
10929
10930
11011
11025
11029
11030
11172
11235
11236
11252
11253
11260
11349
11350
11377
11384
11401
11411
11434
11440
11445
11459
11465
11485
11487
11490
11498
11502
11548
11575
11576
11579
11580
11581
11583
11587
11603
11604
11611
11616
11618
11627
11655
11656
11674
11711
11713
11715
11716
11730
11759
11764
11771
11774
11784
11785
11786
11787
11788
11823
11827
11838
11841
11846
11847
11853
11857
11862
11864
12018
12202
12203
12212
12239
12243
12244
12249
12287
12310
12314
12355
12409
12410
12413
12415
12417
12426
12428
12430
12431
12434
12437
12444
12445
12452
12456
12468
12470
12471
12474
12476
12478
12480
12481
12482
12485
12489
12499
12501
12503
12545
12547
12549
12551
12553
12555
12557
12560
12581
12583
12585
12587
12588
12589
12592
12609
12611
12623
12628
12629
12631
12635
12636
12650
12656
12744
12752
12904
12920
12944
12948
12965
12968
12977
12982
12989
13007
13009
13029
13047
13048
13049
13060
13066
13067
13084
13089
13111
13118
13119
13121
13135
13238
13278
13362
13363
13364
13373
13401
13532
13533
13620
13621
13622
13627
13661
13697
13745
13749
13752
13755
13757
13764
13769
13798
13801
13802
13805
13810
13833
13835
13836
13837
13838
13839
13840
13841
13842
13865
13967
14211
14380
14382
14387
14496
14627
14628
14649
14690
14758
14852
14859
15377
15510
15511
15512
15518
15528
15534
15973
15975
16021
16065
16068
16103
16105
16129
16130
16132
16133
16150
16151
16153
16154
16156
16158
16186
16188
16190
16191
16193
16194
16196
16198
16207
16210
16211
16220
16221
16227
16228
16233
16235
16239
16240
16290
16391
16392
16419
16421
16426
16428
16465
16494
16496
16502
16503
16504
16506
16507
16508
16531
16535
16541
16542
16544
16554
16555
16556
16575
16576
16577
16587
16588
16593
16594
16596
16597
16605
16606
16625
16628
16629
16650
16653
16701
16702
16717
16731
16752
16761
16771
16812
16813
16814
16848
16864
16871
16872
16873
16886
16887
16889
16893
16897
16901
16907
16911
16915
16919
16921
16925
16927
16930
16934
16936
16941
16948
16953
16959
16961
16967
16971
16976
16980
16985
16989
16993
16996
17006
17007
17014
17018
17022
17027
17032
17035
17043
17046
17051
17053
17056
17081
17104
17105
17150
17165
17169
17244
17251
17252
17257
17258
17262
17265
17372
17394
17428
17475
17492
17493
17496
17497
17498
17504
17507
17510
17513
17514
17515
17516
17517
17518
17521
17522
17526
17528
17530
17534
17537
17552
17553
17554
17557
17563
17566
17638
17642
17645
17647
17648
17649
17651
17656
17658
17659
17673
17674
17675
17676
17677
17695
17696
17697
17752
17809
17846
17849
17850
17878
17879
17880
17881
17882
17883
17884
17885
17886
17887
17888
17891
17893
17894
17901
17909
17910
17911
17912
17913
17914
17915
17916
17917
17918
17919
17923
17927
17928
17932
17934
17937
17941
17944
17946
17949
17952
17955
17956
17959
17961
17979
17988
17993
18006
18139
18164
18167
18174
18181
18184
18185
18186
18187
18188
18189
18194
18195
18196
18197
18198
18199
18200
18201
18203
18204
18205
18206
18207
18208
18209
18210
18211
18215
18218
18223
18225
18234
18240
18243
18248
18249
18251
18302
18352
18353
18355
18356
18366
18367
18369
18432
18433
18436
18437
18440
18441
18442
18446
18467
18474
18482
18498
18502
18510
18529
18551
18552
18558
18584
18603
18618
18666
18681
18682
18687
18690
18691
18693
18694
18778
18779
18780
18783
18798
18823
18827
18856
18865
18876
18879
18882
18883
18887
18888
18889
18893
18905
18914
18915
18918
18920
18950
18991
18992
19043
19055
19057
19068
19080
19087
19090
19091
19099
19101
19114
19115
19149
19252
19253
19262
19263
19264
19295
19296
19394
19401
19402
19403
19405
19408
19409
19440
19443
19445
19555
19556
19557
19558
19559
19560
19563
19569
19579
19654
19745
19746
19806
19807
19808
19851
19854
19855
19858
19860
19863
19865
19868
20021
20022
20033
20038
20151
20154
20155
20158
20159
20178
20284
20285
20325
20331
20334
20339
20345
20348
20355
20362
20367
20368
20369
20397
20405
20408
20409
20410
20413
20415
20453
20454
20455
20459
20465
20488
20492
20499
20520
20521
20531
20552
20553
20554
20556
20559
20571
20576
20597
20600
20652
20655
20657
20661
20708
20713
20758
20761
20766
20785
20802
20803
20809
20811
20812
20844
20852
21015
21030
21031
21036
21037
21041
21044
21050
21051
21052
21054
21066
21071
21087
21104
21112
21155
21158
21161
21165
21166
21168
21170
21174
21178
21181
21207
21211
21271
21296
21298
21301
21305
21320
21348
21349
21350
21359
21363
21380
21381
21386
21398
21401
21402
21403
21440
21441
21442
21453
21459
21463
21472
21477
21484
21515
21519
21523
21538
21542
21543
21544
21580
21581
21584
21585
21586
21592
21614
21618
21621
21651
21661
21666
21667
21668
21683
21684
21687
21694
21697
21710
21713
21714
21730
21740
21741
21742
21743
21745
21746
21747
21750
21753
21755
21757
21761
21762
21765
21766
21780
21795
21833
21878
21886
21905
21906
21919
21920
21922
21923
21928
21933
21934
21935
21952
21953
21954
21958
21962
21963
21964
21979
21983
21986
21990
22076
22081
22084
22105
22106
22107
22108
22112
22113
22117
22118
22122
22130
22142
22144
22145
22147
22178
22183
22188
22202
22203
22213
22214
22223
22264
22267
22270
22281
22282
22283
22290
22375
22381
22462
22463
22465
22484
22498
22523
22536
22548
22578
22579
22580
22583
22586
22587
22588
22589
22590
22593
22594
22623
22626
22644
22652
22665
22666
22669
22725
22727
22730
22736
22743
22746
22747
22754
22757
22758
22759
22821
22829
22830
22831
22833
22835
22840
22841
22842
22849
22856
22869
22870
22881
22883
22900
22905
22906
22939
22940
22941
22944
22951
22953
22954
22955
22958
22959
22960
22991
22996
23049
23061
23068
23074
23093
23094
23095
23096
23102
23140
23141
23154
23155
23156
23172
23174
23183
23191
23197
23199
23200
23206
23212
23213
23214
23230
23231
23236
23241
23252
23258
23261
23262
23264
23272
23281
23306
23307
23308
23310
23312
23313
23316
23318
23322
23329
23336
23337
23338
23340
23355
23356
23359
23367
23368
23371
23374
23376
23377
23378
23380
23384
23385
23389
23390
23394
23407
23431
23446
23447
23459
23460
23461
23471
23485
23486
23491
23492
23499
23500
23506
23507
23511
23514
23548
23558
23570
23571
23572
23579
23585
23588
23594
23599
23600
23602
23609
23613
23614
23633
23634
23638
23639
23653
23661
23669
23676
23686
23687
23688
23703
23706
23708
23716
23724
23729
23731
23736
23738
23754
23755
23782
23783
23800
23803
23808
23809
23810
23818
23835
23838
23841
23842
23844
23856
23859
23861
23865
23868
23872
23879
23886
23888
23892
23895
23905
23906
23907
23908
23916
23922
23925
23927
23940
23944
23949
23968
23982
23985
23986
23987
23991
23998
23999
24000
24001
24003
24007
24011
24014
24018
24022
24047
24049
24062
24064
24065
24082
24083
24086
24087
24088
24104
24105
24115
24119
24123
24124
24125
24131
24136
24145
24158
24168
24176
24178
24179
24184
24187
24211
24213
24228
24249
24255
24261
24264
24285
24290
24292
24303
24348
24349
24350
24401
24402
24406
24419
24426
24427
24428
24431
24438
24442
24453
24454
24460
24462
24466
24467
24468
24474
24482
24483
24484
24485
24491
24493
24498
24499
24500
24501
24503
24504
24533
24534
24535
24537
24540
24543
24558
24559
24564
24570
24572
24583
24591
24604
24617
24688
24689
24695
24699
24720
24725
24730
24737
24738
24745
24747
24768
24811
24813
24816
24818
24835
24856
24884
24941
24942
24952
24960
24965
24989
24991
24993
24994
24997
24998
24999
25013
25017
25023
25031
25037
25038
25039
25042
25045
25065
25077
25134
25198
25217
25241
25244
25245
25246
25250
25251
25252
25279
25283
25297
25302
25308
25309
25350
25351
25356
25380
25384
25388
25395
25415
25416
25451
25452
25454
25456
25457
25458
25476
25480
25494
25506
25507
25512
25513
25528
25545
25546
25547
25548
25556
25558
25562
25563
25568
25569
25570
25571
25572
25580
25581
25587
25589
25597
25598
25608
25615
25648
25673
25677
25682
25695
25710
25711
25712
25720
25727
25738
25740
25745
25748
25749
25752
25756
25760
25761
25772
25776
25783
25785
25797
25799
25800
25804
25805
25812
25818
25825
25827
25861
25883
25919
25921
25942
25943
25946
25952
25955
25956
25958
25959
25961
25998
25999
26031
26035
26037
26056
26066
26068
26069
26075
26076
26080
26130
26131
26141
26151
26154
26156
26158
26159
26161
26163
26167
26168
26169
26179
26180
26182
26183
26184
26186
26190
26199
26210
26211
26225
26235
26241
26242
26243
26244
26246
26248
26273
26282
26283
26284
26287
26289
26298
26301
26302
26303
26310
26352
26356
26357
26408
26453
26457
26482
26485
26503
26513
26537
26545
26563
26858
26882
26894
26901
26972
27044
27063
27071
27083
27093
27108
27109
27153
27160
27163
27167
27181
27184
27186
27187
27188
27189
27193
27195
27197
27199
27211
27218
27221
27240
27242
27243
27244
27245
27249
27255
27265
27266
27267
27268
27269
27271
27272
27276
27280
27288
27290
27299
27312
27326
27340
27341
27344
27349
27404
27419
27421
27426
27439
27493
27536
27550
27559
27586
27618
27631
27633
27648
27649
27692
27707
27716
27736
27737
27738
27739
27741
27743
27747
27849
27910
27919
27921
27923
27925
27928
27930
27936
27942
27943
27944
27948
27950
27953
27954
27955
27959
27980
27998
27999
28008
28011
28014
28015
28019
28020
28053
28060
28061
28062
28063
28071
28075
28085
28200
28203
28206
28207
28216
28230
28233
28244
28246
28259
28260
28283
28329
28342
28343
28359
28361
28374
28376
28390
28472
28473
28519
28568
28570
28572
28578
28582
28583
28652
28657
28763
28788
28805
28896
28931
28957
28958
28992
29046
29047
29048
29081
29086
29091
29092
29096
29104
29112
29144
29155
29199
29228
29231
29235
29237
29240
29241
29244
29245
29246
29258
29262
29277
29278
29279
29411
29412
29414
29415
29416
29419
29422
29429
29435
29442
29463
29464
29574
29575
29582
29584
29586
29593
29597
29603
29608
29609
29748
29749
29750
29754
29774
29776
29777
29778
29779
29784
29801
29817
29820
29887
29919
29921
29922
29925
30017
30018
30019
30020
30084
30086
30087
30185
30188
30274
30287
30300
30388
30483
30507
30510
30513
30516
30543
30545
30577
30589
30731
30768
30817
30818
30820
30822
30954
30958
30960
30961
30962
30965
30967
30973
30988
31013
31016
31018
31039
31040
31083
31084
31085
31141
31142
31149
31150
31151
31230
31244
31251
31274
31337
31419
31465
31486
31600
31622
31624
31636
31638
31649
31741
31742
31756
31764
31773
31811
31835
31838
31840
31916
31918
31920
31962
31979
31991
31992
31993
31995
31996
31998
31999
32007
32008
32009
32021
32022
32023
32027
32108
32124
32157
32223
32224
32252
32257
32258
32259
32323
32341
32366
32373
32432
32435
32540
32544
32581
32582
32586
32589
32632
32653
32658
32659
32660
32705
32778
32779
32810
32819
32821
32835
32862
32865
32876
32881
32882
32886
32887
32888
32895
32901
32902
32903
32907
32911
32985
32988
33019
33020
33021
33023
33024
33026
33028
33034
33036
33039
33041
33042
33047
33073
33086
33089
33110
33113
33125
33126
33135
33136
33137
33139
33140
33144
33148
33149
33150
33154
33175
33193
33205
33226
33248
33249
33252
33279
33302
33315
33431
33439
33441
33442
33443
33529
33560
33579
33583
33586
33587
33594
33600
33612
33632
33678
33690
33699
33722
33726
33738
33751
33753
33762
33763
33771
33806
33810
33829
33833
33834
33835
33841
33842
33952
33955
33957
33958
33960
33963
33964
33976
33988
33989
33993
33994
34023
34024
34029
34034
34037
34050
34051
34059
34060
34070
34072
34075
34076
34085
34113
34114
34119
34121
34122
34124
34131
34132
34137
34138
34139
34142
34197
34198
34214
34226
34228
34241
34244
34250
34257
34260
34269
34273
34309
34313
34314
34316
34336
34346
34348
34349
34350
34353
34355
34359
34367
34368
34398
34402
34405
34415
34416
34422
34424
34428
34429
34433
34435
34437
34443
34444
34446
34450
34461
34501
34506
34509
34512
34513
34516
34552
34555
34557
34574
34577
34585
34586
34593
34599
34602
34603
34604
34612
34616
34618
34622
34623
34624
34626
34644
34660
34661
34692
34708
34712
34715
34717
34720
34724
34727
34728
34729
34731
34735
34738
34746
34747
34756
34762
34770
34773
34778
34780
34797
34818
34840
34871
34882
34894
34989
34990
35000
35001
35007
35010
35011
35017
35018
35042
35043
35045
35046
35047
35048
35067
35069
35070
35072
35104
35152
35155
35171
35172
35173
35175
35293
35294
35297
35298
35317
35330
35332
35335
35342
35346
35351
35397
35402
35441
35446
35467
35469
35476
35477
35483
35484
35495
35498
35512
35515
35568
35632
35633
35634
35635
35636
35639
35652
35658
35670
35677
35678
35711
35712
35725
35728
35729
35732
35733
35784
35785
35786
35799
35800
35810
35831
35835
35841
35905
35910
35912
35913
35924
35930
35934
36005
36030
36033
36058
36066
36154
36194
36195
36199
36202
36203
36222
36223
36227
36305
36312
36325
36326
36332
36353
36359
36362
36404
36439
36441
36443
36444
36465
36471
36480
36481
36482
36487
36492
36545
36546
36547
36548
36555
36559
36560
36604
36605
36606
36607
36610
36626
36629
36651
36687
36691
36697
36702
36719
36724
36725
36726
36746
36747
36814
36815
36816
36817
36819
36824
36829
36833
36835
36836
36848
36868
36869
36880
36944
36948
36949
36950
36952
36975
37002
37084
37086
37088
37111
37114
37116
37118
37120
37131
37158
37173
37174
37175
37181
37182
37193
37196
37230
37255
37256
37262
37265
37267
37284
37287
37302
37305
37313
37314
37317
37318
37320
37323
37330
37339
37340
37344
37357
37376
37381
37389
37392
37414
37415
37449
37468
37469
37470
37477
37483
37487
37489
37497
37499
37501
37508
37509
37511
37538
37543
37590
37591
37603
37605
37610
37613
37614
37619
37620
37630
37631
37634
37690
37691
37698
37701
37704
37705
37706
37707
37711
37712
37715
37719
37720
37732
37767
37772
37823
37849
37854
37856
37857
37863
37864
37867
37885
37886
37887
37892
37893
37897
37907
37917
37918
37919
37921
37928
37933
37935
37939
37940
37955
37960
37974
37985
37992
38052
38089
38096
38106
38146
38161
38238
38246
38247
38253
38317
38318
38331
38348
38358
38363
38366
38367
38380
38404
38407
38414
38420
38426
38427
38467
38468
38472
38532
38548
38549
38550
38556
38559
38563
38580
38583
38596
38634
38635
38693
38700
38701
38702
38703
38724
38728
38734
38735
38754
38755
38762
38765
38766
38767
38768
38780
38783
38786
38793
38794
38795
38873
38897
38933
38934
38945
38946
38948
38950
38952
38954
38956
38961
38963
38989
38993
38995
38999
39013
39020
39021
39022
39027
39028
39036
39040
39041
39042
39043
39044
39046
39049
39054
39217
39240
39250
39263
39272
39274
39289
39293
39297
39337
39352
39379
39381
39383
39384
39439
39444
39483
39525
39619
39626
39639
39641
39644
39650
39651
39662
39666
39668
39680
39687
39694
39701
39710
39711
39805
39893
40011
40012
40013
40015
40056
40058
40065
40066
40082
40083
40084
40089
40090
40094
40116
40123
40127
40128
40129
40132
40145
40148
40154
40156
40157
40163
40164
40165
40170
40172
40180
40183
40184
40496
40497
40515
40516
40607
40612
40613
40619
40620
40621
40626
40627
40628
40631
40647
40653
40660
40662
40664
40665
40679
41289
41292
41298
41299
41350
41358
41359
41366
41368
41375
41376
41377
41430
41435
41456
41460
41473
41474
41476
41478
41481
41483
41487
41490
41494
41497
41498
41501
41502
41506
41508
41514
41533
41570
41664
41726
41732
41734
41785
41786
41787
41789
41791
41792
41808
41813
41821
41826
41828
41838
41841
41843
41847
41852
41854
41857
41859
41864
41869
41877
41893
41894
41899
41900
41912
41915
41921
41923
41924
41926
41934
41936
41945
41946
41948
41960
41964
41966
41968
41970
41976
41977
41978
41979
41982
41997
42002
42005
42010
42011
42012
42030
42045
42058
42061
42069
42070
42075
42076
42078
42085
42088
42093
42094
42102
42109
42115
42134
42136
42137
42169
42170
42192
42198
42199
42203
42212
42213
42219
42232
42234
42238
42244
42247
42248
42257
42258
42266
42269
42274
42278
42279
42280
42282
42284
42285
42287
42298
42303
42306
42309
42342
42343
42346
42351
42352
42356
42362
42363
42365
42372
42375
42376
42379
42382
42385
42388
42389
42428
42433
42435
42436
42441
42496
42497
42498
42506
42521
42522
42523
42531
42532
42533
42534
42536
42537
42547
42548
42552
42553
42566
42568
42612
42614
42618
42631
42635
42639
42641
42642
42648
42652
42657
42663
42664
42667
42668
42672
42676
42687
42688
42692
42694
42695
42697
42707
42708
42729
42735
42759
42760
42768
42774
42780
42784
42789
42804
42807
42808
42810
42813
42816
42819
42823
42825
42832
42838
42852
42870
42876
42877
42878
42879
42880
42882
42896
42903
42906
42919
42921
42926
42941
42942
42943
42947
42949
42950
42952
42956
42963
42966
42972
42975
42976
42983
42984
42986
42987
43005
43017
43020
43023
43028
43031
43041
43042
43043
43044
43050
43057
43093
43094
43110
43113
43134
43135
43137
43142
43148
43151
43152
43155
43160
43162
43163
43165
43167
43171
43173
43183
43184
43185
43186
43188
43202
43208
43219
43221
43227
43231
43236
43238
43261
43262
43269
43272
43274
43280
43281
43282
43286
43292
43294
43342
43344
43361
43366
43369
43370
43372
43387
43390
43395
43404
43409
43430
43433
43436
43438
43446
43448
43450
43460
43468
43471
43478
43479
43480
43503
43505
43513
43514
43516
43523
43524
43526
43531
43549
43587
43590
43602
43636
43644
43647
43651
43669
43688
43697
43698
43699
43700
43707
43720
43724
43729
43733
43744
43745
43762
43770
43771
43773
43781
43788
43790
43796
43804
43826
43829
43859
43874
43875
43884
43889
43890
43909
43915
43926
43928
43937
43938
43941
43942
43948
43973
44004
44012
44013
44014
44015
44016
44017
44019
44025
44026
44030
44032
44035
44037
44040
44044
44045
44046
44050
44051
44054
44055
44056
44060
44064
44067
44083
44090
44110
44121
44128
44132
44133
44139
44140
44155
44159
44165
44166
44182
44183
44194
44197
44199
44206
44215
44222
44223
44232
44278
44279
44280
44294
44303
44305
44314
44318
44333
44339
44360
44366
44369
44370
44390
44391
44392
44393
44394
44424
44426
44429
44455
44458
44466
44467
44469
44505
44522
44523
44533
44540
44542
44544
44560
44561
44563
44578
44582
44584
44586
44590
44609
44610
44611
44612
44616
44635
44644
44649
44656
44660
44663
44668
44675
44685
44690
44705
44708
44714
44720
44777
44778
44779
44786
44806
44832
44856
44865
44869
44870
44877
44881
44891
44892
44900
44909
44910
44911
44912
44915
44916
44929
44930
44936
44937
44938
44950
44951
44953
44968
44982
45004
45007
45008
45012
45015
45019
45020
45024
45037
45038
45046
45073
45076
45088
45092
45115
45131
45134
45156
45177
45183
45211
45214
45216
45217
45223
45226
45228
45231
45233
45242
45243
45244
45246
45247
45255
45271
45272
45273
45277
45278
45282
45286
45290
45291
45296
45310
45311
45312
45333
45334
45335
45342
45343
45349
45350
45361
45364
45365
45374
45375
45383
45390
45391
45393
45408
45411
45412
45413
45415
45416
45421
45424
45425
45431
45434
45438
45439
45440
45452
45453
45456
45458
45481
45482
45483
45484
45485
45486
45488
45489
45490
45506
45509
45511
45512
45513
45515
45517
45519
45521
45522
45525
45528
45540
45541
45554
45563
45565
45571
45574
45575
45580
45584
45585
45589
45594
45609
45620
45623
45624
45625
45641
45643
45650
45659
45673
45688
45689
45701
45702
45703
45708
45717
45720
45721
45734
45740
45748
45750
45752
45753
45754
45755
45761
45773
45779
45795
45800
45806
45807
45808
45809
45835
45836
45861
45863
45864
45866
45916
45937
45962
45990
45998
46002
46004
46008
46009
46013
46034
46035
46036
46049
46050
46153
46215
46219
46223
46226
46249
46272
46304
46305
46306
46308
46310
46312
46316
46317
46340
46393
46398
46406
46412
46419
46424
46431
46612
46636
46637
46718
46723
46736
46740
46741
46744
46766
46854
46855
46856
46860
46873
46874
46875
46926
46932
46952
46953
46957
46962
46963
46966
47022
47025
47029
47033
47058
47086
47087
47090
47102
47103
47104
47111
47116
47123
47128
47142
47310
47311
47469
47474
47552
47553
47606
47684
47687
47689
47690
47695
47708
47712
47748
47758
47928
47929
47931
47933
47944
47959
47979
47980
47991
47993
47997
47998
48000
48003
48010
48016
48038
48051
48074
48228
48250
48274
48287
48293
48299
48309
48310
48313
48322
48324
48334
48344
48349
48355
48368
48371
48390
48397
48498
48510
48528
48529
48543
48545
48555
48556
48583
48587
48592
48596
48603
48605
48626
48631
48643
48647
48654
48662
48663
48684
48688
48690
48723
48724
48726
48728
48747
48763
48785
48786
48796
48801
48874
48880
48910
48924
48925
48927
48938
48941
48947
48967
48974
48986
49002
49020
49021
49022
49063
49078
49082
49108
49125
49126
49136
49157
49168
49181
49186
49194
49238
49250
49401
49402
49473
49474
49606
49628
49650
49651
49727
49728
49741
49771
49776
49787
49789
49802
49806
49820
49821
49829
49831
49835
49837
49867
49883
50003
50019
50024
50070
50080
50085
50086
50101
50106
50112
50136
50147
50162
50205
50209
50240
50293
50294
50343
50349
50351
50353
50392
50397
50467
50473
50474
50480
50484
50489
50497
50507
50512
50538
50547
50595
50733
50801
50802
50826
50830
50835
50843
50849
50850
50851
50854
50883
50892
50909
50938
50939
50940
50957
50960
50979
50985
50993
51033
51034
51038
51039
51050
51054
51067
51069
51071
51075
51083
51095
51110
51111
51118
51126
51131
51137
51147
51160
51164
51175
51180
51191
51227
51230
51235
51241
51265
51295
51296
51307
51308
51314
51321
51329
51338
51340
51365
51386
51392
51393
51400
51405
51414
51430
51436
51442
51444
51459
51467
51469
51520
51521
51580
51588
51591
51620
51699
51700
51701
51732
51779
51780
51781
51783
51784
51787
51792
51797
51809
51815
51870
51878
51879
51893
51922
51929
51947
51962
51963
51968
51978
52002
52003
52006
52007
52009
52010
52011
52016
52029
52034
52041
52044
52045
52048
52050
52056
52058
52106
52109
52113
52115
52123
52145
52161
52162
52196
52199
52200
52249
52255
52261
52269
52282
52289
52295
52299
52376
52380
52386
52393
52397
52405
52437
52445
52454
52475
52477
52479
52486
52487
52490
52492
52497
52501
52513
52533
52534
52539
52548
52551
52552
52553
52558
52563
52568
52573
52574
52583
52585
52587
52589
52662
52663
52664
52675
52681
52685
52698
52712
52716
52717
52720
52722
52735
52739
52744
52748
52819
52823
52879
52891
52906
52910
52911
52913
52914
52917
52918
52927
52933
52937
52946
52949
52952
52965
52971
53005
53030
53033
53049
53050
53090
53099
53119
53141
53144
53150
53172
53219
53220
53221
53222
53223
53224
53226
53227
53228
53247
53249
53253
53283
53299
53326
53329
53363
53364
53384
53395
53410
53426
53427
53466
53469
53527
53529
53541
53555
53616
53623
53640
53641
53651
53678
53682
53687
53692
53694
53719
53720
53723
53724
53786
53799
53800
53803
53807
53827
53831
53859
53863
53865
53867
53871
53876
53937
53943
53958
53969
53972
53977
53978
54021
54071
54074
54080
54089
54093
54100
54128
54133
54145
54162
54167
54186
54187
54197
54198
54211
54250
54253
54262
54265
54270
54307
54314
54315
54331
54332
54377
54380
54383
54386
54387
54388
54466
54476
54479
54486
54489
54491
54506
54509
54512
54516
54522
54524
54552
54577
54591
54594
54597
54606
54612
54614
54625
54627
54736
54746
54747
54760
54765
54816
54830
54833
54837
54839
54851
54874
54940
54943
54946
54949
54951
54958
54961
55033
55047
55061
55063
55066
55104
55116
55121
55147
55443
55444
55445
55527
55528
55529
55537
55562
55571
55573
55576
55581
55590
55596
55628
55638
55643
55646
55664
55688
55749
55782
55826
55843
55844
55848
55855
55860
55865
55872
55875
55878
55884
55921
56123
56128
56168
56170
56207
56268
56272
56273
56275
56283
56284
56291
56306
56314
56321
56331
56332
56335
56344
56345
56366
56404
56414
56428
56447
56504
56556
56568
56569
56593
56609
56621
56622
56633
56739
56742
56766
56806
56847
56886
56891
56893
56894
56897
56903
56911
56917
56923
56936
56952
56953
56956
57040
57077
57078
57080
57083
57092
57098
57117
57119
57121
57126
57138
57221
57223
57225
57226
57244
57254
57277
57282
57293
57298
57301
57302
57313
57316
57379
57425
57431
57437
57439
57446
57450
57475
57510
57512
57587
57596
57606
57609
57612
57650
57653
57681
57686
57698
57706
57830
57832
57834
57846
57960
57970
58024
58031
58046
58054
58062
58111
58114
58119
58150
58153
58154
58156
58157
58159
58163
58201
58204
58205
58210
58217
58228
58232
58235
58237
58242
58248
58253
58256
58275
58300
58303
58309
58310
58313
58318
58319
58323
58327
58338
58341
58359
58367
58412
58419
58422
58441
58465
58481
58508
58546
58548
58578
58580
58583
58602
58603
58613
58623
58636
58639
58641
58674
58676
58679
58684
58686
58692
58697
58698
58726
58730
58733
58735
58748
58749
58802
58805
58810
58811
58814
58815
58817
58823
58827
58829
58832
58880
58884
58892
58901
58908
58920
58936
58937
58946
58952
58967
58991
59013
59091
59103
59106
59109
59110
59113
59117
59140
59186
59189
59211
59214
59227
59230
59233
59237
59238
59257
59268
59269
59279
59283
59285
59287
59291
59315
59316
59364
59369
59381
59383
59387
59392
59397
59400
59402
59411
59414
59422
59424
59426
59431
59432
59449
59475
59492
59497
59521
59539
59541
59544
59564
59590
59603
59609
59610
59620
59622
59630
59649
59654
59673
59682
59692
59699
59702
59705
59706
59711
59714
59716
59720
59726
59736
59740
59744
59752
59754
59758
59770
59779
59794
59802
59805
59806
59808
59810
59813
59821
59851
59876
59885
59894
59895
59897
59898
59912
60010
60042
60125
60134
60257
60270
60287
60288
60291
60297
60302
60303
60310
60330
60337
60366
60367
60370
60389
60490
60502
60519
60522
60607
60611
60697
60742
60859
60861
60864
60865
60885
60940
60945
60949
60951
60953
60980
60993
60995
60997
61003
61004
61025
61054
61062
61098
61100
61113
61117
61121
61138
61140
61151
61157
61165
61172
61174
61192
61212
61214
61217
61224
61249
61259
61307
61328
61330
61334
61339
61341
61351
61353
61365
61417
61576
61577
61578
61580
61584
61587
61607
61633
61634
61702
61710
61722
61758
61900
61941
61943
61956
61991
61998
62028
62039
62040
62043
62055
62104
62125
62141
62142
62144
62195
62204
62218
62224
62225
62226
62259
62261
62346
62465
62481
62496
62505
62537
62540
62547
62576
62586
62588
62589
62638
62644
62661
62667
62687
62696
62697
62698
62712
62722
62793
62875
62878
62938
62939
62945
62972
62977
63009
63012
63027
63030
63085
63088
63089
63090
63092
63094
63095
63098
63100
63102
63104
63105
63107
63108
63109
63111
63113
63114
63115
63117
63119
63120
63123
63124
63126
63128
63130
63133
63136
63139
63141
63146
63147
63148
63149
63150
63151
63152
63153
63157
63161
63162
63165
63169
63170
63171
63173
63176
63180
63182
63184
63188
63206
63207
63231
63239
63263
63265
63266
63270
63271
63272
63275
63278
63279
63281
63283
63285
63287
63289
63291
63293
63295
63296
63298
63299
63302
63304
63306
63318
63340
63343
63369
63372
63378
63403
63408
63413
63427
63443
63444
63446
63448
63456
63476
63477
63478
63482
63491
63516
63517
63519
63522
63523
63524
63527
63528
63530
63532
63534
63535
63549
63587
63599
63609
63611
63666
63668
63670
63671
63672
63673
63676
63677
63679
63680
63681
63683
63686
63687
63688
63727
63729
63731
63733
63735
63736
63738
63740
63745
63822
63823
63825
63827
63828
63830
63833
63835
63836
63838
63839
63842
63844
63846
63848
63851
63855
63856
63862
63863
63865
63866
63867
63869
63871
63872
63873
63907
63911
63912
63914
63915
63918
63919
63927
63931
63962
63964
63966
63967
63969
63973
63988
63990
63995
63996
63998
64000
64001
64002
64014
64016
64062
64064
64065
64066
64067
64068
64069
64070
64071
64072
64096
64099
64141
64142
64206
64267
64281
64412
64415
64417
64420
64422
64424
64496
64497
64498
64499
64500
64501
64502
64503
64504
64505
64520
64613
64701
64756
64777
64789
64961
65175
65532
65541
65570
65671
65690
65691
65692
65693
65694
65695
65697
65700
65702
65703
65705
65706
65728
65729
65730
65731
65741
65778
65840
65842
65860
65862
65866
65902
65995
66009
66017
66166
66274
66275
66277
66278
66286
66334
66366
66400
66420
66421
66434
66443
66566
66579
66615
66637
66638
66640
66641
66643
66644
66647
66648
66719
66723
66758
66760
66761
66779
66784
66799
66803
66812
66870
66876
66883
66962
66982
67141
67181
67217
67450
67465
67471
67473
67474
67490
67495
67504
67506
67508
67510
67512
67514
67515
67517
67654
67768
67772
67778
67796
67800
67801
67811
67819
67825
67876
67908
67992
67993
68000
68007
68012
68022
68034
68062
68067
68068
68078
68085
68094
68095
68096
68097
68101
68102
68103
68108
68110
68115
68116
68183
68184
68185
68186
68187
68321
68473
68476
68477
68522
68523
68524
68525
68538
68547
68579
68589
68597
68613
68614
68628
68657
68665
68695
68756
68783
68784
68796
68809
68812
68828
68844
68855
68856
68869
68872
68932
68968
68970
68974
68975
69025
69027
69105
69108
69114
69118
69124
69264
69280
69300
69334
69376
69384
69385
69434
69446
69447
69473
69475
69495
69502
69503
69504
69510
69512
69594
69672
69673
69698
69700
69701
69702
69703
69704
69708
69711
69714
69719
69727
69729
69730
69768
69770
69771
69773
69776
69777
69779
69781
69783
69785
69809
69811
69813
69814
69818
69819
69821
69822
69824
69825
69832
69879
69881
69883
69885
69887
69889
69890
69893
69894
69896
69897
69906
69950
69952
69953
69956
69957
69960
69962
69971
69972
69977
69978
70021
70022
70023
70024
70025
70028
70124
70132
70134
70178
70234
70235
70237
70239
70245
70254
70296
70307
70325
70326
70349
70365
70474
70477
70556
70562
70575
70580
70623
70626
70631
70636
70738
70741
70742
70743
70771
70772
70807
70836
70855
70858
70866
70889
70890
70891
70899
70940
70958
71074
71078
71084
71239
71417
71422
71431
71434
71437
71440
71443
71471
71474
71509
71537
71562
71563
71580
71610
71630
71722
71738
71846
71995
72021
72126
72505
72508
72815
72870
72974
73107
73327
73368
73402
73407
73439
74395
74664
74979
75318
75483
75488
75868
75913
76020
76043
76046
76178
76183
76221
76228
76249
76259
76385
76444
76448
76449
76451
76453
76454
76456
76460
76462
76463
76541
76542
76543
76589
76607
76615
76655
76664
76666
76669
76670
76698
76713
76750
76779
76780
76849
76858
76933
76936
76953
76977
76991
77002
77005
77006
77017
77049
77052
77064
77067
77156
77168
77175
77207
77211
77217
77230
77233
77235
77257
77258
77265
77266
77274
77354
77372
77383
77411
77414
77416
77430
77431
77434
77453
77467
77496
77499
77501
77521
77544
77553
77558
77577
77578
77590
77592
77607
77616
77626
77673
77680
77709
77722
77725
77738
77746
77761
77770
77777
77817
77848
77891
77899
77922
77924
77939
77947
77959
77975
78013
78023
78126
78132
78133
78172
78196
78205
78216
78254
78264
78285
78342
78345
78379
78395
78400
78403
78421
78433
78442
78461
78465
78466
78467
78468
78493
78494
78500
78504
78515
78558
78563
78580
78589
78604
78615
78617
78627
78640
78642
78713
78719
78741
78751
78754
78775
78777
78797
78798
78811
78812
78835
78846
78874
78884
78888
78919
78934
78937
78960
78962
78966
78967
79000
79007
79014
79066
79094
79097
79118
79128
79134
79137
79232
79304
79381
79389
79408
79431
79439
79472
79476
79484
79503
79508
79527
79530
79535
79541
79545
79546
79547
79553
79559
79600
79601
79602
79614
79629
79632
79637
79641
79655
79658
79661
79690
79705
79719
79722
79749
79755
79783
79788
79806
79816
79825
79833
79856
79861
79872
79877
79895
79901
79902
79909
79928
79935
79975
80004
80011
80018
80030
80032
80037
80061
80070
80080
80091
80095
80108
80117
80126
80129
80132
80135
80138
80141
80147
80184
80226
80234
80239
80245
80250
80263
80275
80291
80301
80308
80336
80360
80389
80461
80464
80467
80480
80483
80486
80489
80497
80521
80528
80537
80559
80562
80593
80621
80630
80640
80645
80665
80669
80686
80756
80757
80761
80855
80890
80931
80976
80977
80998
81013
81036
81054
81064
81069
81071
81110
81157
81159
81193
81229
81234
81236
81287
81293
81294
81339
81340
81341
81344
81349
81350
81354
81355
81356
81357
81360
81361
81362
81363
81367
81370
81373
81377
81379
81382
81402
81451
81456
81457
81460
81474
81481
81482
81483
81490
81494
81496
81502
81508
81514
81515
81516
81517
81562
81747
81749
81753
81754
81755
81762
81763
81774
81839
81840
81842
81843
81844
82074
82081
82115
82116
82133
82137
82142
82152
82164
82236
82252
82871
82872
82873
82901
82929
82930
82932
82945
82949
82954
82955
82982
82987
83009
83010
83011
83012
83013
83014
83015
83016
83017
83018
83019
83020
83021
83022
83023
83024
83028
83033
83038
83043
83047
83076
83119
83127
83129
83135
83152
83208
83225
83226
83228
83236
83238
83239
83241
83243
83245
83247
83249
83265
83266
83267
83275
83384
83385
83401
83409
83438
83461
83477
83538
83540
83542
83544
83546
83548
83550
83582
83597
83600
83602
83603
83694
83697
83717
83718
83720
83721
83723
83724
83726
83727
83729
83730
83731
83733
83734
83736
83737
83779
83783
83798
83799
83801
83802
83804
83805
83807
83808
83907
83909
83918
83920
83922
83923
83924
83957
83970
83975
83976
83979
83980
83982
83983
83988
84049
84055
84056
84060
84133
84140
84150
84152
84156
84157
84190
84192
84194
84196
84237
84244
84246
84255
84257
84268
84269
84274
84281
84288
84299
84350
84380
84420
84421
84478
84507
84508
84525
84526
84571
84572
84574
84575
84592
84593
84624
84625
84628
84629
84630
84631
84633
84634
84663
84664
84665
84666
84669
84670
84672
84673
84675
84676
84678
84679
84692
84693
84694
84769
84772
84773
84840
84848
84849
84877
84904
84913
84914
84923
84924
84926
84927
84933
84934
84982
84988
84991
85012
85013
85014
85015
85018
85030
85033
85050
85052
85058
85059
85067
85071
85146
85147
85152
85154
85156
85159
85164
85165
85166
85167
85172
85180
85181
85182
85192
85193
85194
85199
85204
85207
85212
85217
85227
85264
85270
85271
85274
85275
85321
85323
85330
85332
85336
85338
85361
85386
85387
85388
85448
85449
85451
85452
85454
85455
85457
85458
85485
85495
85508
85509
85510
85554
85555
85561
85562
85565
85566
85584
85587
85626
85640
85674
85676
85689
85694
85695
85772
85773
85774
85775
85776
85777
85778
85784
85803
85806
85807
85816
85890
85898
85901
85960
85963
86051
86052
86053
86054
86058
86102
86103
86112
86117
86249
86280
86328
86377
86385
86423
86435
86437
86511
86553
86588
86601
86630
86656
86788
86812
86813
86814
86816
86818
86825
86921
87033
87055
87056
87067
87068
87069
87075
87078
87080
87090
87092
87122
87123
87137
87183
87184
87186
87187
87190
87198
87199
87224
87225
87226
87263
87264
87265
87268
87269
87272
87280
87281
87283
87284
87285
87288
87310
87312
87333
87334
87353
87355
87356
87361
87364
87371
87372
87373
87376
87380
87381
87382
87383
87384
87385
87390
87391
87396
87400
87405
87410
87442
87532
87533
87536
87539
87541
87542
87547
87549
87561
87592
87602
87603
87604
87619
87632
87635
87646
87649
87650
87661
87662
87663
87664
87668
87669
87677
87680
87699
87701
87702
87703
87704
87705
87707
87709
87716
87723
87724
87726
87730
87737
87738
87814
87819
87822
87826
87837
87844
87845
87857
87859
87861
87862
87866
87871
87875
87877
87900
87905
87907
87917
87918
87937
87939
87943
87944
87947
87949
87993
87994
87995
87996
87997
87998
88002
88003
88004
88005
88012
88013
88027
88047
88054
88055
88064
88071
88078
88082
88083
88105
88108
88131
88132
88133
88134
88135
88167
88176
88177
88181
88184
88187
88188
88189
88190
88194
88203
88204
88205
88206
88210
88216
88220
88247
88251
88272
88287
88289
88292
88293
88294
88301
88302
88303
88309
88320
88333
88339
88357
88383
88384
88385
88393
88401
88407
88408
88413
88436
88437
88442
88443
88444
88445
88490
88491
88492
88514
88515
88521
88522
88523
88548
88549
88551
88552
88554
88556
88561
88562
88563
88569
88574
88575
88592
88594
88595
88596
88597
88599
88612
88614
88615
88616
88618
88647
88648
88649
88678
88711
88728
88729
88735
88736
88739
88765
88828
88860
88947
88997
89002
89138
89149
89215
89364
89413
89428
89475
89482
89535
89538
89588
89593
89653
89660
89663
89790
89856
89867
89872
89917
89925
89926
89984
89991
89994
89995
90017
90076
90103
90107
90108
90116
90119
90121
90138
90148
90154
90155
90156
90157
90160
90176
90185
90188
90191
90217
90219
90220
90233
90240
90243
90248
90251
90253
90256
90257
90258
90259
90281
90282
90283
90284
90316
90324
90333
90335
90341
90343
90457
90490
90495
90519
90550
90551
90553
90555
90557
90617
90671
90677
90683
90684
90716
90742
90777
90786
90787
90797
90798
90852
90862
90863
90864
90865
90866
90878
90879
90881
90882
90885
90887
90889
90893
90897
90899
90903
90904
90905
90938
90942
90943
90944
90945
90946
90947
90948
90959
90960
90961
90962
90966
90970
91009
91012
91027
91028
91031
91249
91425
91674
92253
92271
92272
92698
92699
92714
92715
92716
92719
92740
92741
92746
92747
92748
92751
92794
92797
92821
92822
92897
92899
92900
92908
92911
92920
92921
92922
92925
92927
92931
92952
92953
92960
92961
94044
96152
96155
96230
96235
96270
96272
96273
96312
96319
96365
96406
96423
96482
96489
96518
96521
96522
96527
96545
96548
96549
96550
96553
96616
96618
96625
96627
96630
96631
96663
96665
96667
96669
96670
96697
96703
96876
96924
96932
96936
96940
96950
96968
96991
97027
97046
97052
97092
97126
97374
97426
97461
97588
97594
97622
97640
97709
97772
97773
97774
97782
97796
97869
97870
97876
97883
97884
97907
98041
98082
98099
98101
98103
98105
98107
98166
98238
98239
98251
98275
98276
98293
98294
98330
98331
98332
98334
98335
98337
98339
98340
98341
98342
98345
98347
98355
98359
98397
98421
98444
98508
98523
98526
98528
98626
98636
98637
98651
98654
98655
98674
98738
98747
98748
98749
98750
98751
98761
98766
98771
98774
98780
98785
98796
98824
98841
98842
98843
98844
98845
99005
99007
99008
99011
99016
99017
99020
99024
99032
99039
99047
99052
99059
99066
99073
99085
99086
99249
99284
99367
99371
99480
99514
99530
99533
99536
99544
99557
99562
99569
99575
99599
99602
99672
99745
99747
99782
99784
99787
99915
99942
99949
99965
99995
99998
100002
100006
100083
100085
100086
100091
100092
100095
100099
100103
100112
100117
100123
100134
100154
100155
100186
100192
100193
100194
100195
100196
100202
100203
100230
100231
100272
100273
100274
100275
100276
100279
100293
100297
100348
100354
100360
100361
100363
100366
100367
100372
100380
100381
100386
100394
100395
100396
100403
100404
100409
100410
100464
100492
100493
100507
100508
100527
100544
100570
100572
100573
100597
100638
100644
100689
100691
100693
100695
100697
100699
100702
100705
100720
100726
100727
100728
100729
100730
100769
100813
100814
100828
100832
100835
100839
100844
100861
100877
100878
100879
100880
100881
100915
100963
100967
100981
101013
101022
101023
101046
101055
101064
101065
101066
101067
101068
101108
101150
101152
101154
101156
101158
101160
101161
101162
101163
101164
101170
101200
101209
101216
101347
101382
101467
101500
101615
101654
101678
101695
101730
101759
101768
101794
101862
102002
102008
102251
102293
102297
102299
102339
102344
102429
102438
102469
102491
102492
102576
102586
102589
102592
102595
102621
102647
102657
102665
102670
102671
102679
102783
103223
103260
103386
103389
103392
103446
103447
103518
103541
103546
103552
103567
103582
103590
103735
103745
103802
103806
103887
103891
103943
103945
103948
103961
104000
104001
104026
104045
104046
104081
104082
104084
104095
104096
104097
104100
104139
104140
104141
104142
104143
104156
104349
104350
104351
104352
104353
104354
104375
104377
104378
104379
104382
104383
104391
104395
104400
104404
104408
104412
104491
104522
104523
104573
104596
104604
104666
104699
104723
104724
104725
104728
104729
104731
104734
104736
104837
104838
104839
105006
105007
105031
105037
105057
105058
105060
105061
105063
105064
105065
105066
105067
105070
105071
105073
105074
105076
105079
105081
105136
105146
105245
105249
105254
105265
105270
105297
105298
105306
105315
105319
105322
105324
105332
105380
105382
105384
105405
105407
105408
105416
105418
105433
105434
105435
105437
105439
105441
105451
105455
105510
105511
105538
105539
105541
105555
105576
105582
105646
105652
105657
105659
105676
105679
105921
105955
106027
106029
106059
106066
106264
106265
106268
106269
106270
106271
106272
106273
106277
106278
106330
106331
106334
106335
106336
106337
106339
106340
106342
106343
106472
106478
106502
106507
106508
106509
106510
106511
106513
106514
106516
106517
106519
106520
106522
106523
106545
106547
106551
106553
106561
106569
106570
106572
106590
106591
106592
106594
106621
106624
106632
106645
106655
106658
106687
106725
106727
106778
106780
106782
106794
106863
106865
106874
106881
106883
106896
106947
106955
106958
106976
106979
106983
106992
106998
107035
107041
107051
107052
107065
107077
107098
107120
107143
107152
107154
107163
107169
107176
107186
107198
107203
107206
107207
107230
107233
107240
107257
107263
107269
107275
107283
107286
107289
107292
107323
107336
107340
107341
107346
107355
107356
107357
107368
107371
107372
107373
107377
107378
107383
107388
107389
107398
107410
107411
107416
107421
107427
107432
107437
107438
107439
107445
107446
107447
107453
107454
107455
107465
107469
107472
107473
107474
107483
107497
107516
107519
107520
107522
107544
107555
107558
107561
107563
107573
107574
107583
107592
107594
107597
107602
107609
107610
107613
107618
107630
107643
107659
107660
107661
107662
107667
107680
107684
107686
107689
107690
107721
107726
107728
107729
107734
107743
107756
107762
107778
107789
107790
107793
107799
107808
107809
107811
107819
107821
107822
107823
107824
107839
107840
107841
107843
107856
107867
107868
107874
107875
107884
107896
107899
107900
107911
107917
107919
107920
108007
108033
108036
108048
108050
108053
108058
108065
108068
108070
108075
108080
108090
108100
108104
108111
108117
108121
108124
108138
108145
108148
108157
108160
108162
108173
108189
108195
108200
108208
108218
108252
108264
108288
108305
108320
108330
108331
108366
108376
108379
108386
108387
108397
108410
108415
108421
108426
108447
108448
108449
108450
108451
108458
108476
108485
108491
108497
108503
108506
108509
108513
108516
108519
108522
108527
108533
108535
108536
108541
108542
108546
108554
108567
108578
108579
108581
108586
108597
108598
108630
108646
108651
108654
108655
108662
108666
108672
108693
108696
108697
108704
108706
108707
108712
108713
108714
108730
108736
108741
108749
108754
108772
108776
108793
108796
108798
108806
108812
108823
108829
108839
108840
108854
108864
108867
108871
108879
108880
108885
108891
108896
108901
108908
108924
108925
108926
108935
108947
108963
108968
108973
108985
109005
109013
109019
109020
109021
109031
109034
109048
109049
109050
109070
109079
109082
109118
109143
109164
109172
109178
109250
109269
109302
109308
109318
109331
109337
109340
109380
109386
109392
109409
109414
109415
109416
109438
109443
109447
109456
109521
109535
109541
109561
109581
109606
109612
109628
109629
109630
109640
109642
109645
109647
109652
109675
109685
109692
109693
109699
109707
109721
109772
109776
109782
109783
109805
109806
109807
109809
109812
109813
109814
109816
109854
109873
109897
109910
110008
110014
110016
110027
110032
110041
110052
110076
110079
110088
110094
110101
110102
110114
110117
110157
110167
110170
110179
110197
110237
110266
110269
110312
110313
110315
110320
110324
110326
110331
110335
110337
110341
110357
110376
110379
110397
110398
110399
110413
110430
110436
110439
110442
110447
110448
110451
110452
110453
110454
110455
110456
110460
110464
110468
110472
110490
110532
110541
110544
110545
110573
110575
110581
110588
110594
110596
110602
110637
110641
110642
110683
110688
110692
110693
110695
110702
110710
110712
110713
110723
110735
110780
110782
110783
110874
110875
110877
110880
110991
111000
111001
111327
111396
111426
111427
111429
111431
111432
111435
111438
111442
111484
111499
111500
111546
111547
111548
111549
111550
111551
111552
111557
111570
111571
111593
111594
111607
111650
111652
111654
111693
111719
111723
111724
111775
111802
111803
111806
111809
111812
111815
111817
111818
111819
111820
111821
111822
111823
111827
111828
111832
111834
111840
111844
111873
111876
111883
111884
111941
111942
111943
111946
111949
111959
111960
111961
111980
111981
111982
111985
111989
111991
111993
111994
111995
111996
111997
111998
112000
112006
112010
112011
112019
112020
112021
112025
112075
112083
112084
112085
112086
112123
112124
112125
112128
112130
112164
112166
112180
112181
112205
112206
112214
112250
112270
112271
112277
112278
112293
112313
112314
112322
112349
112350
112353
112358
112378
112381
112387
112388
112390
112404
112405
112438
112439
112440
112526
112530
112534
112535
112564
112573
112583
112586
112591
112593
112595
112602
112603
112758
112792
112793
112794
112795
112796
112797
112802
112806
112808
112809
112831
112835
112838
112841
112842
112866
112867
112891
112901
112910
112916
112917
112920
112921
112922
112928
112933
112946
112947
112973
113001
113023
113027
113032
113033
113039
113064
113066
113067
113068
113175
113299
113300
113301
113302
113305
113307
113308
113309
113312
113313
113337
113338
113351
113360
113363
113369
113371
113376
113377
113398
113400
113402
113403
113406
113408
113422
113423
113433
113434
113457
113459
113462
113463
113576
113578
113585
113600
113603
113778
113893
113896
113916
113917
113929
114110
114124
114311
114313
114320
114327
114330
114340
114345
114455
114456
114567
114594
116601
116609
116619
116643
116651
116658
116678
116704
116709
116854
117031
117056
117075
117175
117191
117192
117193
117200
117253
117263
117326
117386
117441
117466
117467
117509
117515
117533
117534
117545
117617
117618
117619
117620
117621
117634
117641
117676
117677
117678
117679
117681
117684
117687
117691
117700
117874
117899
117937
117974
117994
118066
118076
118334
118346
118460
118483
118507
118514
118650
118721
118723
118729
118731
118758
118796
118798
118800
118801
118803
118810
118812
118822
118828
118831
118842
118844
118915
118959
119055
119067
119071
119079
119081
119090
119103
119187
119412
119434
119440
119441
119442
119461
119477
119484
119486
119491
119504
119506
119507
119526
119545
119562
119563
119566
119571
119581
119606
119612
119634
119636
119647
119657
119683
119695
119705
119714
119734
119750
119758
119768
119775
119786
119788
119802
119830
119841
119941
119946
119982
120088
120123
120126
120140
120151
120154
120158
120182
120213
120340
120350
120385
120386
120398
120403
120414
120420
120434
120508
120522
120524
120529
120569
120570
120593
120606
120607
120619
120621
120762
120765
120776
120786
120792
120807
120832
120845
120851
120948
121025
121040
121058
121061
121062
121064
121066
121071
121076
121087
121095
121124
121200
121203
121206
121208
121210
121211
121214
121257
121269
121337
121347
121348
121421
121422
121426
121427
121473
121478
121479
121538
121539
121564
121571
121586
121604
121780
121803
121807
121852
121855
121958
121959
121961
121966
121973
121988
121994
122018
122019
122029
122030
122032
122033
122034
122035
122042
122044
122046
122047
122048
122050
122053
122059
122064
122097
122145
122158
122159
122161
122162
122229
122240
122243
122297
122460
122561
122629
122630
122636
122722
122736
122755
122772
123051
123100
123103
123109
123190
123206
123343
123393
123400
123401
123419
123423
123556
123567
123570
123575
123583
123651
123752
123758
123759
123767
123786
123800
123956
124017
124020
124153
124167
124187
124332
124334
124336
124337
124471
124500
124567
124574
124619
124649
124650
124652
124693
124694
124699
124700
124703
124712
124713
124720
124727
124730
124731
124738
124746
124752
124764
124766
124800
124833
124834
124835
124837
124842
124843
124879
124913
124928
125034
125085
125086
125107
125109
125375
125376
125377
125378
125379
125380
125386
125389
125397
125401
125404
125415
126610
126617
126872
126875
126883
126884
126887
126892
126920
126926
127046
127218
127235
127252
127258
127261
127263
127271
127286
127414
127558
127581
127613
127616
127634
127637
127657
127662
127674
127681
127684
127689
127695
127707
127712
127960
127976
128114
128115
128116
128117
128118
128182
128187
128193
128196
128201
128286
128300
128325
128334
128459
128462
128470
128471
128481
128492
128500
128514
128826
128831
128839
128859
128860
128862
128869
128881
128883
128885
128890
128909
128954
128955
128965
128971
129067
129071
129101
129146
129194
129200
129234
129237
129240
129243
129313
129318
129344
129357
129360
129411
129412
129415
129422
129435
129443
129500
129545
129612
129627
129645
129716
129732
129782
129787
129788
129789
129877
129878
129882
129885
129888
129891
129894
129897
129942
129985
129986
130010
130013
130042
130047
130064
130065
130066
130096
130154
130157
130158
130167
130171
130193
130194
130204
130226
130227
130240
130243
130261
130265
130276
130319
130326
130506
130593
130619
130620
130627
130628
130629
130660
130673
130677
130697
130705
130712
130767
130823
130831
130848
130851
130871
130875
130924
130929
130941
130942
130943
130949
130958
130972
130999
131074
131079
131182
131183
131184
131185
131187
131188
131213
131220
131229
131243
131359
131377
131455
131468
131492
131504
131517
131597
131636
131643
131663
131693
131702
131715
131733
131742
131799
131890
131893
131928
131945
131946
131956
131982
132019
132029
132030
132053
132114
132124
132127
132183
132236
132243
132288
132292
132319
132430
132431
132479
132487
132590
132911
133186
133201
133263
133276
133291
133337
133421
133427
133436
133457
133470
133482
133494
133495
133502
133503
133538
133568
133615
133621
133624
133628
133631
133646
133665
133667
133684
133700
133703
133746
133778
133815
133831
133836
133847
133850
133853
133856
133872
133881
133890
133910
133942
133949
133954
134065
134069
134074
134075
134083
134085
134114
134117
134151
134176
134194
134197
134214
134224
134227
134259
134440
134441
134738
134741
134742
134745
134749
134772
134792
134794
134795
134807
134811
134903
134904
134908
134952
134980
134985
134988
134989
134990
134991
134992
134994
134995
134996
134997
134998
134999
135004
135010
135015
135029
135036
135586
135611
135619
135671
135679
135691
135703
135706
135748
135753
135836
135839
135840
135841
135842
135843
135877
135881
135886
135891
135897
135901
136323
136348
136381
136382
136390
136391
136392
136397
136429
136468
136688
136689
136690
136691
136692
136693
136694
136695
136696
136697
136698
136699
136700
136701
136702
136703
136704
136769
136773
136777
136780
136782
136784
136786
136788
136797
136805
136809
136813
136816
136819
136822
136830
136831
137258
137259
137260
137261
137262
137263
137264
137308
137456
137481
137482
137519
137522
137523
137546
137551
137552
137578
137582
137594
137598
137606
137611
137614
137622
137634
137635
137636
137676
137680
137684
137869
137954
137955
137972
137976
138078
138122
138284
138334
138338
138339
138340
138341
138388
138389
138398
138406
138412
138420
138422
138436
138437
138440
138458
138460
138464
138465
138476
138482
138492
138496
138557
138585
138610
138611
138612
138613
138614
138620
138780
138783
138784
138791
138792
138793
138804
138807
138810
138811
138816
138840
138842
138854
138942
138994
139004
139029
139080
139125
139139
139351
139352
139364
139368
139529
139530
139531
139534
139541
139546
139865
139873
139880
139945
139995
139996
139997
139998
140001
140003
140005
140006
140031
140036
140043
140050
140065
140066
140067
140070
140087
140094
140110
140115
140116
140117
140118
140120
140180
140189
140198
140207
140217
140228
140720
140808
140809
140810
140811
140812
140813
140814
140815
140816
140817
140820
140821
140822
140825
140826
140827
140828
140829
140830
140831
140832
140833
140835
140840
140845
140848
140857
140862
140866
140869
140872
140877
140882
140884
140888
140889
140891
140898
140904
140965
141002
141005
141006
141032
141060
141075
141080
141136
141178
141180
141206
141207
141208
141209
141210
141211
141212
141217
141218
141220
141222
141225
141236
141238
141248
141379
141385
141386
141414
141423
141425
141434
141436
141438
141439
141440
141441
141442
141467
141475
141476
141478
141500
141508
141716
141726
141873
141943
141948
141969
141971
141989
141999
142001
142004
142051
142052
142054
142056
142080
142106
142107
142128
142154
142155
142157
142158
142159
142160
142172
142323
142329
142336
142339
142340
142343
142345
142349
142385
142451
142533
142554
142670
142706
142713
142714
142717
142719
142723
142725
142828
142831
142834
142837
142883
142884
142975
142976
142977
142994
143201
143319
143323
143324
143333
143350
143379
143382
143387
143391
143411
143412
143457
143458
143459
143464
143465
143468
143475
143480
143485
143492
143495
143500
143544
143545
143546
143547
143550
143551
143552
143553
143556
143557
143559
143560
143562
143563
143581
143582
143584
143585
143587
143588
143590
143591
143630
143659
143692
143693
143751
143752
143753
143757
143759
143760
143766
143777
143816
143822
143827
143829
143863
143896
143902
143949
144057
144087
144095
144156
144558
144701
144736
144738
144745
144750
144783
144964
145186
145195
145219
145248
145252
145287
145411
145413
145482
145503
145546
145637
145645
145868
145918
145925
145932
145946
145947
145995
146025
146026
146033
146186
146209
146211
146223
146255
146284
146331
146335
146885
146913
146920
146927
146939
147754
147762
147763
147764
147765
147766
147767
147768
147769
147770
147771
147772
147773
147774
147775
147804
147805
147808
147809
147810
147811
147826
147828
147890
147900
147916
148007
148008
148010
148011
148015
148018
148029
148034
148038
148039
148040
148044
148045
148046
148050
148051
148053
148054
148076
148094
148099
148102
148107
148214
148215
148216
148248
148278
148427
148428
148469
148479
148904
148905
148935
148937
149079
149109
149132
149133
149134
149135
149136
149137
149162
149168
149172
149174
149177
149184
149208
149209
149210
149211
149275
149280
149282
149287
149936
149938
149939
149940
149941
149942
149945
149946
149951
149969
149971
149972
149973
149974
149976
149978
149979
149984
149997
149998
149999
150056
150057
150150
150157
150162
150167
150177
150228
150280
150281
150293
150294
150295
150303
150308
150310
150314
150352
150353
150360
150369
150422
150438
150446
150448
150470
150474
150475
150504
150506
150510
150513
150517
150521
150525
150574
150581
150584
150587
150588
150589
150590
150591
150592
150593
150594
150595
150596
150598
150604
150608
150612
150616
150833
150848
150854
150857
150865
150866
150867
150870
150894
150898
150912
150913
150917
150922
150929
150931
150969
150970
150973
150975
150983
151009
151012
151017
151064
151066
151085
151087
151089
151140
151335
151336
151337
151339
151340
151341
151357
151371
151372
151375
151415
151458
151558
151561
151563
151615
151616
151646
151648
151657
151662
151671
151746
151749
151765
151766
151768
151769
151797
151841
151851
151875
151902
152380
152381
152382
152383
152385
152386
152387
152531
152532
152533
153157
153161
153207
153232
153325
153354
153402
153536
153537
153540
153543
153581
153582
153620
153623
153624
153777
153823
153948
154472
154691
154798
154841
154952
155087
155088
155105
155114
155124
155307
155314
155660
155666
155675
155688
155702
155717
155727
155738
155753
155766
155771
155772
155780
155783
155883
155887
155892
155917
156199
156203
156210
156211
156213
156227
156246
156296
156298
156300
156302
156304
156307
156309
156310
156313
156333
156343
156428
156429
156430
156442
156446
156448
156450
156452
156457
156459
156462
156468
156470
156471
156474
156476
156477
156478
156479
156480
156481
156482
156483
156484
156485
156487
156501
156506
156507
156508
156533
156540
156630
156657
156660
156679
156681
156717
156718
156725
156748
156752
156815
156817
156818
156819
156836
156841
156848
156849
156850
156853
156856
156881
156882
156883
156884
156885
156886
156887
156891
156893
156897
156899
156905
156994
157009
157011
157012
157020
157027
157028
157038
157044
157045
157046
157067
157085
157086
157092
157097
157126
157127
157128
157129
157130
157133
157150
157164
157169
157170
157179
157180
157217
157286
157287
157288
157293
157296
157297
157313
157314
157318
157320
157324
157327
157330
157372
157376
157402
157404
157407
157412
157414
157416
157424
157428
157430
157434
157438
157441
157510
157511
157516
157519
157520
157521
157531
157611
157633
157641
157676
157678
157679
157681
157685
157688
157693
157694
157697
157701
157732
157736
157745
157748
157759
157787
157788
157805
157808
157809
157810
157831
157877
157879
157881
157883
157885
157887
157928
157931
157936
157977
157978
157980
157984
157987
157990
157993
158039
158044
158047
158055
158067
158101
158105
158130
158131
158138
158140
158142
158171
158193
158212
158216
158258
158421
158463
158506
158511
158666
158668
158679
158686
158692
158699
158701
158715
158722
158724
158736
159170
159221
159354
159725
159736
159765
160114
160115
160116
160157
160170
160220
160237
160244
160246
160253
160392
160395
160482
160504
160509
160550
160554
160555
160568
160617
160621
160624
160625
160669
160687
160688
160705
160713
160724
160822
160829
160927
160932
160940
160942
160948
160963
160987
161023
161082
161112
161128
161131
161144
161151
161171
161197
161452
161455
161457
161589
161670
161671
161673
161685
161764
161878
161977
161984
161985
161986
161988
162015
162048
162053
162056
162064
162172
162173
162182
162200
162201
162212
162231
162241
162257
162261
162262
162263
162264
162267
162293
162301
162307
162319
162332
162339
162358
162366
162374
162519
162563
162611
162675
162687
162711
162715
162719
162732
162737
162748
162769
162969
163112
163139
163255
163281
163290
163334
163409
163438
163449
163457
163462
163489
163518
163883
163884
163885
163886
164025
164057
164099
164181
164184
164256
164264
164441
164448
164453
164458
164465
164470
164473
164477
164486
164558
164568
164582
164599
164646
164664
164666
164679
164685
164701
164722
164723
164725
164726
164739
164746
164770
164779
164787
164792
164798
164804
164805
164829
164834
164835
164836
164845
164848
164850
164864
164871
164878
164889
164928
164930
164970
164986
165016
165036
165058
165065
165099
165146
165154
165173
165182
165190
165198
165258
165266
165273
165283
165284
165292
165298
165299
165300
165301
165303
165311
165322
165350
165353
165356
165373
165395
165407
165419
165426
165433
165436
165471
165472
165507
165556
165567
165676
165682
165706
165714
165718
165766
165767
165777
165844
165850
165878
165881
165907
165920
166016
166018
166045
166046
166073
166074
166077
166078
166079
166083
166084
166085
166086
166088
166089
166090
166094
166095
166096
166098
166099
166101
166102
166104
166105
166106
166107
166109
166111
166113
166114
166115
166116
166187
166213
166223
166227
166231
166235
166249
166263
166282
166283
166285
166288
166290
166291
166292
166295
166297
166298
166300
166301
166303
166305
166306
166308
166310
166315
166331
166334
166434
166492
166494
166617
166618
166679
166701
166702
166703
166767
166768
166771
166782
166783
166874
166879
166900
166902
166983
166984
166985
166986
166987
166988
166989
167009
167016
167017
167018
167019
167020
167021
167022
167023
167028
167037
167044
167056
167065
167080
167081
167082
167085
167086
167094
167102
167103
167104
167105
167112
167119
167144
167145
167178
167187
167211
167320
167330
167451
167455
167518
167533
167535
167536
167541
167545
167546
167547
167550
167551
167552
167555
167581
167582
167583
167584
167594
167595
167596
167623
167625
167908
167920
167940
168046
168047
168243
168244
168245
168246
168247
168248
168249
168250
168251
168252
168253
168254
168259
168270
168271
168273
168276
168280
168281
168283
168290
168294
168296
168297
168298
168302
168306
168311
168316
168321
168326
168350
168351
168352
168353
168354
168355
168356
168357
168358
168359
168361
168368
168371
168375
168380
168386
168392
168394
168404
168410
168424
168434
168441
168449
168464
168465
168470
168490
168492
168493
168498
168502
168506
168721
168722
168732
168733
168734
168741
168764
168766
168806
168807
168812
168819
168879
168896
168977
168981
168982
168983
168984
168985
168986
168987
168988
168989
168990
168991
168992
169011
169012
169013
169014
169015
169016
169017
169018
169019
169020
169021
169038
169043
169050
169060
169070
169074
169082
169087
169092
169109
169119
169206
169211
169212
169213
169214
169219
169220
169221
169222
169227
169232
169237
169242
169246
169254
169261
169272
169277
169284
169418
169419
169420
169421
169422
169423
169424
169428
169437
169442
169443
169446
169447
169452
169453
169459
169469
169470
169471
169472
169474
169489
169571
169572
169574
169588
169589
169608
169612
169640
169665
169681
169684
169701
169709
169710
169712
169713
169753
169763
169851
169861
169933
169934
170019
170021
170022
170136
170191
172081
172841
172842
172844
172845
172914
173002
173003
173006
173008
173009
173015
173143
173220
173222
173223
173224
173240
174022
174463
174472
174476
174547
174564
174565
174576
174612
174631
174635
174715
174720
174721
174722
174731
174746
174750
174759
174762
174780
174807
174830
174832
174833
174834
174835
174839
174840
174841
174842
174847
174850
174876
174884
174910
174921
174923
174938
174939
174940
174941
174954
174958
174960
174964
174995
175025
175026
175029
175030
175120
175121
175122
175123
175124
175125
175126
175127
175128
175129
175130
175131
175140
175142
175145
175150
175156
175158
175163
175167
175175
175189
175190
175287
175306
175310
175346
175353
175364
175487
175574
175640
175641
175642
175643
175644
175646
175647
175648
175650
175652
175654
175661
175662
175663
175664
175665
175666
175667
175668
175704
175713
175714
175715
175716
175719
175721
175722
175723
175725
175730
175758
175763
175770
175775
175788
175789
175855
175856
175857
175858
175859
175860
175861
175862
175863
175865
175866
175867
175868
175869
175874
175882
175893
175894
175895
175896
175903
175910
175921
175926
175934
175940
175945
175949
176001
176002
176003
176006
176017
176020
176033
176034
176038
176051
176055
176067
176069
176070
176073
176088
176093
176255
176307
176360
176361
176364
176376
176382
176383
176384
176387
176464
176465
176488
176494
176497
176504
176508
176509
176517
176538
176567
176583
176667
176670
176673
176674
176675
176681
176683
176688
176689
176690
176693
176699
176706
176719
176724
176884
176920
176921
176923
176930
176932
176934
176938
176939
177004
177074
177102
177280
177282
177297
177312
177326
177336
177349
177358
177376
177726
177727
177728
177729
177732
177735
177742
177743
177753
177759
177802
177807
177808
177812
177815
177855
177856
177878
177879
177892
177893
177894
177895
177901
177991
177992
178025
178026
178027
178028
178029
178035
178040
178049
178070
178075
178080
178085
178107
178109
178111
178155
178160
178166
178199
178379
178380
178381
178382
178383
178384
178387
178393
178399
178405
178413
178420
178424
178494
178546
178561
178562
178563
178576
178585
178592
178647
178648
178651
178663
178671
178693
178694
178708
178709
178712
178717
178720
178744
178751
178767
178768
178769
178801
178803
178804
178805
178809
178810
178811
178812
178813
178814
178815
178816
178821
178827
178830
178842
178851
178857
178862
178868
178873
178881
178886
178890
178994
179157
179158
179176
179182
179259
179282
179414
179415
179442
179443
179444
179447
179466
179472
179477
179486
179517
179518
179533
179566
179570
179583
179589
179590
179598
179626
179629
179631
179632
179634
179704
179705
179706
179707
179708
179721
179739
179744
179759
179760
179781
179782
179795
179806
179814
179815
179838
179843
179910
179911
179913
179914
180023
180066
180071
180072
180073
180081
180086
180098
180101
180102
180110
180118
180127
180131
180150
180458
180463
180464
180466
180474
180482
180488
180494
180515
180517
180518
180519
180520
180521
180522
180523
180525
180541
180547
180553
180554
180555
180559
180564
180570
180584
180591
180597
180609
180621
180660
180661
180666
180677
180745
180747
180780
180781
180809
180810
180856
180862
180918
180921
180935
180936
180940
180945
180952
180957
180972
180973
181019
181031
181082
181083
181084
181085
181086
181087
181088
181089
181096
181101
181107
181112
181118
181124
181130
181137
181171
181174
181184
181185
181212
181214
181215
181216
181217
181218
181219
181221
181224
181229
181243
181244
181245
181253
181257
181268
181271
181297
181298
181305
181306
181315
181317
181318
181319
181321
181322
181324
181333
181340
181342
181359
181368
181369
181382
181432
181455
181456
181467
181470
181476
181490
181571
181578
181581
181627
181628
181635
181636
181651
181655
181656
181657
181662
181664
181670
181714
181730
181731
181732
181735
181761
181876
181877
181880
181896
181902
181910
181919
181946
181947
181951
181957
182026
182031
182035
182085
182114
182115
182116
182117
182132
182133
182138
182184
182185
182186
182187
182190
182191
182198
182217
182285
182287
182296
182298
182318
182321
182336
182337
182347
182352
182353
182354
182355
182356
182357
182370
182385
182386
182389
182400
182448
182449
182450
182502
182523
182524
182525
182535
182664
182738
182784
182797
182884
182896
182897
182898
182903
182904
182907
182913
182992
183002
183009
183045
183046
183062
183065
183068
183072
183076
183080
183084
183088
183091
183092
183093
183094
183095
183096
183099
183102
183107
183108
183116
183140
183141
183142
183144
183162
183163
183164
183205
183226
183227
183228
183232
183344
183365
183366
183367
183394
183405
183444
183445
183462
183465
183472
183473
183488
183501
183502
183503
183505
183516
183517
183518
183532
183620
183642
183653
183654
183655
183715
183740
183741
183742
183746
183758
183770
183968
183969
183986
183989
183993
184011
184012
184019
184030
184031
184032
184055
184065
184066
184067
184122
184131
184160
184161
184162
184225
184265
184274
184277
184284
184285
184286
184311
184331
184376
184420
184421
184436
184439
184458
184459
184462
184476
184477
184478
184484
184498
184499
184500
184556
184562
184565
184616
184617
184618
184669
184681
184706
184734
184735
184736
184744
184754
184755
184758
184761
184762
184766
184768
184771
184774
184776
184778
184779
184780
184781
184782
184783
184784
184785
184786
184787
184788
184903
184920
184922
184924
184925
184926
184931
184933
184934
184935
184940
184942
184943
184944
184949
184951
184952
184953
184957
184965
184967
184970
184972
184973
184976
184978
184980
184983
184985
184987
184989
184991
184992
184993
184994
184995
184996
184997
184998
184999
185000
185003
185004
185005
185006
185007
185008
185009
185010
185011
185012
185013
185028
185080
185081
185107
185109
185144
185145
185160
185167
185168
185169
185175
185190
185191
185192
185208
185209
185210
185211
185212
185213
185214
185215
185216
185217
185218
185234
185261
185270
185272
185273
185276
185279
185291
185292
185300
185317
185318
185319
185323
185333
185336
185350
185351
185352
185353
185363
185364
185367
185368
185371
185374
185377
185380
185381
185382
185383
185384
185386
185388
185389
185390
185397
185400
185403
185404
185407
185410
185412
185414
185416
185419
185421
185423
185425
185426
185427
185428
185431
185432
185433
185434
185435
185436
185437
185438
185439
185440
185441
185442
185443
185444
185445
185446
185447
185448
185451
185525
185539
185540
185541
185556
185559
185565
185566
185568
185573
185577
185593
185594
185595
185598
185602
185603
185606
185631
185684
185685
185687
185716
185718
185721
185725
185729
185730
185755
185756
185761
185766
185782
185808
185809
185891
186030
186031
186032
186033
186038
186043
186046
186049
186175
186176
186283
186285
186394
186402
186409
186411
186427
186447
186461
186462
186463
186501
186504
186505
186671
186672
186673
186674
186677
186681
186713
186833
186838
186839
186840
186841
186843
186856
186864
186870
186871
186872
186873
186878
186883
186900
186904
186925
186928
186929
186930
186933
186938
186954
187513
187514
187515
187573
187574
187589
187591
187624
187634
188234
188236
188240
188241
188243
188265
188390
188405
188415
188426
188434
188439
188451
188767
188768
188783
188785
188853
188873
188904
188906
189060
189152
189167
189168
189180
189181
189183
189186
189191
189196
189197
189242
189255
189256
189287
189288
189569
189632
189778
189779
189780
189804
189808
189809
189822
189875
189901
189911
189946
189948
190064
190066
190152
190167
190168
190169
190210
190224
190276
190277
190285
190288
190310
190311
190324
190333
190334
190335
190345
190366
190367
190368
190430
190447
190448
190449
190493
190506
190507
190508
190514
190532
190555
190556
190578
190585
190601
190602
190611
190624
190625
190626
190627
190634
190636
190650
190651
190652
190745
190759
190760
190761
190801
190826
190827
190828
190842
190843
190850
190853
190866
190874
190911
190912
190915
190917
190939
190940
190963
190977
190984
190985
190999
191047
191048
191049
191063
191096
191097
191098
191150
191151
191192
191193
191209
191211
191234
191239
191240
191242
191243
191244
191245
191312
191329
191357
191358
191359
191377
191398
191410
191459
191460
191482
191500
191501
191502
191504
191505
191506
191524
191541
191542
191547
191548
191557
191558
191578
191579
191580
191658
191666
191667
191694
191695
191696
191697
191751
191752
191753
191754
191757
191758
192117
192119
192122
192127
192132
192133
192389
192669
192670
192744
192745
192863
192864
192875
192876
192878
192879
192881
192955
192956
192963
192964
192967
192968
193047
193250
193251
193480
193481
193482
193486
193742
193748
193958
194047
194121
194133
194249
194250
194310
194316
194427
194428
194504
194512
194513
194566
194567
194573
194600
194622
194678
194748
194764
194765
194798
194839
194886
194914
194961
195004
195005
195012
195115
195165
195166
195167
195178
195182
195183
195214
195290
195319
195735
195736
195737
195738
195739
195740
195741
195742
195744
195762
196058
196060
196172
196183
196294
196310
196421
196481
196584
196943
197059
197316
197464
197466
197877
197880
197887
197888
198114
198325
198327
198402
198405
198408
198418
198508
198524
198534
199065
199076
199187
199647
199792
199865
199886
199894
199896
199897
199898
199899
199900
199901
199902
199903
199904
199905
199906
199907
199908
199909
199910
199911
199912
199913
199914
199915
199916
199917
199918
199919
199920
199921
199922
199923
199924
199925
199926
199927
199928
199929
199930
199931
