75
87
88
271
272
380
381
553
554
569
571
701
702
703
742
743
768
769
775
776
869
870
872
901
902
922
923
1235
1236
1252
1506
1507
1521
1522
1557
1558
1560
1561
1562
1563
1564
1565
1566
1567
1568
1569
1570
1571
1572
1573
1588
1589
1597
1632
1633
1651
1652
1687
1697
1698
1793
1794
1808
1843
1844
1872
1873
1875
1876
1877
1878
1879
1880
1888
1889
1893
1937
1938
1982
1983
1989
2055
2066
2067
2086
2091
2093
2107
2231
2232
2238
2239
2323
2671
2672
2954
2955
2981
3089
3090
3541
3542
3550
3551
3553
4569
4570
4823
4824
4825
4827
5904
5905
7032
7033
7043
9705
9706
9707
9713
9714
9715
9716
9737
9738
9744
9745
9753
9754
9755
9769
9770
9777
9778
9829
9830
10085
10149
10182
10193
10210
10214
10215
10216
10217
10218
10219
10220
10221
10222
10223
10224
10225
10317
10318
10329
10341
10372
10383
10384
10396
10399
10400
10401
10403
10407
10408
10410
10412
10424
10426
10428
10430
10433
10435
10438
10440
10442
10443
10444
10445
10446
10447
10448
10471
10484
10486
10488
10489
10490
10495
10497
10498
10499
10506
10508
10509
10514
10517
10518
10520
10529
10532
10533
10537
10539
10540
10541
10552
10553
10554
10555
10556
10557
10558
10559
10560
10561
10562
10563
10564
10565
10566
10587
10589
10590
10592
10593
10596
10598
10601
10602
10605
10607
10608
10611
10612
10613
10614
10615
10616
10617
10618
10619
10620
10621
10622
10623
10624
10625
10626
10627
10628
10629
10630
10631
10670
10673
10709
10725
10731
10739
10742
10754
10755
10778
10819
10823
10824
10844
10871
11209
11211
11255
11285
11290
11293
11463
11466
11480
11486
11488
11490
11523
11538
11569
11586
11587
11588
11589
11623
11630
11632
11656
11657
11659
11662
11663
11666
11667
11676
11726
11729
11733
11734
11735
11741
11786
11787
11791
11816
11817
11848
11887
11898
11949
11951
11996
11998
12001
12005
12008
12010
12011
12013
12016
12017
12020
12043
12072
12075
12106
12127
12128
12132
12290
12312
12348
12352
12353
12360
12363
12367
12383
12518
12526
12528
12530
12531
12532
12536
12537
12539
12876
12877
12878
12902
12905
12939
13182
13531
13592
13609
13618
13998
14854
14856
16970
19863
19906
19919
19935
20068
20076
20259
20264
20268
20271
20277
20295
20296
20303
20319
20545
20578
20582
20615
20621
20634
20637
20644
20650
20651
20665
20666
20672
20677
20686
20687
20696
20697
20705
20736
20744
20748
20761
20771
20775
20780
20787
20789
20792
20794
20797
20799
20801
20804
20805
20806
20807
20808
20809
20810
20811
20819
20821
20824
20825
20827
20829
20831
20834
20836
20838
20840
20841
20843
20844
20845
20846
20847
20848
20849
20850
20851
20852
20853
20854
20855
20856
20857
20858
20859
20860
20861
20862
20863
20868
20900
20902
20905
20906
20911
20933
20940
20945
20946
20961
20975
20985
20988
20989
20999
21002
21004
21006
21035
21040
21045
21046
21049
21051
21052
21053
21054
21061
21076
21078
21090
21092
21094
21095
21099
21104
21107
21108
21109
21110
21111
21112
21126
21127
21150
21152
21155
21157
21159
21160
21164
21166
21168
21171
21173
21175
21176
21177
21178
21179
21189
21201
21202
21203
21204
21205
21206
21207
21208
21209
21210
21211
21212
21213
21214
21215
21216
21217
21272
21303
21478
21483
21486
21496
21624
21625
21626
21627
21628
21629
21630
21631
21632
21633
21634
21635
21636
21637
21690
21691
21757
21767
21937
21959
23720
23806
23918
24104
24482
24878
24880
25050
25068
25069
25070
25142
25154
25155
25157
25160
25167
25169
25187
25214
25215
25216
25218
25223
25226
25236
25252
25262
25274
25275
25281
25348
25359
25360
25371
25372
25387
25388
25400
25401
25410
25411
25412
25439
25522
25523
25527
25528
25543
25544
25553
25554
25569
25570
25621
25622
25659
25660
25674
25675
25687
25688
25703
25704
25708
25709
25909
25910
25967
25968
25975
25976
25993
25994
26006
26007
26008
26059
26060
26068
26069
26070
26071
26072
26079
26093
26094
26105
26114
26120
26130
26135
26147
26152
26154
26155
26156
26157
26158
26159
26160
26161
26182
26196
26257
26258
26259
26260
26261
26320
26323
26327
26329
26332
26333
26334
26337
26351
26353
26359
26360
26367
26369
26372
26373
26409
26436
26447
26448
26466
26477
26501
27607
27609
28065
28716
28719
28725
28731
28747
28757
28794
28806
28816
28817
28818
28830
28853
28854
28912
28913
28914
28915
28916
28917
28918
28919
28920
28921
28922
28923
28924
28925
28938
28939
28970
28996
28997
29026
29087
29088
29089
29090
29091
29092
29093
29094
29166
29470
29692
29700
29701
29731
29740
29741
29747
29764
29775
29779
29781
29806
29807
29813
29814
29821
29822
29843
29863
29865
29914
29915
29951
29957
29965
29967
29968
29974
29977
29978
29988
29989
30001
30007
30033
30045
30054
30067
30068
30075
30091
30095
30106
30114
30164
30168
30171
30174
30175
30192
30193
30205
30206
30209
30217
30232
30267
30268
30269
30270
30271
30274
30361
30388
30389
30390
30416
30424
30426
30430
30432
30433
30436
30437
30438
30439
30440
30526
30529
30530
30531
30545
30662
30830
30850
31015
31016
31158
31161
31162
31278
31279
31280
31283
31284
31478
31480
31481
31482
31483
31484
31485
31643
31645
31805
31960
32104
32105
32106
32107
32108
32260
32262
32263
32264
32417
32464
32647
32801
32949
33122
33134
33147
33163
33178
33198
33217
33238
33270
33293
33309
33325
33341
33343
33345
33357
33368
33370
33385
33398
33414
33424
33432
33442
33450
33458
33465
33473
33480
33530
33622
33731
33735
33738
33748
33749
33760
33804
33807
33808
33813
33818
34384
34545
34642
34645
34646
34660
34672
34730
34780
34786
34854
34890
35044
35045
35047
35060
35062
35103
35469
36052
37231
37236
37238
38100
39793
40761
43093
46694
51635
56623
56977
61974
67249
68795
72488
76238
78075
80584
81154
83996
89126
90795
90797
90799
90803
90928
91022
91027
91032
91049
91060
91072
93162
93166
94273
99644
105280
111148
117257
123106
123855
123913
124444
128484
131225
131885
133363
137886
142134
146527
150604
154721
154722
154723
154731
155039
155449
155450
159380
163897
168405
172812
172854
173481
174719
175334
177065
181177
185377
186744
186745
186979
187126
187128
187131
187382
187543
187545
187548
187549
187552
187553
187759
187760
187761
187967
187968
187969
187970
187971
187972
187973
189321
189481
189634
189689
189690
189692
189695
189902
189904
189906
190108
190109
190112
190319
190321
190322
190325
190528
190530
190531
190534
190727
190729
190730
190733
192064
193552
193553
193554
193555
193556
193557
193558
193559
193560
193561
193562
193563
193564
193565
193566
193567
193568
193569
193570
193571
193572
193667
193877
193879
193881
193884
193887
193888
193891
193893
193894
193895
193896
193897
193898
193899
193926
193953
193954
193955
193956
193957
193958
193959
194250
194253
194256
194257
194258
194265
194266
195523
195936
196145
196146
196147
196148
196149
196150
196151
196152
196153
196154
196155
196156
196157
196158
196222
196223
196224
196225
196535
196536
196948
196950
197158
197375
197381
198152
198519
198522
198667
198856
198859
198860
198919
198932
199006
199156
199157
199247
199280
199282
199587
199588
