143
144
145
157
232
233
234
235
236
237
238
239
240
241
242
243
244
245
439
441
653
1059
1070
1072
1074
1128
1250
1411
1412
1413
1414
1415
1416
1417
1418
1419
1420
1421
1422
1423
1424
1493
1494
1584
1585
1604
1605
1608
1609
1612
1613
1614
1615
1626
1627
1630
1631
1634
1635
1638
1639
1640
1641
1652
1653
1656
1657
1664
1665
1668
1672
1675
1676
1699
1700
1701
1836
1854
1855
1856
1857
1858
1859
1860
1861
1862
1863
1864
1865
1866
1867
1878
1879
1882
1883
1890
1891
1894
1895
2036
2037
2109
2110
2111
2112
2183
2184
2187
2188
2191
2192
2195
2196
2205
2206
2640
2641
2642
2643
2648
2649
2652
2653
2656
2657
2938
2939
2940
2941
2952
2953
2956
2957
2960
2961
2964
2965
2968
2969
2989
3654
3655
3656
3657
3662
3663
3666
3667
3668
3669
3684
3685
3688
3689
3690
3691
3694
3697
3703
4004
4055
4095
4151
4152
4153
4154
4155
4156
4157
4158
4159
4160
4161
4162
4163
4164
4294
4295
4327
4328
4329
4330
4430
4433
4464
4466
4472
4824
4825
4827
4828
4829
4830
4832
4838
4936
4942
4943
4944
4945
4975
5009
5017
5023
5038
5107
5142
5167
5177
5358
5370
5433
5434
5438
5439
5440
5441
5446
5447
6169
6204
6205
6206
6207
6220
6221
6246
6392
6397
6399
6401
7194
7198
7713
7723
7724
7725
7726
7739
7748
7753
7754
7755
7757
7771
7772
7773
7775
7776
7777
7794
7795
7796
7797
7798
7799
7800
7801
7897
7968
7969
7970
8433
8469
9294
9307
9571
9860
9861
9862
9863
9864
9865
9866
9867
9868
9869
9870
9871
9872
9873
9922
9925
10109
10113
10294
10299
10313
10327
10330
10387
10390
10397
10399
10402
10403
10404
10411
10420
10425
10426
10427
10431
10438
10440
10441
10442
10443
10445
10446
10475
10476
10477
10478
10479
10494
10500
10525
10526
10527
10528
10529
10530
10577
10578
10586
10604
10617
10618
10619
10620
10621
10623
10630
10666
10687
10688
10689
10690
10695
10717
10737
10749
10755
10756
10757
10758
10759
10760
10761
10762
10763
10767
10769
10829
10901
11045
11048
11050
11052
11053
11091
11092
11095
11096
11097
11098
11103
11105
11154
11158
11227
11238
11239
11242
11246
11247
11249
11250
11252
11256
11258
11259
11271
11298
11318
11319
11320
11323
11327
11394
11395
11396
11397
11398
11399
11403
11404
11406
11407
11409
11411
11412
11413
11440
11441
11442
11443
11483
11484
11485
11486
11802
11803
11910
11913
11918
11924
11932
11973
11975
11979
11984
12016
12017
12018
12022
12027
12029
12030
12033
12039
12040
12041
12056
12060
12072
12074
12116
12117
12118
12119
12152
12157
12160
12161
12164
12165
12166
12170
12186
12210
12211
12212
12213
12220
12221
12233
12255
12256
12257
12259
12282
12283
12288
12289
12290
12292
12293
12294
12296
12297
12298
12299
12300
12332
12333
12334
12335
12336
12337
12338
12373
12374
12375
12376
12377
12387
12442
12453
12454
12483
12487
12488
12495
12496
12519
12530
12569
12612
12613
12619
12620
12621
12659
12679
12720
12766
12767
12768
12769
12785
12786
12824
12825
12861
12887
12959
12962
12988
12995
13000
13022
13102
13120
13148
13149
13150
13151
13220
13258
13278
13279
13280
13281
13303
13343
13349
13350
13380
13393
13401
13418
13432
13447
13450
13455
13460
13468
13479
13494
13504
13515
13533
13565
13566
13571
13644
13650
13680
13685
13687
13701
13717
13734
13794
13817
13837
13864
13865
13876
13886
13887
13889
13898
14021
14031
14050
14055
14097
14128
14161
14166
14193
14203
14308
14321
14379
14387
14447
14461
14464
14466
14473
14511
14514
14554
14559
14573
14580
14587
14606
14645
14658
14660
14693
14724
14799
14858
14866
14890
14928
14938
14944
14958
14986
15042
15055
15056
15057
15059
15064
15082
15083
15096
15097
15105
15106
15117
15123
15134
15138
15149
15150
15152
15167
15179
15185
15195
15198
15199
15200
15201
15207
15209
15210
15219
15226
15231
15232
15233
15234
15250
15260
15262
15264
15266
15267
15269
15275
15290
15291
15292
15293
15301
15309
15310
15323
15331
15332
15340
15342
15351
15353
15355
15357
15358
15359
15366
15367
15373
15386
15394
15396
15412
15415
15425
15495
15498
15506
15507
15509
15522
15544
15549
15561
15562
15586
15587
15617
15715
15741
15749
15750
15751
15758
15760
15837
15838
15844
15849
15882
15886
15893
15909
15911
15922
15956
15957
16155
16164
16169
16173
16178
16192
16209
16243
16245
16259
16262
16264
16331
16393
16400
16407
16412
16418
16419
16420
16422
16423
16426
16432
16433
16434
16435
16440
16441
16442
16443
16444
16489
16494
16495
16496
16497
16614
16615
16616
16617
16618
16619
16620
16621
16622
16623
16624
16625
16626
16627
16664
16665
16668
16669
16672
16673
16676
16677
16680
16683
16787
16810
16829
16895
16896
16899
16900
16901
16902
16903
16908
16962
16963
16973
16975
16976
16977
16978
17016
17017
17028
17029
17030
17031
17037
17038
17039
17064
17065
17076
17156
17157
17158
17161
17162
17163
17170
17171
17172
17186
17187
17188
17191
17202
17203
17204
17247
17268
17270
17271
17283
17306
17307
17308
17321
17322
17323
17334
17335
17336
17350
17351
17352
17355
17356
17357
17362
17374
17469
17500
17502
17552
17579
17630
17631
17632
17639
17652
17670
17680
17681
17682
17705
17707
17708
17717
17718
17729
17730
17732
17733
17734
17735
17736
17737
17738
17739
17756
17757
17758
17759
17762
17777
17778
17779
17780
17801
17802
17803
17804
17834
17842
17855
17856
17864
17869
17873
17874
17875
17876
17877
17878
17879
17880
17918
17924
17925
17927
17935
17951
17952
17953
17954
17961
17968
17970
17971
17972
17973
17979
17980
17987
17989
17990
17991
17999
18002
18016
18017
18018
18029
18030
18031
18032
18038
18050
18052
18053
18056
18059
18068
18070
18071
18074
18077
18079
18080
18083
18086
18087
18088
18090
18091
18093
18096
18099
18101
18102
18104
18107
18109
18111
18113
18114
18116
18119
18125
18126
18127
18142
18146
18151
18155
18157
18158
18160
18161
18162
18163
18164
18165
18166
18167
18168
18169
18170
18171
18172
18173
18174
18175
18176
18178
18179
18180
18181
18182
18183
18184
18185
18190
18191
18197
18213
18214
18218
18221
18226
18252
18273
18274
18281
18282
18284
18286
18287
18292
18296
18297
18298
18299
18301
18304
18305
18314
18316
18317
18320
18321
18322
18323
18324
18325
18328
18329
18330
18331
18332
18333
18334
18352
18353
18355
18357
18358
18362
18364
18365
18366
18367
18368
18369
18370
18371
18372
18373
18374
18375
18376
18377
18378
18379
18380
18381
18382
18383
18384
18385
18386
18387
18388
18389
18390
18401
18406
18408
18409
18411
18417
18419
18421
18422
18425
18426
18427
18428
18429
18430
18431
18432
18433
18434
18435
18436
18437
18438
18439
18440
18441
18442
18443
18444
18445
18447
18448
18449
18450
18451
18452
18453
18454
18455
18456
18457
18458
18459
18460
18461
18462
18463
18464
18465
18466
18467
18468
18469
18470
18471
18472
18473
18474
18475
18476
18477
18478
18479
18480
18481
18482
18483
18484
18485
18486
18487
18488
18489
18490
18491
18492
18493
18494
18495
18496
18497
18498
18508
18509
18510
18511
18512
18513
18545
18550
18551
18552
18553
18554
18556
18567
18578
18579
18584
18586
18587
18588
18598
18600
18604
18606
18622
18623
18627
18628
18629
18638
18639
18640
18641
18642
18643
18644
18645
18646
18647
18648
18661
18665
18667
18695
18699
18706
18715
18720
18723
18724
18727
18730
18733
18737
18739
18745
18746
18747
18748
18749
18750
18751
18753
18754
18755
18757
18758
18760
18761
18762
18764
18765
18767
18768
18787
18790
18800
18804
18805
18807
18808
18811
18812
18813
18814
18815
18816
18817
18818
18819
18820
18821
18822
18823
18824
18825
18826
18833
18835
18837
18840
18852
18854
18856
18858
18896
18897
18898
18899
18911
18942
18943
18944
18945
18946
18953
18980
18986
19029
19033
19035
19038
19057
19073
19080
19086
19090
19145
19154
19174
19202
19214
19224
19230
19233
19245
19255
19257
19282
19287
19288
19294
19301
19308
19330
19331
19332
19334
19341
19342
19343
19344
19346
19347
19351
19395
19411
19440
19445
19457
19459
19481
19504
19602
19622
19627
19663
19664
19691
19695
19753
19792
19796
19808
19816
19895
19918
19933
19947
19963
19981
20011
20019
20033
20048
20056
20080
20095
20223
20242
20250
20302
20304
20339
20348
20350
20412
20497
20500
20564
20653
20659
20677
20678
20703
20753
20757
20822
20860
20878
20900
20904
20928
20989
20992
21012
21019
21027
21034
21041
21042
21050
21066
21067
21093
21113
21198
21222
21231
21250
21280
21361
21373
21383
21410
21429
21456
21569
21575
21589
21594
21601
21603
21625
21628
21631
21635
21654
21678
21680
21684
21691
21692
21693
21694
21695
21700
21706
21707
21708
21709
21710
21711
21712
21713
21714
21715
21716
21717
21718
21719
21720
21721
21722
21723
21724
21725
21726
21727
21728
21730
21731
21732
21734
21735
21738
21740
21741
21742
21743
21744
21746
21747
21748
21749
21750
21751
21752
21753
21754
21755
21756
21757
21758
21759
21760
21761
21762
21763
21764
21765
21766
21767
21768
21769
21770
21771
21772
21773
21774
21775
21776
21778
21779
21780
21781
21782
21783
21784
21785
21786
21787
21788
21789
21790
21791
21792
21793
21801
21809
21810
21811
21812
21813
21829
21837
21871
21872
21874
21875
21878
21879
21880
21881
21892
21893
21896
21897
21898
21899
21904
21907
21915
21916
21919
21920
21922
21949
21957
21959
22001
22030
22043
22044
22046
22053
22065
22066
22067
22076
22077
22080
22081
22082
22084
22089
22090
22100
22101
22106
22107
22114
22116
22125
22161
22175
22179
22182
22197
22201
22206
22225
22228
22232
22255
22264
22267
22268
22273
22274
22275
22286
22299
22310
22315
22341
22358
22386
22407
22412
22449
22502
22506
22507
22508
22509
22515
22516
22517
22518
22522
22562
22620
22675
22719
22723
22731
22771
22864
22936
22974
23008
23034
23110
23179
23222
23233
23266
23329
23357
23396
23439
23441
23443
23478
23498
23514
23541
23568
23580
23605
23612
23638
23644
23651
23682
23726
23764
23777
23816
23839
23850
23857
23869
23877
23892
23905
23919
23978
23983
23993
23994
24069
24071
24074
24129
24138
24173
24189
24195
24211
24227
24280
24287
24294
24329
24400
24405
24411
24421
24459
24479
24481
24551
24598
24609
24680
24689
24758
24770
24773
24816
24827
24830
24834
24836
24857
24868
24890
24927
24936
24954
25002
25038
25091
25136
25149
25169
25198
25212
25240
25242
25250
25267
25355
25366
25384
25398
25413
25416
25422
25514
25522
25535
25555
25591
25612
25615
25619
25624
25644
25667
25681
25739
25744
25776
25801
25837
25851
25854
25866
25903
25920
25935
25950
25975
25978
26024
26061
26090
26108
26119
26121
26165
26166
26186
26195
26225
26268
26284
26342
26448
26449
26464
26467
26471
26493
26514
26544
26646
26664
26670
26701
26720
26733
26739
26765
26816
26859
26870
26906
26956
26984
27025
27057
27115
27129
27153
27194
27213
27223
27244
27288
27298
27332
27356
27357
27383
27393
27395
27440
27487
27516
27530
27538
27552
27565
27596
27610
27726
27742
27779
27810
27885
27894
27907
27923
27941
28025
28029
28096
28152
28230
28256
28260
28296
28328
28337
28383
28428
28467
28501
28524
28561
28615
28644
28646
28686
28721
28761
28773
28869
28878
28971
28997
29011
29044
29089
29111
29125
29127
29136
29154
29155
29163
29178
29181
29195
29199
29208
29220
29224
29244
29259
29262
29268
29285
29344
29357
29363
29375
29393
29446
29470
29481
29501
29540
29542
29661
29693
29702
29784
29841
29845
29856
29905
29919
29971
29984
29987
29993
29998
30022
30027
30063
30071
30138
30152
30168
30208
30237
30264
30298
30310
30341
30344
30388
30390
30397
30406
30419
30426
30458
30483
30486
30488
30502
30513
30515
30534
30535
30536
30550
30553
30554
30555
30556
30563
30567
30598
30608
30609
30612
30613
30626
30633
30655
30659
30665
30666
30667
30668
30674
30682
30690
30697
30698
30711
30712
30715
30716
30717
30718
30720
30721
30732
30756
30761
30765
30771
30777
30778
30796
30799
30800
30801
30802
30805
30806
30809
30810
30813
30814
30815
30823
30826
30829
30835
30836
30858
30859
30875
30878
30883
30884
30898
30899
30920
30921
30930
30931
30932
30940
30949
30954
30967
30969
30980
30983
30991
30996
31051
31052
31109
31151
31158
31159
31162
31163
31164
31165
31166
31167
31168
31169
31170
31171
31172
31173
31174
31175
31176
31177
31209
31210
31211
31212
31213
31214
31215
31216
31217
31218
31219
31222
31223
31224
31225
31227
31228
31229
31230
31231
31232
31233
31234
31235
31236
31237
31238
31239
31240
31241
31242
31243
31244
31245
31246
31247
31248
31249
31250
31251
31252
31253
31254
31255
31256
31257
31258
31283
31284
31285
31286
31287
31288
31289
31290
31291
31292
31293
31294
31295
31296
31297
31298
31299
31300
31301
31352
31353
31354
31355
31356
31357
31358
31359
31363
31365
31366
31369
31374
31382
31401
31402
31405
31406
31413
31414
31415
31416
31417
31418
31419
31421
31423
31426
31427
31428
31429
31430
31431
31432
31433
31434
31435
31481
31520
31524
31529
31530
31532
31535
31544
31569
31577
31595
31603
31618
31687
31688
31692
31747
31776
31830
31831
31832
31866
31867
31868
31869
31899
31942
31946
31971
31995
32001
32007
32008
32010
32014
32018
32026
32038
32040
32042
32069
32085
32105
32108
32125
32127
32132
32133
32154
32170
32181
32186
32196
32207
32208
32238
32272
32285
32286
32290
32304
32311
32327
32329
32330
32346
32359
32369
32376
32378
32392
32407
32421
32441
32452
32458
32491
32505
32542
32547
32557
32558
32571
32575
32616
32621
32622
32638
32639
32655
32672
32702
32704
32708
32715
32717
32724
32740
32748
32784
32785
32797
32823
32830
32832
32838
32849
32854
32873
32935
32936
32955
32969
32989
33004
33025
33036
33044
33051
33052
33070
33072
33093
33143
33162
33165
33168
33190
33209
33213
33214
33218
33221
33223
33247
33249
33289
33291
33308
33315
33373
33375
33378
33392
33396
33397
33419
33426
33431
33437
33479
33491
33498
33500
33565
33571
33592
33599
33628
33629
33630
33639
33649
33660
33664
33667
33671
33673
33678
33681
33685
33686
33689
33699
33701
33707
33709
33713
33715
33718
33719
33720
33728
33729
33737
33743
33744
33745
33747
33749
33754
33756
33777
33787
33791
33803
33809
33811
33813
33814
33819
33829
33846
33848
33854
33876
33886
33893
33906
33909
33910
33918
33922
33929
33941
33944
33946
33947
33952
33956
33957
33958
33970
33971
33980
33982
33986
33992
33993
33994
34004
34008
34009
34010
34013
34016
34023
34032
34039
34040
34041
34045
34058
34059
34075
34076
34077
34078
34085
34086
34087
34088
34093
34096
34102
34106
34114
34120
34124
34127
34131
34132
34136
34138
34139
34144
34145
34148
34149
34156
34167
34175
34177
34178
34181
34216
34220
34239
34248
34250
34254
34257
34263
34269
34277
34280
34281
34292
34344
34352
34355
34368
34369
34381
34453
34468
34484
34499
34528
34537
34543
34559
34615
34617
34632
34637
34667
34669
34683
34710
34715
34725
34749
34769
34771
34772
34791
34794
34798
34809
34858
34860
34888
34910
34939
34948
34967
34969
34978
34984
34998
35000
35006
35008
35016
35021
35023
35031
35035
35037
35038
35041
35043
35072
35111
35125
35141
35142
35144
35161
35163
35170
35198
35204
35205
35211
35212
35214
35220
35221
35235
35237
35238
35243
35246
35304
35305
35307
35312
35319
35320
35322
35328
35334
35342
35365
35372
35401
35418
35439
35443
35445
35447
35454
35500
35510
35529
35530
35535
35538
35567
35576
35580
35584
35585
35586
35587
35589
35646
35648
35653
35655
35656
35665
35670
35671
35679
35682
35689
35693
35694
35709
35719
35738
35756
35758
35767
35793
35814
35817
35818
35819
35826
35828
35850
35853
35903
36067
36071
36072
36078
36079
36088
36091
36092
36093
36094
36095
36096
36097
36098
36112
36146
36156
36175
36176
36177
36182
36184
36185
36186
36187
36188
36189
36190
36191
36194
36195
36196
36199
36281
36286
36288
36298
36300
36302
36304
36323
36324
36326
36328
36335
36348
36367
36372
36373
36377
36378
36379
36380
36381
36383
36384
36388
36389
36390
36391
36392
36393
36394
36395
36397
36398
36399
36401
36402
36403
36404
36405
36406
36407
36408
36409
36410
36411
36412
36413
36414
36415
36416
36417
36418
36419
36420
36441
36442
36453
36459
36461
36462
36463
36470
36472
36473
36474
36481
36483
36484
36485
36493
36495
36496
36497
36504
36506
36508
36515
36517
36519
36523
36525
36526
36527
36528
36529
36530
36531
36533
36534
36535
36536
36537
36538
36539
36540
36541
36542
36543
36544
36545
36546
36547
36548
36549
36550
36551
36552
36553
36554
36555
36556
36557
36558
36559
36560
36561
36562
36563
36564
36565
36566
36567
36568
36569
36670
36686
36687
36688
36689
36690
36691
36692
36693
36694
36695
36696
36697
36698
36699
36700
36737
36738
36741
36742
36745
36746
36749
36750
36753
36754
36852
36863
36867
36869
36871
36895
36896
36897
36898
36901
36902
36935
36936
36939
36940
36943
36944
36947
36948
37013
37144
37145
37146
37147
37150
37151
37152
37153
37154
37155
37156
37216
37237
37246
37247
37248
37249
37254
37255
37268
37269
37270
37285
37298
37303
37314
37339
37341
37343
37344
37347
37349
37351
37354
37357
37366
37370
37376
37384
37386
37405
37406
37421
37422
37463
37468
37470
37497
37502
37504
37505
37508
37510
37511
37512
37537
37548
37549
37553
37556
37558
37579
37593
37594
37606
37607
37616
37620
37621
37623
37631
37632
37633
37634
37635
37636
37637
37640
37641
37642
37643
37644
37645
37650
37651
37652
37656
37657
37658
37668
37670
37695
37722
37782
37821
37862
37872
37888
37895
37896
37901
37902
37903
37904
37906
37907
37910
37913
37926
37931
37944
37946
37961
38001
38006
38019
38039
38058
38065
38083
38088
38091
38102
38105
38106
38109
38135
38139
38150
38154
38155
38156
38157
38158
38160
38161
38163
38164
38179
38182
38183
38184
38185
38193
38196
38197
38198
38201
38202
38214
38215
38223
38224
38225
38226
38227
38228
38229
38230
38248
38254
38255
38256
38257
38258
38293
38296
38302
38305
38306
38307
38309
38310
38313
38320
38335
38341
38342
38343
38344
38346
38347
38348
38349
38356
38362
38363
38367
38368
38369
38370
38371
38386
38387
38388
38389
38390
38391
38392
38393
38396
38397
38398
38399
38400
38401
38402
38403
38404
38405
38406
38407
38408
38409
38410
38411
38412
38413
38417
38418
38419
38420
38421
38422
38423
38424
38425
38426
38430
38432
38433
38434
38435
38436
38437
38438
38442
38443
38444
38445
38446
38447
38448
38449
38450
38451
38452
38453
38454
38455
38456
38457
38458
38459
38460
38461
38462
38463
38464
38465
38466
38467
38468
38469
38470
38471
38473
38474
38475
38476
38477
38478
38479
38487
38493
38494
38496
38497
38502
38503
38510
38511
38532
38536
38537
38539
38544
38546
38548
38581
38584
38587
38590
38595
38596
38597
38598
38599
38600
38601
38602
38603
38604
38606
38607
38609
38610
38612
38613
38615
38616
38618
38619
38627
38635
38636
38637
38638
38642
38643
38648
38649
38676
38714
38728
38737
38740
38743
38744
38745
38746
38747
38748
38749
38750
38751
38752
38753
38756
38757
38758
38759
38761
38763
38764
38766
38769
38773
38778
38779
38780
38781
38782
38783
38830
38850
38875
38904
38910
38931
38958
38976
38983
38984
38985
38986
38987
38988
38989
38990
38992
38994
38996
38997
38999
39001
39003
39011
39013
39015
39016
39074
39077
39084
39090
39095
39098
39099
39100
39101
39103
39104
39108
39124
39125
39127
39135
39153
39157
39161
39171
39172
39173
39176
39180
39182
39183
39190
39191
39193
39194
39195
39196
39197
39198
39199
39203
39204
39205
39206
39207
39208
39209
39210
39211
39212
39213
39214
39215
39216
39243
39249
39271
39282
39287
39288
39292
39296
39303
39304
39306
39311
39312
39320
39321
39322
39324
39329
39330
39342
39348
39352
39353
39355
39356
39364
39381
39382
39383
39384
39385
39394
39396
39397
39400
39407
39410
39411
39412
39413
39415
39423
39424
39520
39521
39551
39552
39557
39558
39559
39560
39562
39563
39564
39565
39566
39568
39588
39589
39590
39591
39597
39598
39599
39600
39601
39602
39605
39606
39607
39609
39611
39612
39613
39618
39624
39625
39626
39627
39634
39637
39638
39644
39645
39646
39647
39648
39653
39660
39661
39662
39664
39665
39672
39673
39674
39676
39677
39700
39701
39702
39705
39706
39824
39825
39826
39827
39833
39839
39840
39841
39842
39845
39846
39847
39872
39873
39878
39879
39883
39884
39887
39888
39889
39890
39913
39914
39915
39916
39917
39919
39920
39921
39922
39923
39924
39956
39987
39988
40005
40006
40007
40041
40043
40047
40052
40056
40059
40062
40075
40076
40077
40078
40080
40082
40083
40084
40086
40087
40090
40094
40141
40148
40153
40154
40155
40156
40157
40158
40159
40160
40161
40162
40164
40167
40170
40173
40175
40177
40179
40182
40183
40188
40198
40202
40205
40209
40222
40225
40227
40229
40233
40234
40235
40301
40313
40316
40317
40318
40323
40327
40328
40335
40356
40357
40362
40363
40383
40395
40396
40400
40402
40414
40415
40416
40417
40422
40423
40425
40429
40430
40433
40434
40437
40438
40449
40450
40474
40487
40488
40489
40490
40491
40492
40503
40504
40505
40506
40507
40508
40532
40536
40542
40546
40547
40548
40549
40563
40564
40580
40613
40636
40646
40647
40649
40655
40666
40667
40678
40709
40710
40711
40722
40732
40734
40735
40751
40789
40796
40819
40820
40821
40823
40844
40845
40847
40853
40854
40857
40858
40859
40860
40861
40862
40883
40884
40886
40922
40923
40924
40953
40954
40979
40981
40983
40984
40985
40989
40998
41006
41009
41016
41018
41019
41021
41022
41024
41026
41029
41030
41032
41034
41039
41040
41041
41042
41043
41046
41047
41048
41049
41050
41051
41052
41054
41055
41056
41057
41061
41063
41070
41094
41095
41104
41143
41145
41173
41183
41185
41187
41190
41196
41205
41208
41210
41212
41213
41214
41217
41220
41221
41227
41232
41233
41236
41239
41240
41261
41305
41313
41314
41363
41376
41379
41384
41385
41386
41387
41388
41408
41409
41411
41431
41435
41436
41438
41461
41471
41473
41483
41487
41528
41572
41577
41595
41599
41620
41626
41632
41633
41634
41635
41637
41638
41639
41640
41667
41679
41684
41685
41686
41691
41697
41698
41707
41709
41780
41785
41795
41841
41859
41860
41884
41885
41886
41887
41892
41921
41927
41938
41939
41940
41991
42053
42054
42100
42131
42148
42191
42222
42233
42251
42254
42255
42256
42257
42258
42346
42353
42461
42606
42622
42651
42662
42669
42677
42692
42786
42795
42804
42825
42827
42856
42873
42946
42978
43046
43081
43084
43085
43089
43090
43125
43126
43127
43163
43168
43194
43273
43275
43276
43277
43303
43305
43334
43337
43354
43374
43420
43436
43438
43439
43449
43459
43461
43466
43468
43471
43472
43473
43480
43533
43553
43649
43658
43659
43674
43683
43732
43737
43795
43873
43879
43891
43925
43952
43999
44010
44016
44026
44028
44035
44068
44069
44071
44090
44091
44092
44096
44097
44098
44099
44126
44131
44143
44145
44158
44169
44170
44173
44226
44247
44251
44267
44319
44321
44357
44385
44398
44411
44520
44521
44525
44533
44539
44541
44553
44555
44557
44570
44571
44582
44587
44589
44590
44591
44604
44605
44606
44607
44618
44619
44632
44633
44645
44646
44662
44663
44675
44679
44680
44702
44703
44731
44732
44757
44761
44782
44783
44786
44799
44800
44810
44811
44812
44813
44826
44827
44829
44831
44833
44842
44843
44849
44850
44856
44857
44865
44866
44872
44873
44879
44886
44893
44894
44896
44897
44911
44912
44914
44916
44918
44919
44920
44974
44981
45000
45032
45034
45063
45091
45098
45099
45123
45133
45135
45170
45177
45185
45186
45190
45191
45192
45197
45209
45210
45212
45213
45331
45332
45333
45339
45340
45342
45343
45344
45345
45347
45350
45357
45360
45361
45373
45374
45375
45376
45379
45380
45384
45385
45386
45387
45393
45394
45399
45410
45411
45414
45415
45440
45441
45442
45443
45451
45453
45455
45460
45461
45462
45463
45470
45472
45473
45474
45475
45480
45481
45482
45483
45515
45516
45528
45529
45530
45547
45548
45599
45600
45604
45605
45606
45612
45613
45614
45615
45616
45617
45720
45721
45724
45725
45729
45730
45731
45732
45739
45740
45741
45770
45771
45775
45778
45782
45783
45785
45804
45808
45809
45810
45811
45812
45815
45816
45817
45819
45820
45821
45822
45824
45825
45833
45913
45928
45931
45937
45943
45951
45957
45958
45961
45966
45971
45993
46013
46019
46024
46027
46049
46055
46067
46071
46072
46076
46082
46084
46090
46092
46095
46098
46100
46102
46109
46110
46113
46119
46137
46139
46140
46141
46145
46186
46195
46199
46202
46204
46207
46212
46213
46220
46223
46235
46249
46250
46251
46252
46253
46260
46307
46311
46312
46314
46322
46331
46337
46392
46414
46422
46435
46451
46456
46457
46461
46470
46473
46476
46480
46482
46487
46490
46492
46494
46500
46502
46514
46517
46532
46538
46554
46587
46588
46589
46590
46601
46605
46606
46612
46613
46614
46624
46625
46636
46637
46638
46639
46640
46641
46642
46644
46656
46675
46716
46742
46766
46777
46804
46806
46810
46816
46819
46820
46827
46837
46839
46859
46878
46892
46897
46909
46928
46933
46956
47003
47017
47021
47022
47023
47052
47082
47088
47089
47091
47132
47137
47153
47163
47172
47184
47207
47211
47213
47220
47224
47225
47229
47236
47253
47258
47283
47286
47289
47315
47323
47402
47405
47418
47435
47449
47453
47501
47502
47513
47514
47522
47556
47585
47596
47597
47601
47602
47603
47628
47631
47643
47657
47660
47693
47695
47698
47711
47726
47734
47739
47740
47746
47758
47759
47761
47763
47766
47767
47768
47769
47773
47790
47793
47808
47821
47829
47861
47878
47889
47918
47930
47940
47943
47945
47969
48004
48028
48040
48049
48069
48077
48089
48096
48134
48159
48167
48194
48201
48223
48233
48239
48260
48295
48297
48318
48324
48355
48373
48394
48395
48396
48403
48408
48440
48443
48444
48448
48458
48459
48463
48465
48466
48478
48480
48482
48484
48492
48494
48510
48518
48523
48529
48550
48557
48567
48569
48574
48586
48587
48590
48603
48610
48614
48615
48616
48627
48628
48632
48633
48641
48644
48645
48650
48652
48656
48670
48680
48681
48682
48685
48711
48714
48716
48718
48727
48740
48743
48754
48805
48830
48843
48844
48862
48875
48903
48950
48957
48962
48965
48968
48969
48971
48972
48985
49006
49011
49012
49017
49033
49038
49048
49070
49114
49124
49125
49131
49141
49188
49190
49196
49235
49243
49276
49277
49286
49297
49298
49302
49303
49305
49306
49307
49308
49324
49338
49349
49358
49363
49369
49386
49391
49428
49431
49433
49443
49450
49461
49467
49538
49566
49567
49568
49569
49572
49621
49622
49625
49628
49629
49633
49643
49655
49659
49666
49693
49694
49695
49696
49700
49724
49725
49738
49742
49750
49760
49766
49781
49801
49815
49819
49838
49841
49844
49866
49873
49874
49875
49896
49903
49904
49929
49932
49940
49941
49942
49955
49960
49971
49977
49981
49983
49986
49987
49992
49999
50005
50011
50016
50021
50028
50030
50034
50036
50040
50045
50051
50055
50062
50067
50077
50091
50094
50107
50132
50137
50148
50158
50161
50164
50177
50183
50205
50212
50220
50224
50234
50241
50246
50248
50251
50252
50255
50271
50279
50283
50324
50337
50365
50369
50373
50374
50378
50381
50391
50405
50408
50410
50426
50455
50463
50464
50477
50479
50486
50491
50500
50508
50510
50513
50516
50533
50538
50540
50544
50548
50549
50556
50557
50565
50575
50595
50596
50597
50600
50604
50605
50606
50615
50629
50636
50639
50641
50649
50652
50653
50657
50658
50679
50695
50696
50697
50698
50699
50700
50701
50702
50703
50710
50717
50720
50725
50730
50734
50743
50748
50751
50753
50755
50759
50766
50772
50777
50784
50789
50807
50809
50820
50823
50829
50840
50842
50848
50851
50867
50868
50869
50872
50875
50876
50943
50963
50972
50975
50992
50997
51028
51032
51036
51062
51064
51072
51076
51097
51102
51105
51108
51109
51110
51113
51121
51128
51132
51135
51140
51142
51145
51149
51150
51155
51158
51170
51171
51183
51188
51189
51193
51194
51197
51198
51203
51204
51213
51216
51236
51242
51247
51254
51269
51270
51280
51282
51283
51287
51304
51307
51309
51311
51322
51334
51340
51353
51355
51357
51360
51362
51367
51368
51371
51411
51422
51427
51430
51440
51441
51476
51490
51495
51496
51501
51538
51543
51548
51554
51564
51568
51585
51587
51590
51598
51599
51603
51605
51609
51612
51640
51641
51642
51647
51652
51655
51657
51662
51664
51670
51671
51676
51682
51685
51689
51690
51691
51695
51709
51726
51727
51728
51729
51730
51731
51732
51735
51740
51747
51750
51751
51760
51761
51773
51781
51785
51786
51788
51796
51798
51802
51808
51809
51818
51825
51831
51837
51839
51840
51845
51850
51854
51859
51861
51864
51870
51882
51890
51891
51892
51893
51894
51904
51906
51907
51908
51909
51910
51913
51914
51915
51922
51925
51926
51927
51937
51945
51946
51951
51963
51974
51977
51999
52001
52005
52006
52017
52020
52025
52029
52039
52068
52074
52085
52087
52091
52117
52137
52138
52139
52142
52143
52148
52156
52157
52181
52202
52205
52206
52211
52236
52237
52238
52240
52244
52245
52253
52266
52281
52282
52283
52284
52285
52288
52291
52301
52302
52303
52320
52337
52350
52354
52355
52359
52369
52374
52406
52407
52409
52419
52424
52427
52445
52458
52465
52475
52477
52492
52493
52497
52498
52516
52517
52518
52519
52524
52530
52531
52535
52548
52550
52552
52554
52562
52564
52569
52571
52580
52581
52586
52592
52599
52610
52613
52634
52638
52643
52649
52650
52658
52665
52671
52690
52691
52712
52713
52715
52744
52749
52752
52756
52758
52764
52769
52774
52775
52788
52794
52799
52802
52805
52817
52823
52827
52834
52840
52845
52854
52862
52869
52871
52877
52890
52904
52910
52911
52926
52934
52935
52938
52944
52952
52961
52967
52969
52970
52973
52976
52979
52984
52993
53004
53011
53019
53023
53024
53025
53028
53030
53031
53032
53033
53034
53035
53036
53037
53038
53039
53072
53073
53164
53200
53209
53218
53221
53224
53226
53230
53232
53234
53235
53237
53241
53244
53268
53270
53274
53281
53283
53313
53315
53318
53322
53337
53346
53352
53366
53393
53399
53404
53407
53411
53420
53422
53424
53428
53434
53438
53443
53444
53455
53460
53477
53481
53484
53485
53486
53497
53498
53529
53532
53547
53552
53558
53564
53565
53585
53591
53593
53598
53599
53600
53601
53604
53605
53610
53617
53621
53622
53630
53631
53633
53635
53637
53643
53647
53665
53690
53699
53700
53705
53712
53713
53715
53717
53721
53731
53735
53741
53751
53753
53756
53758
53764
53767
53799
53803
53805
53806
53811
53813
53819
53822
53826
53831
53839
53841
53843
53851
53857
53878
53883
53885
53889
53906
53942
53952
53999
54004
54005
54007
54008
54010
54011
54018
54032
54033
54034
54054
54056
54065
54090
54091
54093
54094
54104
54105
54106
54107
54130
54131
54147
54151
54152
54153
54183
54184
54185
54190
54192
54193
54200
54201
54231
54233
54239
54250
54261
54275
54278
54281
54294
54301
54302
54303
54304
54314
54319
54340
54351
54354
54360
54372
54377
54380
54384
54385
54393
54395
54413
54437
54445
54450
54456
54459
54465
54467
54468
54469
54487
54488
54490
54526
54530
54534
54535
54537
54550
54551
54562
54564
54579
54580
54582
54589
54593
54599
54602
54605
54612
54613
54618
54622
54624
54633
54634
54636
54640
54644
54651
54652
54656
54658
54665
54666
54670
54671
54685
54686
54687
54692
54694
54700
54702
54703
54705
54707
54709
54722
54732
54735
54740
54746
54778
54782
54797
54805
54807
54811
54865
54884
54887
54890
54893
54894
54896
54897
54900
54904
54958
54976
54995
54997
54999
55002
55015
55019
55025
55033
55034
55036
55040
55051
55052
55057
55131
55133
55146
55148
55149
55155
55170
55175
55178
55181
55191
55192
55207
55213
55214
55221
55222
55226
55230
55238
55247
55253
55254
55260
55261
55277
55279
55287
55295
55315
55316
55355
55366
55377
55381
55382
55387
55395
55401
55404
55405
55410
55416
55426
55431
55436
55438
55440
55449
55450
55456
55457
55461
55462
55467
55471
55472
55474
55481
55485
55489
55505
55507
55518
55551
55552
55555
55556
55616
55646
55683
55698
55747
55751
55789
55818
55824
55854
55857
55865
55869
55881
55886
55912
55915
55931
55949
55957
55976
55995
56035
56046
56056
56058
56115
56126
56133
56172
56178
56197
56199
56200
56259
56294
56295
56315
56342
56377
56382
56405
56421
56424
56428
56435
56441
56445
56446
56451
56475
56477
56487
56528
56559
56582
56603
56622
56695
56698
56700
56713
56741
56744
56762
56788
56821
56830
56838
56852
56939
56983
56984
57000
57021
57036
57059
57064
57080
57107
57127
57175
57197
57256
57259
57293
57310
57314
57368
57392
57407
57412
57424
57485
57495
57509
57512
57567
57603
57658
57668
57678
57681
57686
57691
57730
57732
57763
57795
57797
57836
57851
57857
57859
57862
57894
57911
57917
57943
57944
57976
57979
57984
57987
57988
58006
58066
58075
58131
58139
58142
58158
58163
58166
58188
58215
58233
58302
58304
58305
58309
58357
58402
58417
58435
58437
58455
58459
58465
58469
58471
58493
58521
58525
58551
58552
58563
58578
58584
58592
58602
58615
58643
58676
58722
58774
58784
58809
58820
58833
58863
58876
58893
58915
58943
58946
58981
58985
58986
59000
59016
59034
59037
59049
59050
59059
59076
59098
59104
59107
59110
59111
59129
59144
59155
59168
59178
59186
59190
59215
59238
59268
59271
59281
59316
59325
59351
59387
59409
59417
59418
59419
59420
59436
59437
59441
59449
59453
59455
59462
59465
59475
59476
59491
59521
59535
59542
59549
59558
59584
59600
59611
59637
59652
59665
59681
59688
59692
59709
59718
59720
59744
59745
59777
59778
59809
59830
59839
59842
59851
59887
59896
59941
59947
59974
59997
60024
60082
60112
60127
60134
60149
60175
60199
60211
60254
60262
60274
60284
60296
60321
60326
60330
60354
60387
60438
60443
60448
60454
60475
60476
60499
60519
60534
60548
60550
60552
60556
60558
60559
60565
60567
60568
60575
60586
60599
60612
60613
60628
60640
60646
60670
60685
60716
60722
60735
60743
60784
60863
60888
60898
60964
60976
61036
61049
61050
61072
61149
61164
61165
61171
61200
61217
61230
61241
61264
61268
61272
61286
61325
61360
61442
61455
61462
61486
61487
61492
61500
61501
61521
61532
61543
61560
61569
61627
61643
61648
61655
61664
61690
61719
61731
61750
61781
61797
61798
61859
61894
61907
61918
61942
62003
62008
62035
62037
62060
62069
62119
62160
62169
62209
62230
62241
62265
62301
62397
62408
62421
62423
62448
62461
62482
62498
62514
62528
62533
62541
62585
62641
62671
62702
62716
62724
62736
62766
62781
62800
62840
62858
62880
62941
62999
63018
63040
63065
63066
63069
63070
63075
63083
63091
63100
63109
63131
63189
63249
63262
63270
63357
63375
63378
63380
63399
63428
63430
63438
63450
63532
63534
63541
63544
63626
63638
63719
63728
63732
63773
63805
63815
63831
63843
63863
63883
63902
63947
63978
63982
64018
64067
64068
64074
64078
64092
64124
64166
64389
64403
64416
64423
64450
64452
64480
64483
64555
64579
64587
64626
64634
64663
64665
64668
64669
64674
64675
64738
64752
64753
64760
64770
64771
64772
64774
64776
64781
64794
64797
64800
64802
64805
64810
64816
64825
64827
64829
64835
64836
64837
64840
64844
64845
64847
64850
64873
64884
64885
64886
64887
64920
64921
64923
64927
64929
64930
64932
64936
64938
64939
64942
64943
64948
64957
64962
64964
64968
64970
64972
64975
64976
64983
64988
64998
64999
65006
65009
65012
65025
65027
65035
65061
65065
65074
65116
65117
65119
65125
65133
65154
65171
65177
65181
65184
65187
65191
65193
65196
65200
65202
65204
65218
65229
65230
65236
65241
65244
65249
65251
65259
65261
65273
65278
65289
65293
65296
65298
65308
65309
65317
65330
65338
65365
65368
65369
65391
65399
65402
65403
65411
65414
65419
65426
65432
65433
65434
65438
65439
65445
65447
65451
65455
65461
65462
65464
65465
65467
65484
65500
65505
65507
65515
65520
65521
65528
65529
65531
65545
65546
65575
65586
65590
65591
65603
65637
65642
65650
65652
65661
65667
65676
65681
65689
65690
65693
65696
65702
65703
65704
65705
65710
65721
65728
65729
65731
65733
65735
65736
65737
65738
65741
65747
65750
65755
65766
65767
65779
65780
65783
65805
65825
65826
65827
65839
65847
65848
65867
65882
65883
65889
65890
65931
65940
65941
65942
65956
65967
65981
65984
65988
65991
65995
65997
66015
66017
66020
66021
66027
66032
66041
66048
66050
66067
66068
66073
66083
66091
66095
66104
66109
66110
66114
66115
66116
66130
66132
66133
66139
66140
66143
66146
66150
66153
66154
66155
66161
66165
66166
66191
66206
66211
66215
66216
66262
66263
66264
66267
66309
66311
66320
66323
66338
66341
66343
66348
66353
66358
66362
66368
66370
66374
66376
66377
66378
66385
66388
66389
66394
66395
66396
66400
66402
66404
66410
66413
66415
66417
66418
66419
66426
66429
66435
66436
66437
66441
66443
66476
66489
66490
66491
66496
66499
66503
66524
66526
66530
66535
66536
66537
66541
66556
66568
66575
66576
66597
66598
66606
66608
66611
66615
66629
66635
66641
66647
66658
66659
66663
66672
66673
66676
66679
66702
66710
66711
66717
66729
66731
66748
66751
66760
66763
66786
66789
66805
66815
66828
66834
66837
66845
66846
66868
66872
66888
66891
66895
66941
66946
66947
66962
66967
66968
66978
66987
66998
67003
67016
67025
67026
67030
67037
67041
67045
67047
67058
67059
67077
67084
67088
67089
67109
67110
67116
67136
67138
67146
67158
67159
67160
67161
67167
67170
67175
67176
67182
67197
67199
67225
67226
67236
67257
67258
67269
67273
67281
67295
67296
67303
67309
67312
67322
67324
67364
67372
67377
67387
67392
67397
67410
67414
67439
67449
67450
67451
67452
67456
67457
67458
67459
67460
67473
67481
67484
67513
67527
67563
67567
67589
67621
67623
67661
67666
67671
67687
67694
67750
67752
67755
67768
67769
67770
67771
67776
67783
67803
67805
67807
67809
67810
67811
67814
67845
67868
67869
67882
67893
67979
67980
68002
68010
68024
68030
68034
68045
68074
68082
68102
68122
68140
68190
68205
68281
68344
68347
68348
68350
68352
68359
68361
68362
68364
68370
68372
68377
68379
68382
68383
68386
68389
68393
68394
68396
68427
68497
68515
68523
68524
68525
68531
68663
68746
68752
68753
68755
68762
68763
68799
68805
68807
68810
68817
68836
68843
68850
68880
68885
68903
68914
68929
68930
68931
68932
68933
68934
68935
68936
68937
68976
68977
68979
68984
68985
68986
68987
68990
68991
68992
68994
68995
68997
69007
69008
69010
69011
69012
69015
69016
69023
69024
69025
69026
69028
69033
69049
69050
69055
69056
69057
69065
69103
69107
69139
69168
69223
69225
69228
69230
69255
69259
69260
69262
69263
69264
69265
69266
69267
69271
69272
69273
69274
69275
69289
69290
69291
69292
69293
69320
69322
69323
69324
69325
69326
69328
69330
69333
69338
69342
69364
69369
69392
69396
69434
69436
69497
69499
69513
69520
69522
69525
69527
69547
69558
69560
69561
69562
69564
69565
69566
69571
69572
69573
69574
69575
69624
69629
69632
69651
69688
69690
69691
69693
69699
69711
69755
69769
69770
69771
69772
69784
69786
69788
69790
69791
69792
69793
69794
69796
69810
69811
69823
69863
69911
69944
69945
69960
69972
69976
69979
69983
70007
70009
70011
70030
70057
70063
70078
70100
70116
70117
70120
70123
70126
70130
70139
70153
70154
70155
70186
70217
70219
70220
70224
70226
70249
70266
70269
70299
70394
70426
70454
70458
70478
70511
70533
70534
70611
70619
70620
70638
70646
70659
70682
70688
70705
70728
70758
70759
70760
70770
70772
70773
70775
70778
70792
70820
70821
70827
70829
70830
70835
70859
70892
70906
70912
70914
70916
70917
70918
70919
70920
70921
70931
70932
70933
70934
70935
70936
70937
70938
70939
70940
70941
70942
70963
70977
71059
71073
71084
71086
71111
71157
71211
71218
71219
71264
71294
71306
71351
71382
71426
71427
71428
71478
71545
71548
71554
71586
71636
71643
71700
71712
71786
71788
71849
71851
71865
71998
72007
72010
72032
72040
72049
72056
72078
72088
72097
72098
72099
72103
72131
72132
72133
72153
72154
72156
72157
72159
72160
72161
72162
72166
72168
72224
72296
72338
72344
72347
72348
72349
72350
72351
72354
72357
72358
72359
72365
72370
72371
72372
72380
72382
72393
72464
72512
72534
72536
72542
72559
72585
72602
72603
72604
72605
72717
72774
72775
72785
72792
72871
72874
72924
72928
72948
72986
72992
73014
73038
73103
73107
73136
73141
73146
73199
73207
73210
73240
73251
73264
73265
73266
73292
73293
73294
73325
73339
73381
73382
73413
73415
73617
73895
74003
74014
74028
74106
74116
74117
74120
74121
74122
74124
74125
74126
74130
74133
74136
74141
74143
74144
74145
74146
74150
74152
74153
74154
74155
74157
74162
74181
74237
74251
74293
74295
74296
74297
74302
74391
74392
74393
74443
74445
74446
74650
74685
74713
74939
74994
74998
75001
75005
75089
75097
75139
75143
75178
75219
75223
75233
75278
75301
75319
75323
75336
75339
75340
75341
75349
75374
75377
75382
75384
75405
75476
75485
75510
75553
75555
75556
75661
75724
76407
76482
76584
76859
76860
76861
76862
76863
76864
76865
76866
76867
76868
76869
76870
76871
76872
76933
76934
76977
76981
76991
77101
77104
77108
77109
77110
77131
77150
77187
77190
77194
77203
77208
77241
77466
77468
77477
77495
77552
77554
77606
77609
77663
77682
77971
77972
77973
77974
78023
78079
78091
78092
78120
78178
78182
78185
78186
78409
78412
78420
78421
78422
78425
78426
78427
78428
78429
78430
78431
78433
78434
78435
78436
78437
78439
78441
78442
78443
78445
78446
78448
78449
78460
78466
78467
78468
78480
78583
78584
78587
78588
78589
78590
78595
78597
78604
78622
78656
78668
78669
78672
78681
78682
78684
78685
78693
78716
78729
78734
78735
78736
78737
78739
78741
78786
78791
78802
78803
78804
78805
78831
78845
78847
78849
78851
78853
78856
78857
78906
78928
78931
78935
78953
78966
78967
79021
79032
79033
79034
79035
79036
79037
79038
79055
79089
79098
79099
79101
79107
79130
79133
79156
79220
79375
79377
79400
79436
79463
79497
79516
79532
79541
79546
79553
79616
79622
79635
79644
79650
79668
79711
79722
79724
79733
79762
79770
79777
79798
79807
79844
79889
79898
79909
79910
79914
79940
79941
79961
80009
80053
80109
80139
80148
80206
80212
80223
80247
80251
80270
80275
80298
80310
80328
80373
80429
80455
80468
80515
80584
80639
80649
80665
80668
80698
80704
80754
80767
80770
80817
80819
80909
80912
80975
80983
81020
81042
81116
81154
81157
81231
81247
81256
81272
81313
81341
81390
81413
81433
81447
81525
81528
81582
81603
81624
81709
81742
81761
81764
81781
81806
81850
81874
81918
81923
81945
81966
82043
82074
82075
82085
82095
82113
82122
82224
82226
82261
82275
82305
82324
82326
82356
82358
82411
82412
82417
82427
82446
82457
82461
82513
82542
82582
82591
82600
82640
82664
82666
82725
82728
82740
82773
82779
82798
82860
82894
82910
82956
82964
83003
83027
83081
83152
83156
83192
83248
83252
83317
83333
83351
83360
83374
83386
83388
83463
83482
83549
83567
83595
83616
83620
83658
83674
83683
83692
83718
83734
83753
83783
83804
83811
83815
83858
83860
83887
83902
83909
83926
83943
83947
83957
83973
83980
83981
83984
83989
83993
84021
84036
84043
84061
84115
84134
84145
84169
84176
84214
84239
84247
84267
84305
84362
84389
84391
84395
84423
84433
84435
84455
84457
84478
84514
84535
84565
84569
84585
84589
84605
84625
84655
84796
84813
84826
84828
84850
84876
84914
84925
84929
84933
84969
85032
85042
85057
85061
85080
85093
85098
85107
85133
85154
85165
85172
85274
85277
85300
85311
85318
85330
85342
85346
85349
85405
85408
85414
85418
85421
85429
85434
85454
85481
85487
85574
85576
85612
85645
85695
85760
85786
85831
85885
85895
85904
85919
85947
86006
86008
86010
86033
86058
86061
86075
86077
86082
86107
86114
86123
86131
86196
86199
86201
86206
86211
86268
86334
86361
86384
86446
86469
86475
86485
86488
86494
86506
86516
86522
86671
86686
86688
86706
86731
86767
86770
86774
86785
86795
86803
86822
86828
86837
86855
86897
86912
86931
86933
86944
86954
87059
87101
87196
87197
87230
87282
87301
87303
87316
87336
87338
87359
87365
87389
87401
87410
87422
87436
87460
87468
87503
87538
87581
87604
87650
87685
87698
87708
87719
87739
87744
87749
87789
87814
87821
87836
87838
87876
87883
87888
87911
87937
87957
87985
87994
88021
88028
88129
88131
88162
88194
88205
88207
88240
88305
88326
88340
88344
88367
88378
88430
88439
88451
88455
88488
88493
88516
88521
88562
88598
88613
88645
88658
88681
88690
88739
88769
88790
88792
88860
88917
88928
88948
89032
89060
89064
89066
89088
89091
89120
89204
89242
89263
89284
89300
89321
89322
89341
89361
89375
89396
89413
89425
89451
89476
89502
89567
89578
89594
89599
89618
89620
89625
89629
89631
89634
89645
89673
89695
89700
89738
89761
89774
89786
89806
89811
89843
89849
89867
89868
89882
89886
89888
89911
89949
89955
89960
90007
90010
90027
90029
90037
90039
90077
90099
90106
90108
90135
90137
90141
90148
90161
90168
90174
90177
90189
90196
90205
90221
90226
90233
90253
90278
90296
90312
90331
90355
90473
90516
90556
90559
90601
90625
90634
90678
90695
90715
90729
90782
90799
90805
90820
90826
90842
90845
90849
90851
90875
90892
90918
90970
91002
91096
91170
91186
91214
91217
91229
91233
91238
91243
91309
91313
91359
91372
91430
91482
91523
91568
91575
91603
91619
91645
91655
91664
91666
91682
91701
91756
91765
91766
91818
91895
91985
92005
92014
92026
92047
92053
92054
92073
92080
92099
92101
92119
92137
92138
92153
92170
92173
92219
92250
92264
92266
92318
92325
92329
92351
92363
92368
92403
92418
92424
92431
92452
92492
92498
92508
92533
92541
92573
92592
92594
92619
92710
92723
92789
92799
92818
92823
92857
92881
92897
92899
92939
92963
92985
92988
93004
93031
93059
93061
93065
93141
93154
93166
93187
93202
93225
93249
93289
93300
93321
93329
93330
93365
93409
93439
93448
93499
93506
93645
93650
93653
93697
93703
93726
93778
93781
93788
93799
93838
93840
93849
93863
93879
93886
93904
93911
93913
93924
93943
93945
93947
94020
94022
94029
94052
94056
94076
94080
94105
94108
94125
94167
94209
94218
94220
94326
94357
94398
94410
94423
94476
94494
94536
94552
94555
94558
94592
94596
94636
94662
94683
94712
94728
94788
94811
94816
94885
94899
94919
95011
95016
95045
95053
95055
95089
95092
95100
95103
95115
95117
95155
95193
95219
95228
95234
95257
95262
95285
95292
95303
95306
95326
95346
95350
95365
95374
95375
95382
95439
95477
95481
95488
95499
95501
95503
95515
95523
95527
95546
95555
95562
95581
95609
95623
95634
95663
95673
95688
95743
95751
95757
95809
95836
95869
95894
95942
95948
95952
95997
95999
96031
96069
96079
96080
96082
96096
96098
96100
96110
96133
96140
96165
96170
96188
96192
96259
96269
96287
96296
96299
96312
96326
96394
96396
96514
96539
96550
96555
96557
96558
96593
96606
96624
96629
96639
96658
96704
96714
96727
96737
96761
96764
96766
96779
96800
96814
96835
96850
96871
96902
96911
96914
96923
96928
96950
96975
97053
97077
97104
97111
97112
97184
97244
97252
97288
97315
97328
97331
97352
97370
97377
97388
97411
97436
97451
97456
97463
97486
97502
97511
97591
97659
97673
97721
97724
97726
97731
97751
97761
97770
97797
97802
97868
97919
98008
98010
98050
98073
98081
98096
98158
98199
98276
98279
98285
98289
98302
98314
98323
98327
98331
98361
98371
98383
98410
98420
98449
98474
98494
98593
98608
98616
98635
98639
98642
98649
98707
98781
98809
98815
98832
98834
98850
98863
98877
98884
98939
98977
98995
98996
99012
99014
99132
99167
99271
99273
99305
99323
99364
99377
99417
99452
99476
99540
99559
99560
99562
99566
99601
99649
99689
99693
99709
99727
99749
99767
99770
99773
99774
99859
99861
99867
99875
99878
99879
99893
99995
100084
100103
100260
100367
100375
100392
100424
100431
100439
100444
100457
100524
100525
100623
100645
100657
100673
100686
100708
100710
100754
100767
100775
100818
100832
100841
100845
100865
100914
100954
100957
100971
100974
100996
101009
101022
101050
101054
101058
101068
101090
101120
101185
101199
101206
101222
101226
101255
101257
101273
101287
101314
101315
101331
101346
101388
101416
101444
101458
101501
101502
101519
101530
101553
101562
101600
101610
101616
101675
101679
101702
101716
101728
101747
101772
101826
101828
101843
101864
101903
101926
101942
102022
102037
102068
102094
102097
102099
102109
102158
102235
102248
102255
102323
102331
102357
102362
102405
102408
102429
102451
102505
102592
102605
102687
102703
102709
102713
102716
102723
102732
102748
102784
102785
102791
102823
102831
102853
102857
102879
102962
103014
103017
103047
103072
103099
103111
103145
103171
103183
103209
103211
103293
103309
103349
103373
103420
103440
103477
103496
103507
103511
103548
103583
103638
103679
103682
103687
103698
103700
103728
103749
103797
103806
103883
103894
103902
103915
103935
103993
104021
104056
104069
104090
104094
104096
104102
104114
104124
104128
104191
104214
104307
104348
104353
104377
104383
104401
104413
104467
104468
104578
104585
104600
104652
104653
104709
104722
104734
104751
104754
104767
104771
104773
104776
104808
104904
104964
104966
104975
104979
104993
105023
105040
105130
105139
105197
105215
105226
105253
105255
105261
105266
105310
105338
105350
105365
105418
105436
105512
105540
105568
105602
105644
105646
105667
105703
105753
105810
105840
105861
105874
105878
105901
105926
105928
105938
105961
106003
106007
106022
106033
106051
106053
106138
106142
106151
106158
106181
106184
106189
106235
106251
106279
106295
106331
106389
106398
106408
106413
106416
106431
106442
106464
106556
106559
106624
106642
106651
106669
106699
106740
106802
106813
106825
106842
106849
106851
106868
106872
106902
106936
106964
106968
106988
106994
107001
107063
107081
107112
107165
107215
107229
107231
107240
107246
107284
107300
107320
107328
107334
107336
107386
107402
107411
107420
107421
107442
107457
107473
107481
107494
107516
107536
107538
107556
107560
107563
107617
107625
107642
107647
107689
107732
107742
107750
107793
107808
107835
107844
107866
107950
107968
107982
107989
107991
108013
108026
108069
108100
108118
108134
108190
108199
108217
108232
108235
108239
108269
108275
108311
108320
108362
108371
108420
108437
108438
108439
108495
108520
108645
108658
108733
108748
108797
108826
108851
108863
108869
108899
108912
108932
108948
108982
109009
109022
109051
109118
109127
109197
109199
109215
109274
109284
109312
109319
109388
109392
109452
109463
109467
109468
109474
109491
109494
109561
109590
109638
109657
109672
109764
109787
109789
109819
109824
109861
109895
109923
109924
109932
109953
109956
109969
109971
109974
109984
109988
109995
110009
110072
110073
110079
110083
110100
110133
110146
110148
110172
110206
110211
110218
110243
110273
110280
110298
110354
110414
110421
110423
110426
110449
110453
110475
110481
110522
110562
110658
110673
110675
110722
110739
110743
110748
110777
110827
110842
110849
110882
110900
110906
110907
110934
110944
110951
111010
111021
111047
111056
111066
111090
111118
111170
111179
111197
111230
111267
111275
111286
111325
111327
111359
111447
111458
111512
111562
111578
111592
111593
111615
111621
111623
111657
111663
111684
111689
111776
111798
111809
111812
111832
111848
111852
111857
111897
111909
111913
111920
111952
111968
111972
111991
112014
112030
112037
112044
112050
112060
112079
112097
112120
112148
112203
112213
112242
112265
112285
112327
112328
112343
112361
112366
112380
112387
112389
112394
112405
112407
112463
112566
112573
112577
112585
112613
112642
112671
112681
112710
112728
112854
112863
112877
112883
112885
112908
112912
112961
113022
113070
113089
113092
113137
113147
113198
113209
113221
113240
113249
113270
113273
113286
113295
113314
113325
113365
113385
113427
113430
113439
113445
113451
113465
113498
113527
113531
113566
113588
113616
113662
113685
113734
113743
113745
113777
113782
113809
113860
113886
113901
113922
113941
113975
113990
114001
114018
114019
114030
114032
114041
114093
114104
114120
114137
114161
114170
114189
114195
114220
114226
114234
114245
114254
114265
114293
114305
114314
114404
114414
114415
114434
114438
114451
114504
114505
114530
114547
114559
114581
114583
114590
114640
114649
114680
114683
114691
114724
114747
114803
114812
114839
114847
114848
114855
114931
114937
114967
114973
115035
115063
115066
115072
115082
115106
115114
115172
115203
115212
115234
115239
115252
115270
115288
115290
115299
115304
115320
115383
115390
115393
115401
115406
115417
115426
115441
115456
115477
115547
115567
115568
115602
115647
115649
115656
115709
115741
115742
115764
115783
115789
115806
115807
115828
115837
115866
115876
115891
115948
116004
116020
116040
116046
116052
116054
116066
116071
116074
116081
116108
116129
116161
116176
116192
116236
116245
116283
116295
116344
116364
116370
116380
116456
116462
116468
116476
116479
116526
116546
116560
116608
116621
116641
116660
116686
116694
116735
116780
116795
116797
116808
116816
116819
116835
116843
116868
116869
116920
116948
116949
116968
116986
116989
117005
117008
117014
117015
117017
117018
117020
117030
117036
117073
117079
117096
117109
117131
117148
117164
117174
117181
117186
117194
117200
117355
117379
117406
117424
117452
117469
117480
117494
117497
117501
117502
117504
117575
117603
117606
117619
117637
117685
117688
117711
117748
117766
117787
117817
117829
117877
117917
117928
117929
117935
117967
117992
117993
118101
118136
118149
118173
118176
118212
118240
118242
118245
118246
118269
118288
118357
118423
118431
118456
118460
118462
118466
118482
118484
118506
118519
118573
118580
118658
118660
118671
118691
118694
118735
118739
118742
118750
118772
118799
118829
118876
118902
118923
118927
118968
118985
119124
119193
119194
119200
119227
119346
119379
119420
119421
119430
119440
119460
119471
119499
119526
119601
119614
119618
119646
119690
119695
119803
119820
119826
119828
119850
119936
119941
119951
119952
119958
119992
119995
120003
120041
120053
120066
120079
120082
120089
120103
120118
120132
120148
120156
120158
120175
120207
120217
120244
120323
120373
120404
120485
120491
120500
120524
120540
120577
120628
120646
120659
120668
120685
120701
120711
120743
120804
120810
120816
120830
120860
120884
120940
120955
120962
120997
121068
121135
121143
121190
121206
121215
121220
121258
121312
121393
121395
121427
121440
121442
121455
121457
121476
121477
121490
121513
121543
121572
121577
121583
121606
121644
121674
121699
121736
121778
121786
121789
121812
121830
121834
121842
121859
121876
121888
121892
121917
121950
121952
122002
122068
122083
122088
122099
122138
122186
122195
122213
122232
122236
122257
122261
122275
122336
122340
122357
122375
122387
122389
122398
122422
122450
122480
122537
122560
122567
122571
122594
122597
122604
122644
122684
122708
122713
122720
122738
122757
122782
122798
122800
122815
122824
122834
122849
122864
122870
122874
122894
122901
122927
122938
122947
123027
123059
123065
123133
123134
123135
123188
123191
123216
123228
123317
123335
123383
123399
123434
123443
123470
123488
123511
123517
123545
123550
123587
123636
123656
123667
123693
123714
123719
123758
123769
123785
123789
123806
123849
123860
123861
123966
124079
124086
124089
124108
124147
124203
124216
124227
124250
124255
124264
124272
124317
124321
124325
124341
124386
124405
124433
124511
124518
124541
124599
124608
124609
124623
124636
124643
124645
124649
124689
124719
124768
124772
124805
124809
124851
124888
124891
124909
124915
124929
124961
124963
124966
125013
125023
125033
125097
125109
125111
125131
125140
125145
125167
125190
125263
125294
125303
125344
125360
125366
125371
125388
125445
125493
125528
125555
125571
125574
125603
125614
125618
125666
125669
125675
125735
125765
125800
125811
125833
125856
125878
125886
125948
125969
125971
125999
126005
126015
126039
126040
126056
126061
126094
126100
126121
126216
126240
126250
126290
126339
126346
126356
126381
126456
126469
126470
126514
126545
126560
126598
126618
126629
126639
126643
126645
126646
126650
126655
126670
126677
126697
126708
126740
126743
126757
126772
126774
126792
126799
126850
126918
126927
126941
126948
126955
126963
127032
127034
127055
127075
127093
127101
127103
127113
127124
127212
127233
127236
127256
127278
127308
127351
127362
127368
127373
127422
127436
127454
127561
127566
127571
127595
127600
127643
127657
127693
127714
127745
127748
127779
127826
127829
127835
127894
127933
127942
127961
127983
128004
128034
128039
128053
128076
128086
128113
128122
128144
128147
128153
128193
128218
128273
128294
128296
128298
128321
128331
128335
128365
128407
128437
128481
128496
128515
128556
128575
128659
128672
128677
128681
128692
128696
128713
128715
128722
128724
128725
128747
128756
128772
128784
128836
128859
128866
128878
128882
128917
128958
128967
128989
128990
129052
129054
129076
129129
129193
129196
129198
129203
129220
129267
129302
129312
129319
129332
129335
129338
129365
129393
129409
129418
129438
129455
129459
129468
129500
129501
129509
129526
129540
129546
129551
129570
129590
129598
129611
129614
129656
129692
129716
129722
129728
129744
129749
129771
129780
129852
129889
129892
129927
129932
129945
129954
129996
130017
130026
130076
130089
130097
130151
130209
130210
130220
130256
130264
130274
130410
130468
130469
130475
130530
130548
130568
130599
130603
130628
130633
130643
130647
130683
130697
130741
130751
130790
130802
130809
130822
130841
130848
130856
130859
130904
130916
130945
130948
130959
130963
130972
130975
131023
131058
131091
131097
131109
131138
131143
131149
131175
131209
131214
131216
131220
131302
131304
131316
131320
131326
131344
131420
131464
131494
131540
131566
131630
131733
131761
131856
131874
131878
131889
131903
131953
132057
132099
132115
132146
132147
132158
132164
132183
132187
132223
132279
132281
132298
132306
132323
132331
132362
132401
132456
132459
132473
132483
132485
132492
132495
132533
132537
132544
132557
132565
132607
132654
132666
132673
132689
132690
132697
132764
132815
132854
132859
132861
132876
132919
132956
132988
133014
133019
133041
133067
133085
133111
133136
133234
133246
133311
133327
133438
133451
133514
133544
133554
133595
133603
133612
133647
133736
133757
133804
133847
133859
133877
133983
133995
134002
134010
134020
134076
134079
134104
134105
134144
134160
134164
134233
134281
134289
134315
134316
134318
134371
134428
134469
134533
134539
134573
134574
134598
134620
134635
134656
134659
134678
134692
134703
134714
134744
134758
134760
134762
134765
134804
134830
134861
134874
134932
135075
135083
135088
135093
135103
135107
135140
135156
135191
135193
135225
135245
135262
135264
135281
135301
135358
135373
135394
135439
135459
135472
135482
135495
135524
135546
135555
135600
135607
135615
135623
135674
135689
135697
135717
135743
135757
135793
135804
135810
135837
135885
135910
135930
135932
136067
136111
136117
136174
136220
136226
136296
136309
136311
136319
136320
136394
136414
136433
136435
136450
136492
136499
136501
136520
136544
136569
136587
136592
136627
136629
136630
136667
136679
136708
136722
136739
136747
136758
136787
136788
136792
136806
136833
136856
136864
136902
136910
136937
137004
137050
137098
137105
137132
137153
137159
137186
137210
137267
137272
137283
137285
137354
137391
137393
137396
137404
137505
137511
137515
137518
137606
137628
137632
137645
137662
137664
137688
137692
137694
137702
137765
137776
137781
137785
137789
137830
137936
137951
137969
137982
137991
138026
138031
138057
138070
138073
138081
138082
138092
138108
138124
138128
138172
138221
138230
138287
138349
138375
138467
138472
138491
138495
138518
138538
138559
138572
138573
138615
138624
138655
138671
138680
138682
138688
138745
138770
138779
138809
138832
138846
138876
138884
138886
138888
138901
138922
138926
138955
138962
138971
139061
139070
139165
139251
139256
139288
139361
139375
139423
139426
139462
139495
139514
139517
139562
139568
139606
139680
139688
139690
139752
139763
139772
139793
139908
139933
139942
139944
139947
139966
139978
140017
140019
140044
140071
140094
140124
140140
140199
140215
140239
140262
140266
140293
140296
140342
140360
140426
140452
140478
140481
140508
140527
140537
140684
140691
140705
140765
140837
140843
140889
140895
140916
140943
140954
140967
141033
141061
141063
141064
141117
141122
141126
141129
141153
141166
141211
141236
141241
141272
141276
141349
141350
141360
141464
141495
141513
141523
141542
141551
141562
141631
141702
141720
141765
141772
141830
141846
141855
141864
141870
141920
141935
141957
141962
141966
141997
142017
142035
142059
142069
142085
142134
142146
142148
142156
142164
142167
142189
142208
142235
142247
142286
142290
142300
142312
142338
142353
142370
142380
142396
142397
142447
142467
142496
142501
142503
142515
142517
142549
142555
142580
142640
142644
142652
142710
142724
142741
142761
142762
142786
142798
142813
142829
142834
142870
143007
143067
143092
143105
143157
143182
143195
143207
143226
143255
143273
143280
143284
143286
143331
143333
143359
143371
143400
143430
143476
143495
143539
143646
143647
143660
143672
143673
143694
143788
143828
143862
143881
143890
143928
143969
143982
143986
143994
144054
144063
144131
144140
144164
144192
144224
144231
144256
144258
144263
144265
144296
144297
144368
144444
144472
144478
144495
144496
144552
144588
144612
144623
144632
144646
144690
144703
144717
144751
144767
144778
144803
144817
144818
144824
144861
144889
144905
144930
144961
144981
144983
145008
145033
145043
145080
145105
145124
145154
145163
145171
145181
145198
145235
145248
145274
145311
145326
145337
145354
145365
145375
145386
145393
145400
145407
145437
145457
145462
145483
145509
145575
145579
145633
145644
145659
145666
145681
145700
145727
145731
145752
145767
145770
145784
145788
145799
145817
145820
145876
145890
145940
145983
145993
146066
146092
146121
146178
146244
146259
146295
146346
146348
146353
146355
146369
146370
146386
146433
146456
146468
146474
146524
146526
146581
146601
146642
146664
146665
146696
146716
146718
146729
146772
146812
146818
146823
146832
146840
146855
146870
146906
146951
146983
147008
147020
147031
147034
147047
147109
147186
147200
147202
147205
147212
147214
147219
147228
147260
147362
147380
147396
147401
147407
147415
147458
147460
147461
147530
147537
147547
147552
147590
147627
147629
147666
147670
147692
147713
147757
147772
147803
147835
147845
147875
147879
147883
147933
147944
147947
147961
147977
147980
147993
148054
148066
148085
148102
148104
148110
148113
148122
148126
148139
148183
148191
148197
148222
148235
148261
148288
148318
148323
148330
148337
148394
148424
148448
148472
148481
148521
148535
148558
148567
148583
148615
148617
148622
148631
148645
148651
148659
148660
148666
148696
148701
148737
148773
148799
148808
148816
148870
148889
148892
148933
148946
148948
148955
148983
149043
149053
149057
149067
149069
149172
149174
149201
149236
149258
149274
149300
149336
149342
149343
149356
149387
149399
149447
149460
149480
149524
149538
149543
149555
149578
149584
149596
149603
149628
149656
149661
149674
149707
149708
149716
149795
149801
149816
149835
149839
149876
149879
149905
149910
149915
149946
149965
149973
149994
150077
150080
150095
150109
150111
150179
150201
150251
150253
150260
150277
150309
150313
150335
150369
150379
150388
150429
150486
150512
150554
150652
150685
150712
150722
150745
150755
150764
150772
150777
150800
150804
150826
150832
150837
150848
150850
150852
150880
150889
150900
150906
150907
150913
150916
150920
150974
150976
150978
150988
151042
151082
151083
151092
151100
151111
151136
151145
151155
151163
151167
151169
151234
151277
151305
151314
151325
151353
151371
151390
151433
151458
151516
151523
151537
151563
151589
151630
151667
151668
151677
151683
151685
151726
151794
151798
151810
151827
151835
151871
151882
151885
151905
151920
151928
151950
151952
151990
151994
152038
152115
152118
152127
152143
152161
152167
152176
152304
152312
152338
152368
152421
152473
152477
152479
152493
152499
152509
152527
152534
152538
152581
152645
152647
152677
152684
152728
152749
152752
152804
152816
152819
152834
152844
152860
152931
152940
152948
152957
152982
152994
153020
153022
153033
153034
153051
153064
153146
153148
153161
153172
153178
153238
153252
153264
153276
153278
153305
153312
153316
153323
153334
153350
153353
153431
153451
153517
153529
153551
153565
153571
153581
153587
153590
153608
153610
153614
153623
153637
153650
153680
153742
153752
153796
153801
153805
153863
153887
153916
153929
153940
153961
153992
154000
154013
154035
154042
154079
154082
154126
154175
154211
154218
154220
154240
154252
154254
154279
154293
154312
154317
154319
154337
154365
154458
154470
154478
154502
154539
154563
154571
154603
154619
154640
154667
154722
154729
154747
154766
154773
154788
154790
154828
154832
154860
154866
154883
154949
154964
154978
155046
155055
155061
155120
155121
155156
155158
155167
155174
155200
155318
155334
155347
155348
155354
155387
155415
155429
155433
155437
155444
155454
155518
155538
155539
155555
155556
155562
155577
155594
155651
155670
155675
155719
155721
155725
155732
155737
155824
155857
155863
155866
155887
155903
155927
155933
155958
155966
155993
155996
156013
156018
156061
156087
156089
156101
156116
156120
156123
156149
156176
156182
156194
156199
156230
156238
156286
156339
156385
156387
156411
156432
156497
156505
156564
156625
156636
156665
156675
156676
156678
156704
156712
156736
156761
156775
156781
156800
156810
156834
156928
156930
156939
156953
157000
157014
157022
157054
157082
157118
157121
157123
157128
157162
157183
157206
157229
157264
157267
157299
157316
157337
157353
157375
157385
157403
157464
157482
157495
157539
157582
157588
157650
157671
157686
157725
157730
157750
157852
157853
157861
157875
157877
157900
157913
157929
157939
157948
157979
158008
158093
158098
158124
158136
158150
158166
158170
158185
158187
158189
158257
158263
158265
158281
158301
158307
158321
158391
158405
158406
158412
158436
158437
158451
158481
158488
158502
158504
158556
158562
158567
158601
158609
158636
158650
158683
158687
158704
158721
158725
158746
158788
158798
158800
158820
158829
158846
158871
158880
158881
158911
158922
158926
158928
158957
159127
159191
159214
159227
159250
159282
159298
159305
159332
159343
159344
159368
159373
159382
159402
159430
159443
159459
159472
159508
159519
159532
159543
159551
159560
159578
159590
159601
159610
159649
159671
159721
159765
159827
159835
159840
159847
159854
159855
159877
159903
159918
159927
159951
159988
159997
159998
160000
160013
160025
160036
160050
160089
160158
160186
160197
160236
160243
160248
160270
160312
160316
160338
160386
160391
160418
160450
160457
160502
160514
160523
160530
160536
160603
160615
160619
160637
160679
160682
160697
160709
160764
160777
160790
160818
160836
160847
160865
160869
160932
160953
160955
160972
160993
161006
161042
161049
161054
161090
161118
161121
161123
161126
161141
161145
161153
161208
161277
161283
161343
161345
161370
161397
161402
161422
161433
161471
161518
161540
161584
161589
161624
161634
161649
161665
161671
161682
161692
161729
161742
161780
161823
161829
161884
161902
161904
161909
161939
161987
161995
162004
162032
162041
162045
162058
162064
162096
162152
162201
162236
162278
162280
162290
162301
162306
162365
162399
162430
162458
162474
162479
162481
162644
162666
162670
162723
162946
162947
162948
162949
162950
162951
162952
162953
162954
162955
162956
162957
162958
162959
162966
162967
162968
162979
163194
163195
163198
163199
163206
163207
163227
163228
163232
163233
163244
163245
163248
163249
163252
163253
163256
163257
163258
163259
163270
163271
163274
163275
163282
163283
163290
163292
163296
163297
163392
163398
163427
163440
163452
163454
163495
163496
163497
163498
163515
163526
163529
163535
163537
163573
163578
163579
163586
163587
163588
163589
163590
163591
163592
163593
163594
163595
163596
163597
163598
163602
163603
163604
163606
163607
163608
163609
163611
163612
163614
163615
163617
163618
163620
163622
163629
163633
163640
163641
163646
163647
163661
163662
163671
163680
163687
163698
163699
163700
163708
163727
163729
163780
163781
163782
163786
163806
163807
163808
163810
163811
163813
163818
163825
163864
163898
163923
163926
163983
163984
164002
164005
164023
164034
164035
164042
164049
164051
164059
164123
164124
164125
164126
164136
164141
164148
164149
164171
164172
164173
164174
164185
164186
164189
164190
164193
164194
164197
164198
164201
164202
164221
164231
164268
164269
164271
164285
164297
164300
164303
164312
164328
164330
164332
164342
164344
164345
164348
164373
164446
164447
164448
164449
164454
164455
164458
164459
164462
164463
164477
164490
164501
164502
164519
164521
164523
164526
164527
164642
164648
164651
165128
165129
165135
165136
165139
165144
165145
165146
165147
165150
165151
165152
165153
165154
165155
165156
165157
165158
165159
165160
165161
165162
165163
165164
165165
165166
165167
165168
165169
165170
165171
165172
165173
165174
165176
165177
165178
165179
165180
165185
165187
165188
165189
165192
165207
165208
165209
165210
165217
165218
165219
165221
165222
165225
165226
165227
165228
165229
165230
165231
165232
165233
165234
165235
165236
165238
165239
165240
165241
165242
165243
165244
165245
165246
165247
165248
165249
165433
165434
165436
165437
165440
165441
165535
165536
165538
165539
165584
165594
165631
165632
165666
165667
165670
165687
165698
165704
165710
165716
165736
165737
165739
165760
165766
165768
165769
165770
165771
165787
165790
165797
165798
165800
165801
165803
165804
165805
165806
165807
165808
165814
165815
165838
165843
165853
165854
165855
165863
165869
165878
165880
165886
165892
165893
165894
165895
165898
165900
165901
165902
165903
165906
165925
165926
165962
165967
165968
165969
165970
165971
165972
165973
165974
165977
165980
165981
165982
165983
165984
165985
165995
165996
165997
165998
166154
166155
166156
166157
166188
166189
166192
166193
166196
166197
166200
166201
166204
166207
166288
166296
166297
166298
166299
166303
166308
166341
166343
166394
166395
166396
166397
166398
166422
166423
166425
166426
166427
166428
166568
166845
166897
166926
166927
167032
167047
167063
167107
167108
167113
167118
167123
167132
167159
167165
167166
167168
167172
167174
167232
167236
167239
167242
167245
167262
167269
167270
167271
167272
167275
167277
167278
167279
167281
167283
167284
167285
167286
167287
167289
167298
167304
167307
167310
167311
167326
167327
167328
167329
167333
167334
167335
167336
167337
167339
167341
167343
167344
167345
167385
167414
167446
167460
167471
167491
167492
167493
167497
167500
167502
167504
167525
167526
167527
167528
167529
167530
167542
167547
167552
167553
167557
167571
167572
167577
167599
167600
167601
167602
167603
167606
167607
167746
167758
167806
167807
167818
167826
167903
167904
168063
168064
168074
168075
168076
168099
168104
168132
168133
168134
168135
168146
168148
168150
168152
168154
168233
168236
168237
168238
168245
168249
168250
168251
168255
168290
168291
168292
168303
168304
168305
168324
168325
168326
168328
168330
168331
168332
168339
168381
168408
168413
168436
168439
168440
168441
168454
168466
168517
168518
168519
168522
168523
168524
168531
168532
168533
168546
168547
168548
168562
168563
168564
168593
168613
168615
168616
168633
168643
168649
168650
168651
168664
168665
168666
168677
168678
168679
168680
168681
168682
168683
168684
168686
168687
168688
168701
168702
168703
168706
168707
168708
168711
168746
168750
168766
168822
168842
168889
168890
168891
168904
168920
168924
168932
168940
168941
168942
168949
168951
168952
168961
168962
168974
168975
168976
168978
168979
168980
168981
168982
168983
168984
168985
169009
169010
169442
169443
169444
169445
169446
169447
169448
169449
169592
169689
169690
169691
169692
169728
169739
169743
169759
169895
169923
169925
169929
169960
169962
169966
169971
169973
169975
169977
170006
170009
170024
170034
170036
170053
170055
170056
170058
170070
170096
170110
170113
170115
170118
170147
170162
170169
170190
170205
170206
170207
170208
170210
170226
170229
170288
170289
170358
170359
170383
170406
170475
170542
170550
170551
170552
170553
170554
170555
170562
170564
170567
170600
170603
170613
170616
170625
170631
170642
170665
170689
170782
170795
170799
170842
170916
170920
170922
170932
170950
170983
171009
171015
171025
171062
171091
171129
171144
171160
171203
171238
171246
171276
171278
171305
171310
171325
171359
171365
171374
171413
171463
171496
171506
171528
171598
171602
171642
171685
171698
171716
171722
171731
171737
171775
171779
171798
171830
171900
171940
171964
171970
172069
172074
172081
172132
172146
172155
172156
172160
172191
172236
172239
172240
172271
172274
172281
172384
172392
172411
172421
172423
172440
172468
172478
172495
172535
172544
172547
172562
172563
172566
172582
172592
172629
172631
172636
172647
172665
172669
172673
172674
172677
172681
172739
172744
172751
172756
172778
172791
172792
172793
172794
172835
172836
172839
172844
172845
172849
172850
172853
172858
172862
172863
172867
172868
172870
172873
172877
172882
172884
172887
172892
172896
172901
172920
172926
172928
172969
172973
172977
172986
172994
173072
173116
173119
173121
173125
173128
173140
173144
173159
173163
173174
173211
173229
173239
173262
173275
173276
173277
173278
173287
173289
173292
173293
173405
173419
173423
173431
173438
173455
173467
173473
173474
173486
173490
173496
173500
173530
173553
173563
173585
173586
173587
173601
173602
173606
173607
173609
173640
173641
173674
173678
173724
173726
173755
173758
173761
173762
173773
173777
173794
173863
173873
173898
173910
173951
173956
173961
173974
173990
174004
174018
174034
174038
174041
174045
174049
174059
174062
174100
174110
174113
174116
174119
174122
174125
174149
174153
174155
174157
174161
174164
174166
174170
174171
174175
174176
174180
174183
174193
174199
174215
174223
174239
174361
174362
174363
174364
174365
174366
174367
174368
174369
174370
174371
174372
174373
174374
174375
174376
174377
174378
174379
174380
174381
174382
174383
174384
174385
174386
174387
174388
174408
174410
174430
174432
174433
174435
174438
174449
174451
174452
174454
174457
174459
174460
174462
174465
174467
174469
174470
174472
174475
174479
174481
174483
174484
174486
174489
174491
174493
174494
174496
174499
174501
174502
174504
174532
174540
174541
174542
174543
174546
174547
174548
174549
174550
174551
174552
174553
174554
174555
174556
174557
174558
174559
174560
174561
174562
174563
174564
174565
174566
174573
174574
174575
174578
174580
174581
174583
174586
174589
174591
174592
174594
174596
174601
174606
174607
174608
174609
174610
174611
174612
174613
174614
174615
174616
174617
174618
174619
174620
174621
174622
174623
174624
174625
174626
174629
174630
174631
174632
174633
174634
174635
174636
174637
174638
174639
174640
174641
174642
174643
174644
174645
174646
174647
174648
174649
174650
174651
174652
174653
174654
174655
174656
174657
174658
174659
174660
174661
174662
174663
174664
174665
174666
174667
174668
174669
174670
174671
174672
174673
174674
174675
174676
174677
174678
174679
174680
174681
174682
174683
174684
174685
174686
174687
174688
174904
175072
175115
175122
175132
175147
175148
175155
175188
175189
175197
175199
175223
175226
175231
175264
175265
175266
175267
175272
175282
175284
175299
175303
175305
175308
175309
175310
175336
175338
175339
175341
175343
175348
175350
175379
175382
175391
175392
175393
175394
175399
175400
175401
175402
175404
175405
175406
175407
175408
175409
175411
175413
175416
175418
175420
175421
175437
175438
175453
175454
175455
175456
175460
175461
175466
175487
175523
175525
175529
175530
175532
175534
175537
175538
175539
175549
175550
175551
175552
175553
175558
175559
175560
175574
175593
175600
175601
175604
175605
175607
175608
175610
175612
175616
175617
175618
175619
175621
175629
175635
175636
175637
175647
175672
175678
175704
175707
175708
175709
175710
175711
175713
175714
175716
175718
175725
175755
175756
175758
175772
175783
175787
175808
175809
175811
175814
175940
175942
175958
175970
175971
175972
175992
175993
176005
176006
176007
176012
176014
176015
176017
176038
176039
176051
176052
176072
176076
176079
176106
176119
176160
176167
176197
176439
176446
176447
176448
176449
176458
176459
176545
176546
176547
176548
176549
176552
176553
176555
176556
176582
176583
176584
176585
176589
176590
176591
176643
176644
176645
176646
176651
176652
176655
176657
176676
176681
176682
176684
176685
176702
176722
176730
176732
176733
176734
176735
176740
176742
176743
176744
176758
176764
176766
176838
176878
176879
176880
176881
176886
176887
176888
176906
176914
176915
176918
176919
176924
176928
176936
176942
176943
176944
176951
176961
176962
176964
176965
176966
176974
176978
176982
176984
176985
176989
176990
176992
176997
176998
176999
177002
177009
177010
177011
177012
177013
177014
177015
177016
177017
177028
177070
177077
177078
177079
177086
177236
177240
177241
177243
177244
177279
177281
177286
177287
177291
177294
177295
177296
177298
177299
177300
177302
177303
177304
177306
177307
177308
177309
177310
177312
177315
177316
177317
177318
177319
177320
177321
177322
177323
177324
177328
177329
177331
177332
177333
177334
177335
177336
177337
177338
177339
177343
177344
177349
177350
177351
177353
177354
177355
177356
177357
177358
177362
177363
177364
177365
177366
177367
177368
177369
177370
177371
177372
177373
177374
177375
177376
177377
177378
177379
177380
177381
177382
177383
177384
177385
177386
177387
177388
177389
177390
177391
177392
177393
177394
177395
177396
177402
177403
177404
177405
177406
177407
177408
177409
177410
177411
177412
177413
177414
177415
177416
177417
177418
177419
177420
177421
177422
177423
177437
177444
177455
177461
177462
177467
177484
177485
177503
177504
177546
177577
177603
177611
177618
177625
177657
177658
177660
177663
177669
177670
177711
177740
177744
177771
177805
177807
177817
177819
177858
177874
177879
177897
177915
177949
177960
177969
177992
178021
178031
178075
178093
178095
178134
178144
178166
178173
178177
178217
178250
178255
178273
178301
178303
178305
178335
178381
178402
178426
178442
178444
178460
178515
178518
178520
178534
178563
178566
178584
178605
178634
178648
178660
178661
178674
178762
178772
178784
178803
178818
178844
178848
178862
178894
178904
178909
178944
178966
179012
179014
179060
179063
179101
179143
179179
179181
179232
179259
179296
179308
179316
179317
179378
179379
179413
179430
179438
179470
179529
179541
179546
179549
179576
179687
179745
179766
179791
179801
179854
179865
179870
179885
179914
179927
179995
180103
180119
180143
180153
180156
180164
180166
180187
180286
180316
180331
180375
180385
180400
180411
180442
180445
180488
180578
180587
180616
180662
180739
180745
180780
180786
180798
180811
180829
180867
180919
180964
181026
181038
181080
181097
181112
181121
181148
181166
181173
181190
181227
181236
181296
181329
181367
181370
181374
181377
181390
181399
181405
181406
181428
181439
181441
181472
181487
181504
181523
181546
181552
181554
181589
181609
181651
181659
181674
181721
181722
181736
181833
181845
181884
181889
181908
181910
181932
181938
181960
181986
182019
182047
182057
182069
182083
182136
182154
182189
182211
182216
182226
182227
182229
182260
182275
182281
182305
182316
182318
182344
182347
182353
182356
182400
182404
182430
182441
182468
182475
182489
182531
182542
182592
182649
182708
182792
182841
182863
182879
182894
182954
182971
183031
183040
183067
183081
183111
183114
183116
183119
183160
183183
183198
183257
183264
183269
183276
183302
183306
183342
183367
183368
183383
183400
183403
183408
183413
183420
183424
183426
183435
183453
183469
183488
183491
183523
183526
183528
183565
183585
183638
183661
183673
183680
183750
183786
183833
183848
183928
183979
184013
184052
184066
184089
184113
184118
184121
184174
184221
184228
184249
184258
184269
184289
184354
184361
184379
184381
184382
184390
184400
184408
184414
184416
184503
184528
184543
184577
184588
184599
184621
184647
184675
184687
184688
184704
184709
184736
184752
184757
184808
184815
184839
184851
184873
184896
184910
184926
184934
184962
184979
184996
185015
185029
185032
185034
185040
185081
185145
185181
185196
185198
185223
185230
185244
185250
185257
185262
185283
185300
185306
185347
185399
185415
185424
185433
185439
185460
185480
185523
185578
185590
185599
185600
185630
185737
185739
185752
185769
185774
185784
185833
185835
185840
185894
185902
185941
185984
186011
186029
186049
186065
186101
186178
186203
186236
186237
186246
186277
186291
186304
186404
186415
186422
186445
186449
186451
186472
186476
186544
186573
186579
186594
186648
186670
186686
186687
186688
186689
186743
186749
186750
186753
186760
186770
186779
186780
186781
186783
186786
186793
186821
186834
186838
186839
186843
186846
186863
186872
186875
186882
186918
186919
186922
186926
186927
186938
186939
186940
186942
186947
186948
186981
187006
187054
187058
187059
187061
187062
187112
187115
187118
187123
187124
187125
187126
187127
187128
187129
187130
187132
187133
187134
187135
187137
187138
187139
187140
187141
187143
187144
187145
187147
187149
187156
187157
187168
187169
187170
187171
187174
187210
187221
187224
187257
187274
187275
187279
187283
187284
187289
187352
187353
187359
187363
187372
187373
187374
187377
187378
187382
187387
187388
187390
187395
187414
187415
187419
187503
187504
187558
187559
187562
187563
187566
187568
187578
187579
187580
187581
187583
187584
187585
187588
187590
187591
187593
187594
187595
187599
187601
187608
187609
187612
187617
187618
187621
187626
187633
187634
187646
187647
187648
187649
187650
187652
187653
187654
187655
187657
187660
187665
187668
187677
187678
187682
187683
187687
187688
187691
187692
187697
187701
187702
187711
187712
187713
187714
187721
187722
187834
187838
187840
187842
187844
187845
187848
187852
187853
187854
187855
187856
187857
187858
187859
187861
187862
187863
187894
187900
187904
187905
187908
187909
187923
187924
187931
187941
187959
187977
187979
187980
187983
188002
188005
188006
188007
188033
188039
188040
188045
188046
188047
188048
188049
188050
188051
188052
188063
188065
188076
188095
188109
188111
188112
188114
188120
188122
188124
188131
188138
188141
188145
188153
188155
188184
188185
188187
188189
188202
188207
188208
188212
188213
188215
188238
188240
188251
188272
188292
188315
188334
188380
188398
188409
188440
188454
188463
188466
188485
188505
188532
188544
188549
188705
188707
188730
188731
188764
188771
188782
188786
188798
188844
188851
188853
188885
188886
188910
188921
188922
188926
188927
188940
188944
188974
188979
188982
188991
188995
189033
189041
189061
189063
189064
189069
189073
189075
189076
189078
189079
189083
189119
189139
189141
189149
189175
189181
189187
189189
189252
189262
189291
189306
189312
189321
189322
189354
189361
189381
189382
189392
189394
189395
189396
189449
189452
189453
189466
189551
189554
189555
189556
189562
189592
189594
189606
189610
189615
189619
189620
189626
189627
189656
189669
189696
189719
189731
189732
189733
189736
189737
189747
189766
189778
189835
189842
189844
189876
189893
189898
189904
189905
189920
189933
189938
189955
189959
189960
189967
189978
189981
189982
190013
190018
190049
190054
190060
190062
190078
190087
190098
190099
190112
190113
190115
190116
190121
190122
190129
190138
190147
190151
190162
190171
190197
190223
190261
190262
190263
190264
190279
190280
190283
190288
190291
190349
190370
190423
190430
190439
190491
190492
190504
190505
190506
190510
190513
190519
190533
190537
190539
190540
190546
190552
190567
190569
190578
190579
190596
190602
190603
190606
190643
190644
190650
190651
190714
190717
190741
190742
190744
190747
190756
190776
190777
190809
190840
190843
190850
190851
190852
190853
190854
190860
190861
190862
190884
190902
190913
190919
190950
190958
190961
190964
190970
190979
190980
190996
191007
191008
191009
191012
191013
191020
191023
191050
191066
191067
191068
191069
191070
191071
191074
191076
191077
191078
191079
191080
191086
191087
191088
191098
191108
191127
191130
191144
191150
191151
191176
191190
191194
191203
191223
191230
191232
191233
191243
191244
191247
191272
191285
191286
191318
191332
191388
191427
191431
191468
191492
191515
191521
191522
191533
191534
191542
191548
191564
191568
191587
191594
191598
191605
191607
191625
191689
191696
191712
191734
191740
191742
191744
191753
191755
191790
191793
191803
191815
191836
191837
191838
191839
191856
191859
191865
191866
191879
191908
191921
191936
191977
192013
192160
192179
192180
192181
192216
192217
192224
192225
192228
192232
192239
192265
192269
192287
192331
192332
192333
192361
192381
192413
192416
192420
192458
192504
192510
192511
192514
192572
192574
192584
192619
192633
192636
192655
192686
192710
192757
192763
192775
192784
192811
192822
192838
192844
192856
192860
192864
192877
192939
192942
192947
192955
192958
192962
192966
192973
192974
192975
192978
193014
193037
193045
193048
193074
193093
193094
193104
193158
193161
193170
193298
193307
193309
193310
193311
193313
193339
193347
193356
193383
193401
193458
193464
193477
193503
193524
193528
193565
193577
193585
193632
193665
193689
193735
193739
193776
193778
193824
193832
193872
193873
193874
193883
193894
193902
193976
194021
194025
194049
194088
194089
194112
194126
194127
194157
194185
194287
194292
194333
194344
194347
194383
194399
194403
194467
194481
194500
194505
194517
194519
194521
194562
194605
194673
194678
194680
194682
194691
194706
194722
194739
194786
194813
194883
194901
194909
194910
194912
194921
194956
195047
195100
195105
195157
195166
195230
195246
195269
195298
195332
195409
195420
195481
195533
195592
195598
195617
195618
195619
195620
195634
195718
195731
195749
195769
195771
195805
195812
195817
195818
195823
195920
195928
195933
195965
195968
195996
195997
195999
196005
196006
196009
196011
196013
196014
196024
196037
196038
196040
196056
196057
196058
196065
196075
196077
196080
196119
196131
196137
196160
196161
196171
196207
196215
196224
196238
196253
196269
196270
196271
196338
196346
196360
196363
196393
196428
196449
196452
196457
196458
196462
196474
196476
196480
196482
196483
196486
196494
196516
196518
196519
196521
196524
196537
196543
196547
196548
196555
196561
196563
196564
196572
196573
196581
196594
196602
196603
196604
196607
196608
196610
196618
196628
196644
196645
196647
196648
196650
196709
196726
196738
196782
196795
196796
196800
196838
196845
196856
196857
196874
196894
196895
196900
196903
196919
196920
196922
196925
196967
196976
196988
196995
196996
197005
197008
197009
197014
197015
197018
197035
197041
197043
197050
197054
197065
197066
197067
197068
197069
197071
197075
197079
197081
197084
197092
197097
197129
197136
197139
197154
197165
197170
197177
197208
197240
197243
197245
197255
197256
197259
197275
197278
197281
197284
197289
197290
197295
197301
197317
197320
197322
197325
197336
197354
197355
197364
197372
197376
197379
197388
197391
197394
197400
197402
197404
197411
197412
197422
197442
197462
197469
197473
197477
197481
197549
197638
197677
197678
197681
197702
197706
197707
197722
197723
197729
197731
197732
197738
197739
197743
197745
197756
197774
197798
197801
197807
197823
197825
197845
197856
197857
197858
197860
197869
197872
197889
197891
197895
197897
197900
197902
197919
197921
197925
197927
197937
197951
197964
197975
197990
197991
198001
198002
198003
198010
198016
198022
198041
198043
198050
198058
198059
198060
198061
198063
198069
198072
198073
198075
198077
198079
198082
198084
198085
198088
198090
198096
198097
198105
198106
198113
198115
198121
198122
198129
198138
198139
198143
198149
198152
198173
198175
198177
198192
198193
198205
198221
198225
198230
198235
198245
198248
198249
198268
198271
198293
198313
198330
198335
198336
198345
198358
198359
198363
198364
198373
198377
198396
198409
198413
198425
198442
198447
198451
198532
198572
198582
198590
198599
198601
198607
198625
198656
198657
198665
198673
198679
198681
198682
198689
198691
198698
198699
198734
198769
198787
198788
198804
198805
198807
198812
198871
198876
198877
198878
198888
198891
198920
198925
198926
198930
198932
198934
198937
198938
198942
198955
198981
198994
199001
199026
199093
199249
199289
199290
199297
199298
199299
199307
199308
199309
199325
199326
199327
199328
199330
199331
199332
199333
199338
199339
199340
199343
199344
199345
199346
199349
199350
199351
199352
199356
199360
199363
199364
199365
199366
199367
199368
199370
199372
199373
199374
199376
199391
199392
199394
199395
199396
199410
199411
199422
199425
199426
199428
199431
199452
199455
199465
199478
199480
199481
199491
199499
199510
199530
199547
199568
199619
199623
199625
199636
199641
199658
199719
199731
199772
199801
199857
199929
199971
