0
1
2
3
4
5
6
7
19
20
21
22
23
24
25
26
27
62
63
64
74
123
124
125
126
127
128
129
130
131
132
133
134
135
136
280
281
840
841
842
843
955
957
958
1303
1305
1311
1402
1403
1404
1405
1453
1454
1837
1838
1839
1840
1850
1852
1930
2415
3710
3711
3712
3713
3714
3715
5315
5433
7774
8677
8802
8846
8848
8850
8852
8854
8856
8858
8859
8860
8861
8862
8863
8888
8889
8890
8891
8892
8893
8894
8895
8896
8897
8898
8899
9046
9047
9048
9049
9050
9051
9052
9053
9054
9055
9056
9057
9060
9061
9062
9063
9064
9065
9066
9067
9068
9069
9070
9071
9096
9097
9098
9099
9100
9101
9102
9103
9104
9105
9106
9107
9112
9113
9114
9115
9116
9117
9118
9119
9120
9121
9122
9123
9167
9168
9169
9170
9171
9172
9173
9174
9175
9176
9177
9178
9244
9293
9299
9300
9301
9302
9303
9304
9305
11077
11078
11080
11084
11090
11092
11099
11101
11118
11362
11393
11564
11613
11807
11808
11809
11810
11811
11812
11813
11814
11815
11816
11817
11818
11819
11820
11840
11841
12010
12011
12012
12013
12014
12015
12120
12121
12123
12125
12131
12369
12550
12556
12566
12597
12726
12733
12747
12753
12773
12774
12791
12847
12886
12963
12969
12996
13006
13022
13049
13054
13058
13063
13070
13080
13086
13100
13114
13170
13225
13234
13273
13276
13292
13325
13343
13353
13369
13372
13457
14560
15145
15147
15149
15151
15178
15186
15188
15191
15192
15194
15196
15223
15225
15227
15229
15231
15234
15236
15240
15244
15260
15262
15266
15308
15309
15310
15311
15313
15315
15325
15379
15381
15407
15409
15413
15417
15436
15451
15479
15483
15491
15521
15535
15548
15599
15616
15752
15757
15769
15795
15809
15823
15864
15865
15868
15897
15900
15943
15975
16024
16087
16097
16142
16154
16159
16188
16192
16194
16231
16244
16248
16260
16270
16327
16361
16380
16434
16444
16463
16507
16529
16552
16585
16619
16654
16689
16698
16716
16744
16754
16755
16787
16810
16819
16867
16888
16893
16944
16973
16975
16989
17015
17044
17046
17056
17088
17099
17103
17116
17129
17131
17189
17192
17215
17233
17266
17278
17355
17371
17399
17401
17410
17428
17458
17485
17515
17583
17586
17596
17607
17678
17693
17696
17739
17788
17808
17817
17830
17832
17834
17835
17852
17858
17928
17961
17977
17984
18006
18027
18062
18086
18112
18135
18140
18165
18199
18235
18264
18273
18286
18301
18316
18331
18352
18380
18419
18495
18548
18559
18571
18613
18652
18661
18787
18808
18810
18812
18899
18901
18933
18934
18936
18969
18970
18971
19009
19011
19012
19015
19016
19019
19029
19062
19112
19209
19210
19216
19217
19224
19225
19226
19228
19229
19232
19234
19236
19238
19243
19247
19256
19257
19266
19277
19280
19281
19282
19298
19321
19328
19349
19361
19365
19371
19380
19395
19408
19413
19440
19475
19527
19530
19552
19593
19600
19604
19606
19608
19653
19662
19696
19697
19699
19713
19719
19720
19721
19722
19724
19726
19730
19731
19732
19733
19737
19738
19739
19750
19754
19769
19770
19775
19816
19817
19828
19845
19847
19884
19892
19895
19897
19898
19899
19903
19904
19905
19906
19907
19909
19910
19911
19915
19919
19920
19921
19928
19938
19942
19944
19971
19977
19979
19981
19982
19983
19990
19991
19992
19996
19997
20000
20002
20003
20004
20005
20006
20029
20030
20031
20032
20049
20105
20106
20159
20164
20252
20265
20269
20270
20272
20280
20282
20286
20288
20290
20293
20297
20298
20301
20307
20327
20330
20355
20356
20358
20365
20368
20378
20392
20434
20437
20457
20459
20461
20466
20476
20480
20525
20529
20541
20542
20543
20545
20547
20554
20557
20561
20568
20604
20626
20633
20634
20635
20655
20674
20677
20698
20727
20731
20735
20736
20737
20753
20763
20764
20769
20781
20793
20794
20805
20806
20807
20808
20817
20880
20929
20971
20977
20981
20989
21036
21043
21044
21045
21047
21054
21110
21118
21200
21215
21219
21220
21221
21241
21244
21289
21322
21362
21363
21371
21372
21373
21374
21448
21478
21479
21480
21481
21522
21535
21543
21559
21560
21561
21571
21588
21589
21590
21631
21647
21658
21722
21748
21775
21778
21788
21797
21828
21882
21888
21898
21922
21927
21984
21996
22010
22023
22031
22050
22068
22079
22081
22098
22100
22103
22135
22158
22160
22195
22202
22207
22214
22222
22229
22237
22244
22288
22328
22348
22360
22363
22370
22373
22374
22471
22472
22509
22511
22551
22578
22593
22647
22710
22736
22737
22738
22744
22754
22785
22815
22820
22846
22863
22915
22917
22920
22922
22935
22985
22992
23008
23029
23054
23060
23076
23078
23104
23108
23127
23129
23210
23222
23238
23239
23245
23252
23255
23266
23277
23288
23289
23292
23298
23313
23317
23321
23328
23329
23337
23338
23340
23349
23353
23354
23356
23364
23368
23372
23373
23375
23377
23378
23401
23411
23428
23429
23433
23434
23435
23436
23438
23454
23457
23462
23469
23473
23479
23488
23494
23495
23496
23504
23511
23516
23517
23520
23526
23527
23535
23536
23546
23547
23559
23561
23603
23631
23645
23646
23652
23701
23704
23708
23734
23742
23750
23768
23773
23774
23775
23857
23859
23860
23861
23868
23869
23871
24325
24327
25284
25298
25349
25350
25411
25413
25415
25423
25426
25447
25471
25472
25473
25478
25480
25482
25483
25484
25485
25486
25489
25490
25491
25493
25494
25497
25500
25506
25510
25517
25518
25520
25522
25523
25528
25533
25534
25537
25539
25541
25542
25550
25551
25552
25554
25579
25582
25620
25622
25630
25633
25885
25887
25970
25978
26003
26072
26076
26123
26136
26138
26140
26199
26310
26317
26331
26332
26336
26338
26341
26418
26427
26470
26474
26476
26480
26497
26515
26522
26529
26531
26582
26589
26608
26621
26637
26647
26657
26667
26670
26688
26721
26734
26735
26766
26771
26783
26811
26813
26817
26825
26842
26855
26861
26871
26873
26876
26878
26880
26881
26923
26975
27003
27010
27023
27034
27056
27061
27091
27098
27146
27187
27191
27198
27202
27219
27240
27278
27280
27363
27381
27384
27407
27415
27464
27478
27521
27532
27559
27639
27666
27682
27715
27726
27735
27768
27784
27787
27806
27853
27895
27919
27950
27996
28030
28097
28123
28128
28154
28188
28230
28282
28286
28291
28344
28358
28382
28393
28397
28402
28481
28509
28534
28630
28633
28661
28673
28721
28778
28835
28887
28902
28911
28964
28965
28966
28967
28968
28971
28979
28981
28992
29039
29076
29091
29097
29121
29131
29146
29167
29168
29177
29187
29194
29217
29218
29219
29220
29223
29224
29227
29228
29280
29297
29346
29356
29361
29410
29422
29435
29467
29484
29532
29533
29647
29648
29665
29666
29669
29670
29673
29674
29675
29676
29687
29688
29691
29692
29695
29696
29699
29700
29701
29702
29712
29714
29717
29718
29725
29726
29729
29734
29797
29798
29836
29841
29846
29897
29915
29916
29917
29918
29929
29930
29933
29934
29937
29938
29941
29942
29946
29947
29987
29989
29991
29994
29997
29999
30000
30012
30203
30205
30217
30219
30221
30632
30636
30637
30641
30642
30643
30644
30649
30650
30653
30654
30657
30658
30664
30669
30671
30698
30702
30706
30765
30766
31035
31041
31153
31154
31194
31201
31213
31219
31220
31222
31223
31224
31226
31227
31228
31229
31231
31256
31257
31299
31311
31319
31320
31321
31322
31325
31332
31336
31340
31342
31344
31348
31350
31352
31353
31356
31357
31361
31362
31377
31394
31395
31396
31402
31403
31405
31413
31416
31421
31422
31444
31452
31454
31455
31457
31463
31483
31486
31487
31489
31490
31491
31492
31520
31533
31541
31544
31591
31596
31598
31599
31600
31603
31607
31608
31609
31610
31611
31614
31615
31616
31617
31618
31619
31620
31623
31624
31626
31627
31628
31629
31630
31631
31632
31633
31634
31635
31636
31638
31641
31652
31659
31660
31661
31674
31676
31677
31679
31684
31686
31688
31692
31694
31696
31701
31702
31704
31707
31710
31712
31715
31718
31720
31722
31735
31742
31743
31744
31745
31746
31747
31749
31761
31762
31763
31764
31765
31766
31767
31768
31769
31770
31771
31772
31773
31774
31775
31776
31777
31778
31779
31780
31781
31782
31815
31816
31817
31818
31819
31820
31821
31823
31824
31825
31826
31827
31828
31829
31830
31831
31832
31833
31834
31835
31836
31837
31838
31839
31840
31841
31842
31843
31844
31845
31846
31847
31848
31849
31850
31851
31852
31853
31854
31855
31856
31857
31858
31860
31861
31862
31863
31864
31865
31866
31867
31868
31869
31870
31871
31892
31901
31902
31903
31912
31926
31931
31932
31933
31934
31935
31936
31937
31938
31939
31940
31941
31942
31943
31944
31945
31992
31994
31995
32002
32014
32019
32020
32021
32022
32024
32034
32035
32036
32037
32039
32044
32045
32049
32051
32052
32053
32054
32056
32059
32060
32061
32062
32063
32064
32065
32066
32068
32069
32070
32071
32072
32073
32074
32075
32076
32077
32079
32080
32081
32084
32085
32086
32087
32088
32089
32091
32092
32093
32094
32095
32096
32097
32098
32099
32100
32101
32102
32103
32104
32105
32106
32107
32108
32109
32110
32111
32112
32113
32114
32115
32116
32117
32119
32121
32122
32123
32124
32125
32126
32127
32128
32129
32130
32131
32132
32133
32134
32135
32136
32137
32141
32142
32246
32247
32249
32252
32253
32278
32280
32281
32282
32333
32349
32350
32354
32358
32373
32377
32378
32379
32401
32409
32410
32415
32417
32419
32420
32421
32425
32469
32484
32486
32538
32547
32585
32649
32659
32692
32695
32710
32720
32741
32754
32795
32814
32824
32859
32866
32879
32903
32938
32953
32981
32996
33033
33064
33078
33177
33212
33216
33225
33245
33254
33255
33259
33266
33290
33298
33357
33359
33369
33395
33417
33422
33431
33438
33565
33606
33627
33656
33738
33777
33784
33858
33883
33992
34017
34040
34059
34091
34112
34146
34168
34197
34201
34202
34203
34208
34209
34229
34238
34283
34284
34303
34304
34331
34334
34335
34338
34421
34425
34426
34452
34454
34489
34490
34492
34520
34521
34523
34533
34538
34548
34549
34550
34552
34561
34565
34576
34577
34579
34584
34588
34597
34598
34599
34602
34607
34610
34666
34667
34674
34935
34972
34973
34975
34979
34982
35020
35023
35026
35029
35032
35036
35038
35039
35040
35041
35042
35043
35045
35046
35048
35051
35052
35054
35055
35056
35059
35066
35077
35083
35084
35096
35097
35099
35107
35127
35135
35136
35137
35138
35139
35140
35141
35142
35143
35144
35145
35146
35147
35148
35185
35186
35189
35190
35193
35194
35197
35198
35208
35209
35245
35246
35247
35255
35256
35257
35260
35261
35262
35263
35265
35266
35269
35270
35277
35278
35279
35280
35281
35283
35285
35292
35300
35321
35324
35328
35337
35341
35345
35348
35378
35379
35437
35443
35455
35467
35468
35470
35474
35475
35493
35521
35527
35576
35577
35579
35580
35583
35584
35586
35588
35591
35597
35598
35599
35600
35602
35605
35606
35651
35677
35679
35692
35694
35695
35698
35699
35703
35706
35707
35708
35711
35713
35714
35725
35729
35730
35732
35733
35735
35736
35737
35738
35739
35740
35741
35742
35743
35744
35745
35746
35754
35755
35758
35759
35760
35780
35782
35784
35786
35792
35802
35807
35815
35826
35986
36025
36065
36289
36290
36291
36292
36293
36294
36313
36427
36428
36437
36438
36451
36452
36453
36459
36461
36462
36489
36491
36508
36550
36569
36582
36583
36586
36588
36589
36605
36606
36607
36622
36624
36625
36679
36680
36681
36731
36732
36733
36745
36746
36747
36758
36759
36760
36763
36764
36765
36793
36796
36827
36830
36850
36923
36929
36943
37099
37100
37101
37102
37122
37144
37151
37152
37430
37432
37440
37442
37443
37461
37462
37472
37473
37475
37476
37477
37478
37479
37480
37481
37482
37744
37825
37830
37836
37838
37839
37841
37843
37844
38000
38001
38002
38003
38004
38005
38006
38007
38058
38120
38158
38159
38160
38174
38175
38183
38188
38190
38191
38192
38193
38258
38262
38286
38288
38634
38637
38648
38651
38712
38713
38714
38719
38720
38727
38753
38775
38776
38777
38778
38793
38794
38835
38836
38883
38885
38896
38897
38898
38899
38907
38914
38915
38916
38917
38945
38946
38947
38948
38949
38950
38951
38952
38982
38983
38984
38985
38988
39021
39023
39037
39047
39051
39052
39058
39059
39062
39087
39094
39107
39127
39142
39156
39157
39163
39175
39178
39190
39191
39192
39201
39202
39203
39204
39205
39224
39225
39226
39227
39276
39278
39280
39283
39286
39290
39292
39294
39296
39299
39300
39309
39310
39312
39313
39316
39317
39318
39319
39330
39331
39352
39353
39356
39357
39358
39359
39360
39372
39373
39374
39375
39376
39377
39378
39379
39380
39629
39630
39631
39669
39670
39672
39673
39678
39679
39680
39681
39688
39691
39692
39752
39754
39756
39758
39760
39762
39765
39768
39784
39785
39824
39922
39923
39924
39926
39927
39928
39954
39956
39972
39989
40046
40051
40052
40053
40054
40072
40075
40093
40094
40095
40096
40097
40117
40126
40136
40137
40138
40155
40156
40158
40159
40160
40161
40162
40163
40164
40165
40166
40167
40168
40169
40170
40171
40172
40173
40174
40175
40176
40177
40178
40179
40180
40181
40182
40183
40184
40185
40186
40187
40188
40189
40191
40262
40265
40299
40488
40498
40503
40504
40505
40507
40512
40513
40515
40516
40518
40541
40548
40553
40558
40564
40566
40567
40572
40586
40593
40596
40601
40602
40603
40604
40618
40619
40620
40621
40622
40623
40627
40628
40629
40630
40632
40634
40635
40637
40638
40639
40640
40642
40643
40645
40646
40647
40667
40671
40675
40680
40683
40686
40689
40690
40691
40692
40694
40696
40698
40704
40706
40707
40708
40711
40717
40732
40791
40798
40800
40801
40802
40803
40806
40814
40815
40817
40819
40822
40823
40824
40826
40829
40830
40832
40834
40836
40837
40839
40845
40848
40849
40852
40866
40868
40873
40889
40891
40919
40921
40922
40932
40948
40952
40954
40999
41009
41060
41071
41123
41150
41227
41234
41239
41240
41244
41264
41265
41320
41336
41337
41339
41366
41383
41384
41385
41388
41389
41391
41392
41393
41397
41398
41405
41407
41417
41423
41455
41462
41463
41464
41466
41468
41470
41472
41474
41476
41478
41480
41493
41496
41506
41511
41518
41519
41520
41521
41522
41523
41555
41556
41558
41561
41567
41569
41644
41646
41647
41650
41651
41654
41749
41773
41838
41974
42021
42028
42035
42058
42066
42068
42106
42123
42159
42252
42283
42299
42375
42417
42452
42487
42497
42534
42535
42550
42573
42596
42607
42624
42627
42629
42768
42770
42771
42776
42794
42800
42818
42828
42836
42853
42856
42865
42879
42889
42906
42912
42934
42975
42978
42997
43008
43013
43016
43020
43026
43027
43028
43029
43032
43035
43144
43149
43151
43152
43153
43154
43170
43223
43233
43235
43238
43239
43240
43241
43250
43251
43252
43253
43417
43418
43433
43437
43443
43444
43445
43446
43447
43448
43450
43451
43452
43453
43456
43459
43463
43464
43465
43470
43471
43472
43473
43475
43477
43495
43497
43498
43500
43501
43503
43506
43508
43535
43541
43574
43577
43587
43589
43591
43615
43619
43620
43621
43622
43638
43670
43673
43728
43751
43753
43756
43797
43822
43886
43891
43892
43894
43905
43906
43921
43938
43939
43940
43941
43942
43961
43972
43979
43981
43982
43984
43997
44002
44003
44004
44051
44052
44053
44058
44128
44131
44134
44147
44150
44154
44174
44180
44182
44184
44187
44188
44189
44190
44192
44193
44195
44196
44199
44235
44238
44253
44263
44291
44293
44306
44310
44311
44324
44329
44332
44335
44347
44353
44354
44358
44367
44376
44378
44379
44381
44385
44404
44405
44409
44452
44462
44466
44494
44508
44509
44523
44526
44534
44564
44644
44646
44654
44657
44659
44677
44723
44724
44728
44757
44769
44793
44815
44833
44835
44836
44837
44838
44839
44840
44857
44866
44867
44872
44879
44912
44947
44951
44963
44982
44988
44994
45003
45032
45046
45058
45060
45066
45076
45086
45129
45141
45186
45433
45467
45484
45505
45558
45568
45639
45644
45646
45654
45691
45724
45758
45761
45766
45781
45798
45818
45866
45915
45928
46048
46114
46155
46167
46189
46196
46251
46279
46327
46369
46379
46447
46456
46482
46492
46562
46592
46646
46647
46672
46734
46740
46827
46858
46878
46886
46906
46938
46954
46984
46998
47011
47059
47071
47077
47132
47163
47189
47209
47210
47211
47212
47216
47217
47221
47223
47225
47227
47229
47231
47239
47242
47243
47255
47286
47303
47306
47322
47323
47324
47326
47328
47330
47365
47380
47384
47397
47425
47435
47436
47438
47456
47457
47460
47473
47474
47476
47500
47508
47509
47510
47511
47513
47516
47517
47518
47519
47520
47521
47522
47524
47526
47530
47531
47533
47536
47538
47540
47544
47546
47550
47557
47558
47560
47562
47563
47565
47566
47567
47568
47569
47570
47571
47573
47574
47575
47576
47577
47578
47579
47616
47617
47618
47619
47620
47626
47641
47642
47647
47648
47649
47650
47684
47703
47708
47713
47717
47719
47726
47735
47742
47749
47759
47764
47765
47770
47771
47772
47778
47782
47787
47814
47821
47826
47838
47841
47844
47851
47854
47855
47856
47857
47872
47875
47876
47879
47883
47884
47888
47891
47896
47898
47904
47919
47923
47925
47927
47929
47931
47935
47936
47937
47939
47942
47959
47961
47962
47963
47964
47968
47971
47976
47984
47987
47988
47989
47993
48037
48039
48040
48041
48042
48043
48044
48056
48060
48066
48067
48070
48076
48083
48085
48096
48099
48100
48101
48102
48103
48104
48110
48119
48121
48126
48129
48190
48193
48194
48196
48204
48205
48206
48207
48208
48210
48211
48212
48213
48214
48239
48276
48290
48291
48292
48294
48300
48344
48348
48349
48350
48351
48352
48353
48354
48364
48385
48397
48424
48427
48465
48474
48476
48498
48499
48503
48504
48505
48506
48507
48508
48509
48551
48565
48570
48577
48583
48587
48590
48654
48676
48677
48682
48683
48684
48694
48757
48771
48775
48782
48798
48799
48822
48842
48855
48856
48904
48935
48938
48956
48973
48983
48990
49064
49087
49088
49103
49106
49117
49140
49151
49178
49271
49288
49325
49381
49393
49421
49429
49483
49496
49512
49525
49541
49557
49598
49620
49652
49655
49665
49671
49687
49728
49749
49778
49800
49804
49806
49807
49808
49812
49815
49829
49831
49834
49835
49852
49853
49887
49894
49902
49951
49971
49976
49999
50002
50025
50028
50030
50037
50038
50042
50044
50047
50051
50052
50061
50078
50081
50090
50124
50132
50195
50218
50222
50239
50282
50286
50287
50288
50290
50317
50329
50343
50351
50352
50353
50362
50363
50396
50426
50492
50493
50526
50531
50548
50550
50552
50557
50567
50568
50577
50578
50582
50592
50596
50602
50617
50623
50641
50646
50696
50706
50721
50740
50762
50764
50789
50797
50800
50828
50836
50837
50851
50872
50891
50910
50914
50955
50958
50991
50993
50999
51000
51015
51017
51021
51026
51027
51095
51110
51125
51127
51138
51145
51161
51204
51210
51234
51254
51319
51327
51345
51378
51382
51387
51388
51389
51390
51391
51393
51395
51397
51398
51401
51429
51443
51450
51477
51486
51506
51508
51513
51531
51542
51555
51565
51566
51567
51572
51575
51604
51615
51616
51621
51622
51623
51626
51636
51656
51661
51662
51673
51674
51675
51676
51677
51686
51687
51690
51694
51698
51699
51704
51714
51718
51722
51750
51783
51794
51795
51798
51799
51803
51817
51819
51830
51863
51864
51865
51867
51868
51881
51888
51892
51895
51898
51903
51904
51905
51906
51907
51926
51932
51955
51961
51971
51986
52009
52011
52040
52047
52048
52068
52080
52097
52114
52115
52116
52124
52126
52128
52129
52132
52147
52148
52175
52177
52181
52186
52189
52203
52214
52215
52216
52218
52225
52236
52244
52253
52255
52266
52267
52278
52292
52294
52302
52313
52323
52337
52347
52366
52375
52386
52411
52413
52415
52420
52421
52427
52471
52472
52484
52491
52497
52503
52505
52506
52507
52510
52511
52512
52520
52527
52548
52549
52550
52552
52554
52555
52558
52588
52594
52612
52613
52619
52629
52647
52649
52650
52671
52710
52718
52720
52729
52734
52736
52737
52744
52745
52746
52750
52754
52758
52763
52767
52770
52774
52798
52819
52829
52870
52873
52874
52875
52877
52878
52932
52933
52934
52952
52954
52958
52965
52966
52971
52975
52987
52997
53005
53008
53010
53016
53020
53037
53048
53061
53065
53067
53070
53077
53082
53102
53104
53137
53142
53144
53153
53155
53160
53161
53163
53165
53167
53168
53171
53173
53177
53179
53181
53182
53183
53184
53188
53207
53225
53250
53253
53264
53265
53267
53268
53269
53283
53293
53311
53317
53318
53322
53323
53325
53327
53335
53339
53340
53341
53353
53366
53367
53368
53369
53370
53406
53408
53409
53410
53411
53412
53413
53414
53417
53441
53449
53452
53453
53454
53455
53458
53459
53460
53461
53466
53467
53468
53475
53477
53480
53485
53486
53491
53494
53495
53496
53507
53548
53665
53668
53695
53696
53697
53699
53702
53703
53728
53731
53737
53747
53770
53772
53773
53774
53775
53781
53804
53805
53815
53816
53826
53832
53835
53836
53847
53848
53849
53850
53856
53874
53875
53876
53881
53884
53891
53923
53927
53928
53929
53930
53931
53933
53961
53962
53968
53969
53971
53972
53976
54004
54005
54006
54007
54008
54010
54011
54013
54019
54028
54029
54030
54032
54036
54037
54045
54047
54051
54052
54065
54066
54067
54076
54082
54097
54100
54103
54104
54129
54133
54134
54147
54149
54150
54154
54156
54161
54191
54193
54204
54207
54210
54214
54215
54220
54222
54223
54224
54225
54227
54228
54229
54230
54235
54237
54239
54240
54246
54259
54260
54261
54265
54269
54275
54276
54277
54278
54288
54289
54305
54314
54318
54320
54325
54336
54343
54346
54348
54361
54362
54363
54376
54377
54378
54380
54381
54384
54386
54396
54397
54398
54400
54404
54405
54416
54426
54435
54442
54443
54444
54457
54460
54501
54579
54616
54632
54654
54701
54713
54716
54717
54719
54721
54726
54737
54748
54760
54761
54790
54791
54793
54795
54797
54802
54832
54834
54844
54845
54868
54881
54884
54887
54895
54897
54903
54907
54909
54911
54912
54914
54920
54922
54963
54966
54990
54992
55115
55117
55118
55119
55122
55124
55127
55150
55153
55160
55196
55197
55198
55201
55203
55205
55206
55210
55213
55215
55217
55232
55235
55239
55242
55261
55264
55266
55268
55302
55322
55336
55346
55350
55355
55367
55374
55387
55388
55389
55390
55395
55405
55421
55424
55425
55432
55433
55434
55440
55442
55443
55445
55447
55448
55450
55451
55452
55468
55469
55470
55471
55554
55557
55607
55608
55609
55625
55626
55688
55689
55691
55704
55706
55709
55712
55716
55719
55748
55750
55767
55768
55769
55770
55785
55786
55787
55789
55790
55791
55792
55793
55794
55802
55803
55805
55807
55811
55812
55813
55816
55817
55818
55819
55820
55821
55822
55824
55825
55832
55844
55845
55846
55849
55852
55853
55856
55861
55862
55866
55868
55869
55871
55874
55875
55879
55881
55882
55892
55895
55896
55897
55899
55901
55908
55909
55911
55912
55916
55919
55920
55923
55931
55932
55934
55935
55947
55948
55949
55951
55956
55960
55964
55965
55968
55969
55970
55976
55980
55985
55986
55987
55988
55989
55991
55992
55994
55995
55996
56000
56002
56003
56004
56006
56007
56008
56010
56011
56013
56016
56019
56020
56021
56025
56031
56036
56039
56045
56046
56048
56050
56051
56052
56053
56054
56055
56058
56062
56073
56075
56077
56080
56083
56084
56085
56096
56098
56112
56139
56140
56144
56214
56217
56260
56267
56276
56282
56301
56305
56320
56327
56328
56329
56330
56334
56335
56339
56341
56342
56347
56348
56352
56353
56354
56355
56356
56358
56359
56361
56362
56363
56367
56370
56371
56375
56378
56382
56383
56387
56392
56393
56399
56400
56401
56403
56406
56407
56413
56414
56415
56422
56423
56426
56435
56438
56439
56440
56455
56464
56468
56485
56488
56491
56493
56494
56496
56499
56503
56505
56516
56517
56521
56528
56539
56540
56542
56544
56545
56546
56547
56551
56552
56555
56563
56566
56567
56568
56572
56583
56584
56589
56594
56596
56597
56598
56679
56699
56728
56752
56753
56755
56760
56778
56782
56800
56804
56825
56832
56833
56834
56838
56842
56848
56849
56850
56851
56856
56858
56876
56878
56918
56919
56920
56921
56923
56924
56925
56929
56965
56981
56982
56983
56984
56985
56987
56988
56989
56992
57000
57001
57003
57005
57009
57012
57018
57019
57020
57024
57025
57029
57030
57032
57036
57041
57043
57044
57048
57054
57056
57061
57065
57066
57076
57081
57083
57084
57088
57096
57102
57103
57108
57111
57112
57122
57123
57125
57129
57130
57132
57133
57150
57157
57175
57176
57177
57178
57189
57190
57192
57193
57197
57198
57204
57205
57206
57207
57208
57209
57211
57213
57214
57220
57226
57231
57239
57240
57241
57242
57244
57246
57249
57251
57252
57253
57254
57256
57258
57261
57264
57265
57266
57268
57270
57271
57273
57280
57281
57282
57283
57284
57290
57291
57292
57298
57302
57313
57314
57319
57321
57333
57334
57337
57338
57340
57349
57353
57354
57355
57356
57358
57360
57363
57365
57370
57373
57374
57375
57377
57378
57380
57383
57388
57392
57393
57394
57401
57406
57407
57409
57410
57418
57419
57420
57422
57425
57426
57432
57433
57435
57440
57444
57453
57454
57456
57457
57458
57459
57460
57463
57464
57465
57466
57467
57468
57470
57474
57476
57477
57481
57482
57483
57484
57485
57500
57501
57502
57503
57515
57516
57517
57523
57525
57528
57529
57531
57533
57539
57540
57541
57543
57550
57558
57564
57578
57583
57588
57597
57608
57621
57622
57624
57625
57628
57629
57684
57688
57692
57702
57703
57707
57717
57718
57737
57740
57742
57750
57754
57755
57761
57772
57773
57774
57775
57777
57780
57783
57786
57790
57791
57800
57803
57804
57811
57818
57878
57879
57891
57892
57895
57898
57899
57906
57909
57912
57932
57933
57934
57945
57946
57947
57949
57953
57956
57958
57964
57966
57967
57968
57972
57973
57974
57975
57978
57980
57982
57983
57987
57988
57990
58009
58010
58016
58017
58018
58020
58022
58025
58028
58029
58033
58035
58036
58037
58039
58044
58052
58056
58058
58059
58063
58112
58168
58179
58184
58186
58197
58198
58199
58204
58208
58212
58215
58223
58231
58240
58243
58247
58249
58250
58251
58252
58254
58256
58263
58264
58265
58266
58268
58269
58276
58286
58287
58295
58298
58299
58302
58304
58327
58328
58331
58332
58333
58338
58342
58343
58345
58347
58350
58364
58367
58379
58380
58381
58382
58383
58384
58389
58390
58391
58393
58396
58397
58401
58410
58411
58413
58416
58419
58420
58423
58424
58426
58428
58435
58436
58437
58438
58439
58442
58443
58444
58455
58467
58474
58532
58563
58566
58568
58572
58575
58581
58605
58608
58612
58613
58614
58615
58618
58619
58621
58623
58630
58633
58648
58649
58660
58661
58668
58679
58680
58693
58782
58811
58812
58859
58867
58869
58928
58987
58990
59003
59007
59009
59011
59013
59022
59023
59025
59056
59138
59143
59146
59151
59155
59156
59157
59158
59166
59171
59172
59174
59177
59178
59182
59192
59196
59200
59203
59257
59262
59265
59271
59279
59281
59305
59306
59309
59312
59316
59319
59321
59323
59343
59354
59355
59360
59377
59380
59383
59396
59400
59404
59415
59427
59431
59432
59433
59437
59439
59471
59476
59482
59485
59506
59521
59529
59532
59539
59540
59542
59546
59552
59596
59606
59607
59610
59614
59615
59618
59619
59621
59622
59655
59667
59694
59745
59800
59816
59835
59882
59906
59909
59910
60046
60081
60093
60094
60105
60126
60186
60222
60237
60248
60249
60281
60321
60355
60356
60391
60400
60543
60562
60579
60644
60667
60711
60712
60715
60718
60721
60781
60793
60802
60812
60817
60839
60862
60868
60910
60941
60951
60952
60962
61049
61093
61115
61124
61151
61186
61232
61348
61365
61375
61385
61399
61408
61430
61476
61518
61523
61533
61546
61570
61573
61582
61588
61606
61609
61615
61641
61644
61747
61749
61766
61849
61853
61855
61879
61979
61980
61984
61992
62028
62038
62068
62075
62078
62089
62102
62103
62104
62106
62108
62111
62113
62139
62143
62150
62154
62162
62163
62187
62188
62189
62190
62191
62193
62195
62197
62225
62238
62247
62277
62282
62290
62316
62317
62326
62328
62334
62339
62340
62347
62348
62349
62351
62354
62356
62361
62380
62382
62385
62388
62391
62402
62403
62405
62422
62443
62466
62499
62522
62545
62560
62567
62581
62583
62584
62593
62594
62595
62596
62598
62599
62600
62601
62627
62634
62639
62680
62690
62699
62713
62717
62726
62727
62757
62773
62775
62780
62781
62795
62796
62805
62806
62807
62809
62811
62813
62817
62821
62822
62824
62829
62830
62831
62833
62834
62835
62836
62843
62848
62849
62881
62883
62884
62885
62891
62898
62899
62900
62901
62902
62911
62913
62928
62941
62948
62977
62980
63015
63017
63020
63032
63059
63099
63150
63179
63205
63206
63207
63226
63228
63229
63231
63263
63264
63265
63272
63293
63294
63303
63314
63318
63325
63326
63328
63350
63351
63352
63355
63356
63358
63360
63362
63363
63367
63368
63374
63399
63408
63420
63421
63424
63425
63428
63446
63455
63490
63528
63543
63552
63558
63563
63585
63652
63654
63675
63715
63731
63743
63772
63815
63869
63893
63912
63914
63925
63931
63942
63950
63959
63973
63976
64005
64007
64022
64057
64099
64106
64113
64118
64120
64124
64165
64189
64190
64199
64202
64231
64242
64255
64273
64317
64363
64396
64408
64429
64445
64505
64516
64517
64519
64555
64579
64588
64596
64597
64617
64655
64661
64721
64727
64741
64762
64817
64830
64876
64888
64892
64918
64923
64936
64938
64946
64948
64994
65020
65022
65055
65088
65098
65103
65109
65116
65123
65152
65199
65201
65210
65220
65221
65234
65272
65289
65300
65301
65318
65350
65390
65413
65416
65429
65437
65442
65457
65468
65504
65513
65533
65541
65549
65580
65595
65606
65609
65611
65642
65668
65690
65749
65751
65764
65828
65855
65882
65895
65919
65934
65938
65943
65955
65956
65994
66003
66075
66076
66077
66138
66171
66191
66199
66205
66208
66218
66223
66273
66295
66303
66320
66329
66356
66367
66369
66378
66381
66386
66390
66391
66392
66393
66394
66396
66397
66424
66427
66488
66489
66495
66496
66526
66528
66541
66594
66596
66597
66598
66602
66621
66646
66649
66659
66667
66668
66680
66690
66696
66719
66736
66772
66773
66783
66784
66785
66786
66788
66789
66796
66800
66832
66845
66862
66865
66866
66869
66870
66872
66876
66878
66883
66885
66916
66917
66921
66984
66990
66991
66995
66996
66997
66999
67000
67001
67003
67004
67007
67014
67016
67019
67020
67109
67130
67133
67152
67199
67210
67211
67218
67242
67272
67279
67290
67302
67304
67305
67309
67310
67338
67345
67346
67354
67377
67378
67379
67380
67384
67389
67390
67396
67397
67399
67400
67423
67433
67434
67436
67444
67458
67459
67460
67461
67462
67465
67466
67481
67487
67493
67494
67498
67501
67502
67503
67508
67513
67515
67520
67521
67535
67548
67549
67550
67555
67556
67558
67560
67562
67563
67575
67583
67584
67585
67586
67593
67598
67599
67600
67601
67603
67605
67611
67612
67614
67647
67664
67665
67678
67694
67695
67702
67752
67753
67754
67755
67768
67769
67781
67799
67804
67808
67809
67810
67814
67817
67820
67821
67835
67857
67858
67859
67861
67886
67887
67911
67925
67957
67961
67963
67968
67978
67991
67997
68018
68029
68041
68042
68049
68050
68051
68052
68057
68062
68067
68080
68081
68091
68092
68098
68108
68122
68123
68129
68130
68138
68142
68143
68144
68146
68147
68149
68151
68155
68168
68169
68170
68176
68183
68194
68199
68209
68212
68213
68214
68215
68218
68230
68231
68232
68233
68234
68236
68239
68242
68244
68247
68249
68252
68267
68269
68271
68272
68275
68276
68300
68303
68307
68308
68311
68318
68328
68329
68331
68334
68340
68346
68347
68351
68358
68359
68361
68363
68370
68373
68374
68375
68384
68393
68396
68398
68400
68401
68404
68407
68411
68412
68416
68417
68422
68423
68424
68425
68426
68430
68431
68440
68443
68444
68445
68447
68452
68453
68459
68461
68464
68465
68479
68481
68497
68499
68500
68501
68502
68503
68504
68507
68508
68514
68517
68519
68521
68525
68552
68553
68556
68567
68570
68572
68576
68577
68582
68583
68584
68588
68589
68590
68591
68592
68603
68608
68611
68613
68614
68624
68626
68629
68630
68635
68636
68638
68645
68646
68647
68649
68655
68660
68663
68673
68674
68676
68687
68688
68689
68694
68699
68700
68704
68706
68709
68711
68735
68738
68742
68744
68746
68752
68755
68756
68760
68762
68763
68771
68773
68774
68777
68784
68815
68847
68848
68854
68855
68857
68859
68861
68863
68867
68868
68882
68885
68888
68890
68892
68894
68898
68900
68949
68952
68953
68955
68958
68962
68974
68997
69024
69026
69027
69028
69029
69030
69032
69033
69037
69041
69042
69149
69152
69182
69194
69203
69224
69225
69252
69256
69257
69258
69270
69271
69277
69279
69283
69287
69289
69293
69310
69316
69328
69334
69340
69342
69354
69363
69391
69393
69394
69395
69396
69403
69409
69412
69416
69419
69422
69432
69435
69437
69440
69451
69455
69467
69470
69490
69495
69497
69530
69531
69547
69548
69552
69558
69562
69568
69573
69577
69579
69583
69590
69591
69606
69608
69621
69624
69631
69635
69638
69676
69702
69719
69743
69749
69789
69794
69796
69797
69801
69814
69870
69873
69912
69929
69933
69934
69935
69936
69937
69952
69963
69967
69968
69975
69981
69985
69987
69989
69992
70020
70025
70035
70044
70059
70103
70122
70128
70247
70248
70249
70251
70266
70267
70268
70271
70273
70277
70278
70283
70293
70297
70298
70302
70304
70314
70329
70337
70375
70376
70378
70380
70565
70567
70568
70569
70573
70574
70576
70581
70582
70583
70584
70586
70606
70608
70614
70633
70655
70676
70691
70697
70710
70711
70714
70719
70742
70756
70757
70759
70764
70767
70812
70814
70827
70828
70829
70835
70837
70838
70839
70845
70855
70892
70905
70913
70939
70966
70969
71005
71008
71013
71014
71019
71027
71030
71054
71055
71057
71058
71059
71060
71062
71063
71064
71066
71067
71068
71070
71071
71073
71074
71076
71078
71095
71096
71097
71103
71122
71137
71145
71148
71150
71152
71159
71164
71166
71167
71174
71176
71214
71215
71219
71243
71244
71248
71282
71283
71291
71292
71293
71296
71298
71304
71306
71310
71329
71330
71336
71342
71343
71351
71389
71391
71392
71393
71394
71416
71420
71422
71424
71429
71430
71440
71480
71481
71484
71485
71491
71493
71494
71495
71501
71502
71506
71507
71512
71515
71517
71529
71530
71531
71532
71536
71542
71549
71550
71551
71553
71555
71557
71561
71566
71568
71570
71571
71576
71577
71579
71580
71581
71583
71588
71591
71594
71596
71597
71600
71603
71606
71609
71611
71618
71619
71625
71630
71667
71670
71700
71702
71710
71725
71726
71729
71732
71733
71734
71741
71743
71744
71750
71757
71762
71763
71768
71772
71787
71795
71796
71797
71807
71809
71814
71820
71821
71868
71871
71873
71876
71881
71925
71926
71927
71928
71931
71932
71933
71940
71973
71974
71977
71978
71979
71980
71983
71999
72023
72034
72036
72050
72063
72065
72066
72070
72072
72078
72080
72083
72151
72156
72222
72244
72261
72262
72285
72290
72292
72295
72309
72322
72328
72351
72353
72355
72361
72376
72397
72402
72425
72428
72433
72436
72438
72442
72450
72451
72454
72457
72472
72490
72494
72497
72505
72510
72514
72520
72526
72527
72531
72533
72546
72552
72566
72570
72606
72607
72614
72641
72650
72654
72659
72661
72665
72690
72703
72708
72808
72811
72816
72817
72824
72826
72832
72834
72842
72848
72850
72863
72867
72870
72871
72872
72873
72874
72879
72965
72975
72980
72983
72984
72987
72989
72993
72998
73000
73008
73012
73029
73034
73038
73040
73049
73056
73060
73064
73069
73075
73084
73089
73093
73095
73100
73104
73136
73143
73150
73159
73164
73168
73172
73184
73188
73224
73225
73229
73231
73350
73351
73357
73427
73431
73441
73451
73455
73457
73466
73474
73477
73478
73482
73501
73505
73507
73532
73598
73600
73601
73611
73614
73615
73616
73621
73623
73630
73638
73639
73643
73645
73646
73648
73651
73652
73655
73660
73662
73664
73665
73670
73672
73675
73679
73690
73702
73705
73706
73708
73713
73714
73716
73720
73722
73727
73744
73756
73783
73788
73802
73900
73901
73911
73912
73922
73928
73938
73945
73955
73956
73958
73959
73975
74026
74054
74070
74081
74089
74091
74120
74122
74131
74141
74143
74165
74177
74196
74199
74228
74230
74282
74295
74296
74297
74298
74299
74300
74305
74307
74308
74309
74310
74311
74312
74314
74316
74317
74319
74320
74322
74325
74328
74330
74332
74334
74336
74338
74340
74341
74346
74348
74351
74385
74387
74389
74392
74394
74398
74402
74405
74413
74414
74416
74418
74434
74462
74484
74518
74521
74523
74539
74541
74542
74544
74545
74547
74552
74556
74561
74563
74571
74572
74574
74581
74590
74593
74607
74608
74610
74635
74636
74646
74678
74815
74821
74822
74823
74829
74830
74832
74842
74853
74856
74858
74859
74860
74870
74871
74882
74903
74914
74918
74920
74921
74923
74938
74939
74940
74941
74942
74943
74953
74955
74956
74958
75024
75031
75052
75092
75096
75100
75103
75104
75107
75108
75114
75117
75121
75124
75135
75165
75169
75469
75470
75486
75523
75525
75530
75545
75549
75554
75556
75558
75561
75566
75570
75572
75574
75575
75580
75583
75586
75587
75599
75603
75610
75643
75648
75649
75651
75652
75668
75670
75671
75672
75679
75707
75708
75715
75763
75764
75767
75775
75781
75782
75784
75797
75810
75812
75815
75816
75817
75819
75824
75826
75830
75831
75833
75834
75836
75840
75847
75964
75968
75978
75986
75993
75994
75998
75999
76000
76004
76019
76020
76021
76022
76027
76028
76029
76050
76051
76052
76061
76062
76063
76064
76065
76073
76076
76081
76082
76083
76084
76091
76092
76096
76104
76121
76168
76174
76185
76186
76194
76195
76196
76202
76206
76233
76269
76270
76271
76273
76284
76285
76299
76302
76303
76304
76348
76369
76420
76427
76428
76429
76438
76442
76464
76465
76466
76473
76525
76557
76576
76582
76592
76593
76600
76601
76602
76608
76610
76618
76642
76662
76665
76668
76669
76676
76739
76763
76765
76767
76789
76799
76814
76820
76824
76828
76838
76839
76854
76864
76873
76885
76886
76893
76894
76895
76900
76901
76961
76972
77000
77001
77002
77007
77008
77009
77010
77018
77035
77039
77055
77083
77089
77124
77125
77128
77129
77131
77135
77160
77163
77166
77167
77168
77170
77171
77201
77202
77209
77238
77239
77246
77247
77268
77271
77272
77284
77285
77291
77314
77324
77325
77326
77327
77328
77331
77346
77351
77353
77366
77370
77374
77384
77385
77399
77403
77406
77414
77425
77430
77440
77446
77452
77472
77473
77474
77475
77476
77485
77490
77492
77493
77495
77500
77502
77504
77507
77510
77516
77518
77520
77522
77524
77526
77528
77535
77544
77558
77559
77562
77563
77575
77576
77577
77578
77579
77580
77584
77586
77588
77590
77604
77605
77608
77621
77622
77648
77652
77663
77667
77674
77677
77678
77683
77687
77690
77691
77701
77702
77737
77749
77750
77751
77752
77767
77769
77772
77800
77809
77810
77811
77812
77818
77819
77823
77826
77827
77831
77832
77833
77834
77835
77837
77838
77857
77858
77861
77878
77885
77904
77949
77954
77956
77958
77963
77989
77990
78006
78007
78008
78012
78013
78014
78015
78018
78019
78020
78065
78116
78119
78120
78121
78122
78125
78128
78131
78159
78160
78161
78167
78168
78170
78177
78180
78185
78188
78193
78196
78205
78206
78215
78220
78221
78237
78241
78245
78246
78255
78256
78263
78297
78298
78310
78311
78331
78342
78343
78349
78352
78355
78356
78360
78361
78372
78385
78398
78402
78416
78419
78423
78429
78430
78436
78449
78450
78453
78454
78464
78497
78498
78499
78501
78502
78503
78516
78517
78518
78526
78529
78530
78531
78534
78537
78538
78539
78555
78565
78566
78573
78574
78580
78581
78589
78606
78628
78630
78632
78633
78642
78643
78644
78645
78646
78658
78659
78666
78667
78668
78669
78690
78714
78719
78733
78736
78737
78738
78740
78741
78753
78754
78755
78759
78760
78761
78765
78804
78805
78806
78815
78816
78827
78831
78835
78842
78845
78854
78871
78911
78934
78935
78940
78941
78957
78967
78968
78969
78973
78974
78978
78997
78998
78999
79008
79010
79018
79019
79024
79033
79039
79041
79050
79051
79065
79071
79072
79075
79076
79083
79092
79098
79102
79104
79117
79118
79126
79127
79128
79140
79151
79152
79163
79164
79184
79185
79190
79191
79201
79281
79282
79283
79284
79292
79305
79307
79308
79309
79312
79330
79364
79365
79366
79371
79372
79374
79399
79402
79403
79404
79405
79406
79408
79415
79459
79463
79464
79465
79467
79470
79471
79472
79473
79478
79494
79495
79500
79501
79510
79511
79515
79516
79547
79551
79552
79553
79554
79604
79605
79623
79624
79625
79718
79722
79723
79724
79725
79726
79727
79728
79729
79730
79731
79732
79733
79734
79735
79746
79747
79750
79751
79758
79759
79762
79763
79768
79769
79771
79772
79773
79774
79884
79885
79886
79887
79976
79977
79978
79979
80050
80051
80054
80055
80058
80059
80062
80063
80070
80071
80189
80193
80194
80206
80212
80213
80214
80215
80219
80221
80226
80227
80321
80342
80347
80348
80354
80355
80358
80359
80363
80364
80365
80402
80422
80423
80432
80433
80452
80615
80616
80617
80626
80627
80662
80681
80687
80688
80690
80691
80705
80736
80737
80754
80755
80774
80798
80818
80819
80820
80821
80826
80827
80830
80831
80837
80838
81157
81163
81170
81184
81214
81235
81378
81382
81384
81385
81388
81404
81405
81407
81408
81411
81414
81415
81416
81418
81430
81436
81438
81445
81455
81457
81466
81467
81471
81487
81495
81496
81503
81504
81505
81548
81553
81556
81557
81580
81724
81739
81740
81743
81744
81745
81746
81750
81757
81758
81760
81761
81762
81770
81771
81772
81773
81774
81778
81779
81780
81782
81789
81794
81795
81796
81797
81803
81811
81817
81827
81828
81829
81832
81833
81834
81835
81836
81837
81838
81839
81840
81841
81842
81843
81844
81846
81847
81851
81852
81853
81854
81855
81856
81857
81858
81859
81860
81861
81862
81865
81867
81868
81869
81870
81871
81872
81873
81874
81875
81878
81885
81895
81899
81965
81968
81997
81998
82010
82011
82015
82042
82045
82048
82050
82053
82056
82057
82059
82061
82063
82067
82070
82072
82073
82075
82078
82080
82085
82088
82090
82092
82095
82104
82106
82107
82109
82111
82117
82121
82123
82124
82126
82129
82138
82139
82140
82141
82142
82143
82144
82145
82158
82159
82160
82161
82162
82163
82164
82165
82166
82167
82168
82169
82170
82171
82172
82173
82174
82175
82176
82177
82178
82179
82180
82181
82182
82183
82185
82186
82188
82193
82194
82196
82199
82201
82203
82221
82222
82223
82224
82225
82226
82227
82229
82230
82231
82232
82233
82234
82235
82236
82237
82238
82239
82240
82241
82242
82243
82244
82245
82246
82247
82248
82249
82250
82251
82252
82253
82254
82255
82256
82257
82258
82259
82260
82261
82262
82263
82264
82265
82303
82304
82315
82316
82321
82339
82340
82341
82343
82344
82346
82348
82350
82352
82353
82355
82459
82460
82461
82462
82463
82464
82465
82466
82467
82477
82478
82481
82483
82484
82496
82497
82498
82499
82530
82531
82534
82535
82538
82539
82542
82543
82550
82551
82564
82700
82723
82727
82733
82749
82757
82758
82762
82776
82782
82783
82794
82795
82796
82824
82859
82861
82862
82906
82916
82917
82918
82919
82920
82921
82922
82953
82954
82957
82958
82961
82962
82965
82966
83083
83122
83123
83143
83163
83164
83168
83169
83170
83171
83173
83174
83175
83178
83179
83180
83182
83184
83185
83220
83222
83224
83225
83226
83227
83230
83231
83232
83233
83236
83237
83239
83240
83242
83292
83296
83311
83312
83313
83316
83318
83320
83322
83325
83326
83331
83332
83354
83356
83383
83485
83614
83631
83648
83652
83669
83687
83693
83707
83709
83711
83712
83713
83728
83770
83772
83774
83775
83776
83792
83794
83796
83819
83821
83846
83855
83856
83857
83858
83859
83861
83862
83874
83905
83907
83908
83910
83911
83913
83915
83917
83929
83936
83937
83939
83940
83941
83942
83943
83944
83946
83983
83987
83988
83989
84003
84016
84017
84018
84041
84106
84117
84122
84126
84192
84194
84196
84197
84216
84306
84316
84321
84333
84398
84407
84408
84409
84410
84411
84412
84503
84519
84525
84555
84580
84583
84584
84586
84634
84639
84644
84649
84661
84666
84667
84668
84669
84670
84671
84672
84673
84675
84676
84677
84678
84680
84681
84682
84683
84685
84686
84688
84690
84691
84693
84695
84696
84697
84698
84707
84708
84709
84711
84720
84722
84737
84746
84797
84831
84869
84915
84916
84917
84918
84919
84920
84921
84933
84944
84945
84946
84947
84948
84949
84950
84952
84954
84958
84959
84962
84965
84968
84974
84975
85003
85013
85017
85018
85023
85036
85039
85043
85083
85115
85118
85123
85125
85167
85179
85188
85227
85234
85245
85265
85273
85280
85287
85310
85383
85396
85427
85457
85476
85513
85515
85543
85554
85632
85648
85657
85658
85674
85678
85680
85697
85719
85720
85728
85729
85730
85732
85734
85738
85740
85742
85749
85754
85756
85762
85768
85795
85796
85800
85803
85804
85811
85812
85813
85815
85850
85858
85859
85862
85869
85870
85871
85872
85873
85875
85876
85882
85883
85884
85885
85886
85887
85890
85891
85892
85893
85895
85897
85899
85916
85922
85923
85924
85925
85928
85932
85935
85948
85953
85955
85958
85970
85971
85988
86002
86003
86013
86017
86060
86079
86103
86104
86110
86115
86121
86150
86157
86191
86202
86256
86262
86269
86287
86328
86341
86355
86432
86454
86477
86503
86505
86516
86519
86523
86526
86528
86530
86547
86552
86589
86621
86637
86644
86671
86708
86778
86803
86808
86813
86814
86824
86826
86827
86830
86831
86837
86839
86901
86902
86912
86967
86987
87002
87016
87021
87053
87105
87110
87114
87118
87119
87130
87145
87247
87249
87253
87255
87269
87275
87282
87293
87309
87352
87360
87377
87392
87462
87466
87497
87506
87513
87541
87567
87576
87623
87633
87694
87703
87728
87736
87759
87781
87799
87821
87824
87842
87846
87853
87892
87915
87926
87946
87947
87962
87993
88000
88014
88057
88061
88065
88066
88091
88098
88124
88158
88175
88177
88178
88179
88183
88184
88188
88189
88199
88205
88211
88245
88275
88279
88280
88282
88306
88307
88308
88310
88312
88314
88320
88334
88349
88356
88363
88366
88368
88377
88412
88423
88467
88504
88505
88508
88619
88638
88654
88671
88672
88673
88680
88690
88691
88692
88723
88724
88782
88810
88819
88854
88861
88883
88890
88891
88935
88952
88955
88972
88973
88974
88993
89006
89075
89076
89079
89090
89091
89094
89095
89097
89121
89124
89127
89132
89142
89148
89149
89164
89166
89167
89183
89186
89187
89196
89200
89204
89205
89220
89228
89229
89260
89289
89290
89292
89300
89302
89307
89313
89321
89324
89327
89328
89345
89353
89360
89361
89477
89484
89587
89606
89619
89645
89678
89743
89744
89889
89897
89988
90100
90175
90182
90193
90244
90261
90271
90324
90325
90343
90344
90347
90380
90383
90394
90433
90436
90455
90457
90461
90464
90465
90468
90469
90629
90630
90631
90632
90636
90637
90679
90680
90683
90685
90687
90688
90692
90699
90701
90709
90723
90725
90728
90729
90731
90732
90733
90734
90740
90747
90750
90753
90767
90769
90771
90773
90775
90780
90781
90782
90784
90785
90788
90792
90803
90804
90805
90806
90828
90861
90865
90866
90905
90908
90910
90932
90946
90954
90959
90960
90965
90968
90969
90977
90991
91015
91020
91021
91025
91031
91045
91053
91058
91064
91065
91067
91085
91096
91106
91107
91109
91114
91115
91156
91158
91162
91163
91164
91167
91171
91192
91194
91197
91223
91279
91326
91336
91337
91370
91389
91398
91405
91406
91407
91408
91409
91410
91412
91413
91414
91415
91418
91419
91425
91426
91431
91447
91461
91468
91470
91477
91485
91488
91492
91493
91495
91512
91514
91515
91516
91525
91528
91545
91549
91563
91578
91608
91609
91621
91625
91638
91652
91654
91657
91663
91686
91702
91707
91762
91769
91772
91773
91774
91776
91800
91801
91803
91835
91851
91855
91875
91894
91935
91936
91938
91940
91945
91946
91950
92016
92017
92025
92030
92084
92348
92349
92350
92620
92624
92631
92687
92688
92689
92690
92800
92823
92838
92966
92967
92986
92992
92993
92994
92995
93014
93019
93020
93047
93048
93094
93113
93144
93160
93245
93273
93280
93316
93318
93339
93353
93374
93375
93459
93460
93552
93554
93579
93614
93624
93643
93644
93648
93651
93652
93659
93661
93711
93712
93725
93726
93728
93731
93733
93734
93735
93957
93958
93962
93999
94046
94055
94056
94057
94071
94077
94079
94181
94203
94212
94217
94219
94306
94307
94308
94335
94370
94372
94374
94376
94405
94412
94414
94439
94471
94478
94479
94480
94481
94482
94483
94484
94485
94488
94489
94490
94491
94492
94493
94496
94497
94498
94499
94500
94501
94502
94503
94504
94505
94506
94507
94508
94509
94510
94511
94512
94513
94514
94515
94516
94547
94548
94549
94550
94551
94552
94560
94561
94562
94563
94564
94565
94566
94567
94568
94569
94570
94571
94572
94573
94574
94575
94576
94577
94578
94579
94580
94581
94582
94583
94584
94585
94586
94587
94588
94589
94590
94591
94592
94593
94615
94636
94639
94640
94670
94677
94683
94698
94715
94716
94718
94721
94730
94732
94734
94735
94738
94747
94748
94761
94762
94774
94775
94776
94777
94782
94783
94784
94786
94787
94790
94791
94795
94798
94799
94801
94804
94807
94816
94817
94819
94824
94826
94835
94836
94837
94839
94844
94847
94850
94927
94934
94936
94938
94939
94940
94941
94942
94943
94944
94945
94946
94947
94948
94949
94950
94952
94953
94954
94955
94956
94957
94958
94959
94960
94961
94962
94970
94971
94972
94973
94974
94975
94976
94977
94978
94986
94987
94988
94989
94990
94991
94992
94995
94996
95001
95005
95006
95007
95008
95009
95010
95011
95012
95013
95014
95015
95016
95017
95018
95019
95020
95021
95022
95023
95024
95025
95026
95027
95028
95029
95030
95031
95032
95033
95035
95036
95037
95038
95039
95040
95041
95042
95043
95044
95045
95046
95050
95051
95052
95053
95054
95055
95056
95057
95058
95059
95060
95061
95062
95063
95064
95065
95066
95068
95069
95071
95105
95106
95242
95247
95254
95255
95258
95259
95271
95278
95279
95281
95286
95287
95297
95298
95299
95301
95306
95307
95317
95318
95320
95325
95326
95334
95335
95336
95338
95343
95344
95363
95367
95384
95385
95386
95387
95391
95393
95400
95424
95425
95426
95427
95428
95429
95430
95431
95432
95433
95434
95435
95436
95437
95438
95439
95440
95441
95442
95443
95444
95445
95446
95447
95448
95449
95450
95451
95452
95453
95454
95455
95456
95457
95458
95459
95460
95461
95462
95463
95464
95465
95466
95467
95468
95469
95470
95471
95472
95473
95474
95475
95476
95477
95478
95480
95481
95651
95654
95767
95771
95775
95776
95787
95797
95799
95803
95805
95807
95809
95812
95814
95847
95848
95900
95904
95909
96203
96354
96365
96366
96367
96394
96411
96420
96434
96435
96439
96442
96457
96464
96465
96477
96482
96486
96487
96489
96512
96534
96535
96540
96541
96558
96559
96560
96579
96581
96599
96603
96605
96609
96612
96615
96616
96617
96640
96685
96753
96771
96774
96814
96819
96820
96822
96825
96842
96846
96847
96849
97060
97067
97069
97071
97135
97136
97199
97268
97274
97316
97319
97325
97378
97393
97406
97407
97408
97409
97410
97412
97413
97414
97419
97420
97421
97426
97452
97453
97456
97460
97461
97462
97463
97467
97470
97501
97503
97523
97536
97563
97564
97565
97568
97571
97574
97576
97601
97608
97613
97614
97615
97616
97617
97618
97619
97620
97621
97623
97625
97626
97628
97630
97631
97632
97634
97635
97640
97641
97642
97657
97663
97670
97672
97675
97676
97679
97680
97686
97691
97692
97705
97720
97721
97723
97731
97733
97753
97760
97781
97813
97815
97822
97825
97830
97831
97832
97840
97843
97844
97857
97858
97859
97860
97861
97862
97863
97865
97866
97871
97872
97874
97875
97879
97880
97883
97884
97887
97889
97895
97927
97935
97936
97952
97970
97975
97982
97983
97985
97987
97989
98022
98137
98151
98171
98186
98187
98188
98212
98225
98244
98268
98271
98289
98291
98295
98299
98307
98319
98323
98327
98331
98339
98345
98346
98460
98481
98488
98519
98540
98555
98562
98572
98585
98591
98592
98597
98604
98611
98656
98671
98684
98713
98729
98745
98769
98778
98813
98851
98920
99010
99011
99027
99029
99044
99047
99095
99112
99136
99138
99140
99185
99186
99189
99197
99199
99215
99287
99302
99360
99379
99382
99387
99423
99425
99426
99451
99452
99469
99471
99479
99503
99533
99535
99541
99558
99562
99563
99567
99570
99571
99573
99575
99579
99581
99583
99584
99588
99590
99592
99596
99603
99606
99610
99617
99619
99622
99624
99658
99664
99686
99706
99707
99711
99715
99734
99808
99810
99811
99812
99818
99822
99823
99824
99826
99827
99829
99831
99832
99833
99836
99838
99840
99844
99864
99867
99878
99881
99888
99895
99896
99923
99924
99935
99938
99951
99954
99968
99970
99973
99983
99990
99999
100001
100003
100005
100006
100007
100009
100012
100018
100045
100052
100057
100058
100059
100066
100069
100075
100077
100081
100082
100083
100084
100085
100089
100096
100099
100112
100113
100117
100118
100122
100143
100152
100193
100205
100221
100237
100315
100317
100322
100326
100333
100334
100339
100340
100350
100351
100380
100391
100430
100431
100432
100434
100435
100437
100439
100441
100442
100443
100445
100449
100451
100460
100474
100476
100543
100546
100551
100552
100554
100558
100559
100567
100572
100573
100574
100582
100586
100588
100589
100590
100591
100592
100593
100609
100613
100614
100617
100618
100621
100623
100627
100630
100631
100632
100633
100637
100641
100643
100644
100660
100665
100680
100683
100685
100687
100689
100717
100720
100721
100723
100728
100734
100735
100749
100757
100760
100762
100777
100778
100819
100821
100822
100838
100842
100855
100864
100870
100874
100875
100876
100894
100902
100903
100905
100906
100920
100936
100944
100947
100954
100956
101003
101004
101008
101010
101011
101014
101021
101034
101035
101036
101039
101041
101044
101062
101073
101086
101093
101110
101114
101117
101121
101131
101133
101138
101139
101141
101143
101144
101147
101149
101150
101151
101166
101170
101174
101175
101180
101265
101266
101288
101314
101323
101324
101363
101380
101418
101419
101420
101421
101422
101448
101452
101453
101454
101457
101459
101462
101465
101466
101469
101470
101471
101472
101473
101475
101482
101487
101489
101497
101499
101501
101503
101504
101505
101506
101508
101511
101513
101525
101536
101567
101570
101572
101581
101588
101603
101606
101612
101613
101614
101615
101616
101617
101618
101619
101623
101637
101656
101661
101665
101666
101670
101672
101673
101678
101679
101680
101681
101682
101684
101688
101690
101693
101695
101696
101697
101701
101705
101709
101711
101727
101730
101741
101743
101751
101762
101763
101768
101769
101771
101776
101780
101784
101787
101792
101793
101805
101808
101812
101817
101822
101823
101860
101861
101868
101869
101870
101881
101882
101888
101889
101892
101895
101896
101897
101898
101907
101914
101918
101936
101937
101941
101942
101974
101975
101976
101977
101980
101981
101984
101985
101986
101987
101988
102007
102012
102027
102028
102034
102045
102049
102050
102051
102052
102053
102054
102056
102057
102066
102067
102068
102071
102089
102094
102095
102096
102100
102101
102102
102104
102105
102118
102122
102124
102129
102132
102133
102136
102139
102142
102143
102146
102148
102151
102153
102159
102199
102221
102228
102241
102245
102272
102276
102291
102296
102315
102326
102343
102345
102348
102351
102400
102422
102423
102443
102455
102457
102462
102463
102464
102466
102467
102468
102469
102514
102528
102529
102533
102554
102558
102559
102560
102561
102566
102624
102625
102626
102630
102648
102649
102650
102651
102652
102681
102686
102711
102722
102728
102730
102731
102736
102737
102741
102746
102749
102750
102751
102760
102761
102776
102788
102806
102807
102812
102813
102819
102824
102825
102853
102862
102879
102887
102889
102903
102919
102932
102939
102940
102941
102942
102943
102944
102945
102946
102948
102949
102965
102971
102973
102974
102975
102977
102978
102999
103000
103003
103004
103005
103007
103020
103022
103024
103026
103028
103029
103030
103033
103042
103063
103076
103088
103116
103128
103130
103140
103145
103147
103160
103166
103194
103195
103230
103231
103234
103236
103238
103243
103245
103256
103276
103294
103299
103371
103373
103374
103375
103377
103386
103429
103439
103440
103444
103453
103454
103455
103459
103463
103474
103478
103482
103510
103514
103520
103522
103523
103527
103530
103532
103534
103535
103542
103550
103565
103577
103671
103675
103686
103692
103694
103695
103696
103697
103705
103706
103707
103708
103709
103734
103735
103739
103748
103749
103750
103754
103758
103759
103763
103764
103766
103768
103769
103772
103774
103780
103781
103782
103784
103787
103790
103828
103832
103836
103837
103882
103902
103907
103931
103959
103968
103990
103994
104009
104012
104017
104027
104052
104097
104120
104121
104122
104130
104138
104171
104202
104271
104290
104303
104314
104330
104355
104381
104392
104427
104443
104458
104460
104461
104462
104481
104485
104497
104503
104507
104516
104522
104544
104554
104566
104567
104568
104569
104571
104587
104608
104609
104611
104618
104634
104661
104664
104671
104680
104698
104715
104722
104775
104788
104792
104807
104808
104855
104897
104910
104913
104938
104978
104989
105036
105058
105061
105072
105097
105126
105135
105154
105155
105158
105159
105160
105167
105168
105170
105172
105174
105175
105176
105214
105221
105232
105253
105265
105269
105272
105273
105274
105277
105302
105303
105309
105316
105321
105335
105336
105343
105345
105346
105360
105361
105362
105403
105437
105465
105496
105501
105520
105524
105528
105531
105533
105534
105535
105536
105550
105588
105603
105605
105631
105684
105710
105732
105745
105751
105752
105757
105767
105816
105839
105841
105856
105873
105948
105955
106015
106046
106055
106080
106115
106153
106156
106164
106165
106169
106170
106210
106211
106212
106214
106215
106217
106218
106220
106221
106230
106262
106285
106295
106454
106635
106684
106692
106788
106801
106876
106898
106916
106965
106985
106986
106988
106989
106991
106994
106998
106999
107003
107009
107028
107079
107100
107115
107116
107129
107138
107147
107148
107244
107301
107353
107393
107418
107430
107441
107442
107479
107602
107617
107662
107710
107716
107738
107761
107785
107791
107830
107843
107862
107874
107907
107931
107960
108023
108046
108091
108101
108103
108163
108171
108173
108189
108205
108212
108218
108233
108235
108259
108283
108291
108369
108438
108440
108445
108529
108574
108582
108583
108590
108595
108597
108622
108632
108643
108690
108779
108780
108848
108990
109107
109211
109248
109307
109308
109380
109383
109395
109419
109513
109515
109518
109598
109641
109648
109661
109671
109690
109715
109732
109759
109766
109840
109863
109884
109885
109896
109901
109935
110001
110035
110037
110060
110074
110118
110127
110128
110131
110145
110169
110176
110184
110208
110244
110248
110306
110322
110356
110372
110387
110462
110488
110510
110527
110566
110570
110578
110587
110670
110706
110745
110835
110837
110841
110915
110980
111014
111039
111073
111087
111102
111129
111169
111195
111244
111246
111248
111250
111251
111252
111256
111258
111260
111265
111267
111269
111271
111272
111274
111276
111278
111291
111293
111295
111296
111310
111313
111345
111350
111352
111355
111356
111394
111480
111491
111552
111578
111592
111642
111666
111673
111686
111702
111725
111743
111751
111821
111833
111869
111881
111892
111909
111944
111952
111979
112011
112062
112106
112149
112230
112271
112280
112336
112359
112414
112440
112453
112456
112459
112482
112511
112524
112530
112632
112642
112659
112675
112676
112686
112707
112736
112771
112801
112808
112827
112835
112915
112923
112928
112970
113001
113052
113091
113112
113144
113171
113181
113182
113225
113251
113260
113270
113273
113274
113275
113278
113293
113296
113308
113310
113311
113313
113316
113318
113322
113337
113361
113366
113368
113369
113370
113374
113429
113443
113478
113483
113489
113516
113522
113524
113526
113527
113528
113556
113563
113567
113569
113590
113591
113604
113623
113630
113632
113635
113670
113678
113679
113734
113735
113742
113747
113758
113770
113771
113772
113774
113776
113780
113787
113788
113795
113816
113822
113824
113825
113826
113827
113829
113843
113845
113854
113878
113899
113900
113901
113911
113913
113933
113965
113969
113974
114034
114045
114047
114057
114066
114140
114146
114147
114148
114149
114150
114151
114153
114154
114156
114158
114166
114167
114168
114170
114172
114180
114181
114196
114208
114210
114215
114217
114257
114266
114281
114287
114319
114323
114324
114325
114326
114329
114330
114349
114351
114352
114353
114357
114359
114361
114575
114745
114772
114774
114776
114778
114780
114782
114784
114785
114866
114869
115009
115021
115026
115029
115041
115054
115066
115070
115072
115100
115105
115108
115116
115120
115122
115144
115148
115152
115160
115172
115192
115194
115196
115219
115223
115225
115228
115250
115252
115254
115258
115259
115260
115282
115283
115284
115286
115330
115331
115332
115334
115338
115339
115340
115343
115344
115367
115371
115374
115377
115392
115393
115395
115398
115399
115400
115405
115410
115412
115414
115415
115417
115419
115422
115423
115424
115430
115431
115432
115433
115437
115439
115440
115444
115451
115456
115462
115470
115471
115474
115486
115504
115519
115543
115544
115545
115547
115554
115559
115568
115570
115589
115607
115678
115688
115690
115691
115693
115696
115711
115712
115715
115784
115785
115786
115792
115793
115794
115795
115797
115799
115800
115809
115815
115816
115819
115823
115832
115835
115839
115849
115850
115851
115902
115905
115906
115909
115911
115913
115915
115936
115940
115942
115948
115954
115960
115971
115998
115999
116023
116024
116025
116033
116034
116036
116039
116082
116084
116086
116095
116097
116105
116125
116130
116132
116133
116135
116136
116145
116159
116166
116173
116175
116177
116187
116198
116199
116201
116203
116206
116207
116208
116209
116215
116216
116218
116237
116255
116257
116261
116262
116264
116265
116270
116271
116300
116303
116305
116308
116309
116310
116313
116315
116323
116328
116371
116372
116373
116374
116375
116379
116396
116397
116399
116434
116443
116451
116452
116454
116456
116458
116460
116461
116462
116463
116464
116465
116466
116467
116468
116469
116472
116473
116474
116477
116480
116502
116522
116524
116525
116532
116534
116545
116550
116563
116567
116571
116572
116576
116577
116578
116579
116610
116614
116616
116624
116625
116626
116627
116630
116639
116661
116665
116666
116669
116672
116674
116676
116677
116684
116691
116693
116696
116705
116719
116729
116730
116731
116733
116740
116744
116746
116747
116838
116844
116845
116847
116848
116849
116850
116864
116883
116891
116908
116917
116943
116979
117016
117031
117054
117077
117101
117105
117146
117153
117175
117227
117240
117242
117285
117301
117368
117377
117400
117404
117413
117420
117423
117448
117462
117466
117468
117501
117513
117527
117615
117626
117661
117672
117683
117704
117771
117832
117876
117878
118021
118096
118113
118138
118155
118171
118189
118207
118212
118236
118269
118270
118272
118296
118355
118396
118434
118528
118562
118631
118694
118760
118791
118799
118850
118929
118964
118973
119027
119046
119048
119065
119066
119069
119090
119091
119092
119093
119130
119156
119173
119174
119175
119197
119204
119206
119207
119208
119209
119210
119219
119230
119235
119277
119283
119302
119303
119304
119305
119311
119315
119316
119317
119342
119349
119370
119371
119373
119375
119376
119378
119379
119380
119415
119416
119443
119476
119513
119537
119697
119704
119705
119736
119752
119759
119768
119775
119782
119783
119810
119818
119831
119882
119897
119913
119927
119988
119989
120006
120012
120022
120028
120035
120051
120074
120088
120092
120093
120095
120157
120163
120166
120205
120242
120250
120251
120256
120277
120296
120299
120349
120350
120354
120357
120373
120375
120394
120463
120488
120489
120514
120530
120549
120566
120567
120581
120582
120583
120584
120585
120586
120597
120605
120677
120701
120702
120706
120772
120773
120774
120775
120776
120795
120796
120798
120824
120825
120841
120844
120845
120846
120851
120852
120853
120854
120855
120885
120886
120888
120971
120982
120999
121023
121069
121074
121090
121097
121110
121124
121139
121153
121184
121210
121234
121242
121267
121298
121310
121358
121366
121412
121423
121428
121453
121461
121525
121534
121542
121564
121577
121589
121621
121687
121692
121701
121763
121774
121780
121790
121801
121805
121812
121816
121817
121819
121823
121845
121852
121867
121879
121890
121905
121932
121933
121942
121945
121956
121977
121994
121995
121996
122016
122067
122090
122091
122104
122145
122156
122166
122214
122243
122266
122273
122275
122298
122302
122340
122395
122398
122458
122505
122506
122512
122576
122585
122586
122630
122660
122743
122793
122856
122886
122978
123068
123097
123098
123100
123111
123128
123131
123219
123240
123271
123278
123290
123293
123299
123334
123350
123356
123361
123372
123380
123381
123444
123494
123495
123496
123508
123559
123570
123571
123574
123579
123580
123582
123586
123608
123614
123622
123650
123653
123665
123679
123680
123681
123682
123710
123713
123715
123721
123776
123823
123858
123863
123921
123952
123953
123959
123960
123976
123981
123984
123986
123988
123989
123990
123994
124019
124043
124057
124074
124076
124077
124080
124081
124082
124086
124101
124111
124181
124200
124259
124264
124265
124267
124305
124313
124345
124384
124386
124395
124411
124427
124429
124440
124457
124497
124509
124529
124548
124554
124564
124570
124595
124622
124732
124740
124767
124777
124820
124824
124894
124913
124953
124973
124988
124995
125023
125073
125082
125099
125132
125146
125148
125154
125236
125262
125329
125336
125395
125431
125435
125448
125449
125450
125451
125519
125540
125548
125553
125568
125599
125693
125694
125746
125749
125789
125795
125864
125888
125897
125930
125936
125961
125975
125978
125980
126128
126143
126150
126164
126202
126279
126296
126314
126359
126395
126508
126533
126563
126571
126669
126677
126720
126733
126841
126848
126859
126872
126947
126994
127013
127031
127033
127059
127110
127117
127118
127212
127229
127244
127253
127260
127268
127433
127436
127439
127442
127445
127448
127451
127454
127457
127478
127484
127506
127529
127609
127618
127646
127701
127711
127712
127713
127714
127715
127716
127723
127725
127740
127750
127752
127773
127781
127791
127793
127861
127867
127872
127880
127910
127921
127933
127958
127970
128005
128013
128014
128027
128029
128058
128074
128079
128081
128116
128135
128136
128138
128140
128207
128231
128260
128276
128288
128347
128357
128362
128389
128445
128454
128458
128516
128537
128539
128590
128600
128624
128625
128631
128643
128698
128699
128700
128704
128723
128747
128750
128754
128757
128759
128760
128761
128762
128763
128764
128765
128766
128767
128768
128769
128770
128771
128772
128783
128784
128787
128788
128792
128793
128811
128813
128814
128824
128825
128831
128832
128833
128834
128835
128840
128843
128846
128850
128887
128889
128891
128892
128893
128894
128901
128903
128954
128957
128960
129000
129003
129006
129007
129021
129030
129031
129053
129055
129061
129134
129206
129243
129261
129262
129264
129296
129314
129335
129338
129341
129344
129353
129354
129355
129356
129366
129373
129376
129379
129385
129386
129387
129388
129389
129400
129401
129404
129407
129410
129414
129416
129419
129423
129424
129425
129426
129428
129429
129440
129448
129449
129454
129456
129465
129469
129477
129486
129493
129494
129495
129497
129499
129500
129501
129503
129507
129510
129511
129517
129518
129524
129566
129567
129570
129571
129572
129577
129585
129591
129594
129598
129602
129612
129613
129617
129618
129626
129627
129628
129630
129632
129649
129651
129714
129748
129815
129819
129847
129858
129866
129880
129895
129914
129950
129976
129983
130008
130016
130017
130030
130084
130090
130110
130127
130161
130170
130179
130229
130275
130287
130303
130343
130350
130382
130383
130420
130452
130453
130474
130503
130504
130505
130607
130625
130645
130647
130659
130662
130715
130717
130731
130755
130761
130781
130804
130834
130846
130854
130856
130952
130970
130988
131002
131007
131018
131023
131035
131090
131130
131144
131153
131213
131279
131357
131379
131441
131486
131509
131551
131561
131565
131572
131664
131683
131694
131696
131707
131719
131725
131778
131787
131788
131789
131813
131836
131877
131884
131913
131919
131930
131937
131996
132003
132005
132007
132026
132056
132065
132069
132092
132115
132234
132285
132287
132313
132356
132362
132435
132467
132489
132534
132577
132593
132655
132678
132720
132735
132800
132815
132848
132871
132902
132952
132959
132978
133011
133019
133040
133055
133085
133132
133192
133199
133267
133281
133307
133395
133411
133465
133488
133538
133559
133592
133646
133653
133661
133662
133693
133733
133734
133736
133751
133760
133767
133776
133788
133799
133801
133832
133846
133864
133882
133911
133947
133966
134013
134026
134069
134080
134107
134182
134192
134235
134237
134253
134256
134280
134287
134316
134325
134415
134465
134477
134497
134541
134574
134595
134641
134670
134677
134691
134724
134741
134747
134770
134778
134793
134795
134835
134836
134894
134931
134958
134965
134985
134989
135047
135166
135234
135319
135330
135385
135430
135446
135510
135590
135602
135617
135632
135646
135659
135680
135684
135686
135694
135775
135824
135841
135848
135855
135863
135872
135891
135894
135928
135953
135984
135990
135992
135997
136006
136008
136010
136019
136040
136059
136072
136073
136114
136120
136153
136157
136180
136254
136281
136302
136375
136420
136466
136486
136633
136641
136660
136672
136721
136734
136741
136762
136782
136787
136788
136848
136907
136914
136937
136960
136968
136969
136983
137050
137058
137078
137080
137085
137088
137089
137104
137112
137116
137120
137256
137291
137303
137317
137340
137366
137398
137404
137428
137431
137437
137451
137462
137464
137479
137480
137485
137518
137546
137547
137555
137581
137595
137621
137647
137683
137696
137713
137735
137750
137755
137779
137792
137797
137799
137806
137855
137908
137919
137967
137973
137979
137996
138019
138035
138040
138051
138057
138079
138101
138141
138201
138230
138240
138248
138271
138291
138334
138390
138408
138417
138450
138549
138561
138563
138574
138593
138603
138611
138612
138619
138621
138672
138675
138677
138679
138735
138741
138792
138855
138898
138925
138954
138970
138979
139028
139120
139153
139175
139195
139197
139210
139282
139314
139334
139403
139418
139426
139473
139476
139518
139520
139626
139657
139665
139717
139743
139749
139767
139770
139791
139798
139810
139813
139814
139815
139816
139934
139973
139997
140047
140064
140067
140068
140072
140122
140125
140186
140216
140218
140222
140235
140236
140264
140275
140276
140277
140278
140279
140281
140283
140287
140289
140291
140293
140296
140298
140302
140304
140307
140309
140329
140330
140344
140360
140372
140378
140381
140384
140430
140432
140437
140447
140448
140468
140470
140473
140475
140481
140487
140489
140490
140494
140507
140514
140515
140516
140523
140524
140525
140526
140528
140536
140537
140538
140539
140552
140553
140555
140556
140557
140558
140559
140560
140561
140564
140565
140566
140568
140569
140570
140571
140582
140583
140644
140648
140717
140719
140728
140795
140799
140800
140816
140821
140825
140826
140851
140857
140858
140861
140878
140891
140893
140895
140923
140925
140946
140980
141106
141107
141111
141114
141115
141129
141153
141159
141168
141172
141173
141174
141179
141183
141190
141195
141196
141198
141199
141203
141209
141214
141234
141251
141253
141259
141260
141294
141296
141299
141313
141325
141341
141419
141467
141471
141472
141487
141488
141505
141506
141520
141524
141530
141542
141567
141572
141580
141592
141601
141620
141629
141634
141640
141645
141661
141665
141672
141674
141698
141755
141785
141789
141801
141829
141831
141860
141875
141884
141900
141912
141929
141948
141978
141987
142164
142185
142231
142251
142271
142387
142410
142461
142558
142578
142641
142665
142696
142756
142806
142864
142877
142900
142901
142937
142951
142972
142997
143000
143048
143158
143192
143216
143247
143268
143274
143283
143384
143440
143541
143544
143561
143578
143586
143595
143671
143751
143772
143773
143801
143804
143911
143943
143999
144013
144037
144044
144064
144086
144093
144176
144213
144254
144261
144277
144279
144306
144357
144361
144434
144530
144545
144546
144564
144578
144580
144629
144671
144686
144695
144702
144709
144750
144755
144764
144765
144767
144779
144781
144802
144806
144827
144943
144969
144977
144978
145069
145078
145101
145124
145223
145247
145272
145319
145358
145376
145385
145407
145410
145430
145434
145441
145472
145481
145499
145537
145549
145572
145589
145602
145696
145723
145742
145755
145758
145760
145798
145807
145849
145855
145873
145929
145937
145938
145974
145992
146012
146037
146064
146144
146211
146223
146234
146301
146306
146319
146392
146404
146442
146468
146470
146504
146536
146594
146631
146665
146764
146770
146784
146853
146862
146954
146994
147019
147023
147038
147040
147068
147100
147136
147157
147164
147178
147187
147219
147259
147289
147304
147374
147376
147465
147551
147590
147637
147654
147674
147716
147721
147725
147745
147788
147791
147867
147872
147892
147904
147913
148004
148010
148018
148071
148078
148091
148096
148128
148131
148173
148179
148180
148215
148283
148392
148518
148536
148539
148546
148563
148591
148624
148667
148676
148680
148689
148704
148755
148857
148866
148908
148920
148969
148990
148995
148999
149021
149033
149054
149083
149085
149100
149109
149115
149141
149161
149188
149198
149201
149263
149272
149308
149326
149472
149495
149577
149578
149579
149580
149581
149582
149585
149586
149587
149588
149601
149631
149647
149649
149651
149658
149682
149707
149751
149760
149761
149763
149797
149836
149851
149896
149920
149921
149934
149961
150038
150041
150050
150072
150094
150113
150127
150168
150248
150268
150287
150300
150317
150349
150367
150388
150395
150463
150510
150538
150569
150584
150658
150696
150711
150718
150801
150830
150849
150862
150894
150928
150953
150962
151055
151124
151137
151169
151213
151238
151247
151332
151368
151375
151442
151454
151456
151563
151627
151628
151654
151675
151698
151781
151782
151799
151811
151829
151876
151901
151916
151920
151967
151976
152053
152065
152085
152143
152171
152207
152222
152237
152254
152263
152280
152289
152317
152345
152346
152351
152354
152355
152394
152395
152396
152398
152399
152400
152402
152403
152405
152406
152414
152415
152424
152491
152509
152510
152540
152552
152637
152653
152705
152765
152863
152960
152962
152979
152980
152989
153016
153048
153171
153174
153208
153231
153247
153256
153291
153311
153330
153331
153345
153350
153355
153368
153380
153385
153394
153396
153420
153461
153464
153491
153494
153525
153596
153608
153627
153649
153691
153697
153709
153768
153769
153796
153803
153827
153839
153870
153898
153949
153976
154085
154115
154117
154127
154154
154172
154195
154262
154273
154320
154345
154360
154372
154389
154398
154400
154498
154516
154529
154557
154603
154632
154704
154804
154813
154822
154823
154848
154850
154857
154887
154890
154905
154912
154925
154951
154982
155006
155022
155048
155055
155085
155106
155147
155154
155173
155181
155199
155231
155263
155392
155411
155432
155476
155487
155562
155602
155612
155733
155784
155804
155818
155824
155848
155858
155931
155983
156008
156059
156076
156099
156156
156172
156272
156347
156372
156396
156426
156457
156462
156538
156552
156621
156642
156647
156681
156706
156755
156919
156929
156937
156963
156966
157000
157004
157007
157050
157072
157113
157126
157137
157157
157172
157237
157249
157266
157277
157285
157315
157370
157373
157420
157460
157527
157534
157540
157563
157586
157627
157629
157675
157694
157745
157760
157789
157795
157807
157822
157833
157840
157852
157861
157895
157936
157938
158016
158038
158048
158082
158090
158099
158133
158138
158146
158155
158182
158198
158226
158297
158347
158377
158420
158427
158434
158435
158440
158459
158484
158507
158509
158562
158565
158588
158595
158625
158631
158644
158678
158687
158690
158703
158786
158790
158820
158823
158855
158861
158873
158879
158889
158920
158931
158996
159033
159093
159149
159156
159167
159178
159217
159224
159226
159235
159237
159239
159307
159382
159405
159512
159529
159554
159558
159565
159566
159595
159690
159761
159849
159858
159878
159895
159911
159926
159958
159976
160000
160015
160024
160084
160102
160114
160158
160179
160191
160204
160210
160241
160263
160345
160377
160401
160461
160485
160598
160603
160608
160656
160664
160677
160684
160734
160753
160825
160829
160832
160866
160881
160937
160964
160978
161037
161057
161062
161077
161094
161117
161133
161171
161172
161179
161210
161232
161240
161290
161313
161326
161335
161349
161371
161380
161396
161414
161445
161452
161486
161509
161545
161566
161578
161582
161592
161596
161753
161837
161846
161873
161874
161915
161921
161929
161968
161969
161990
161998
162012
162094
162151
162170
162193
162284
162315
162380
162403
162535
162618
162626
162687
162704
162708
162709
162733
162755
162777
162839
162854
162921
162939
162961
162962
162971
162975
162989
162998
163000
163038
163041
163073
163083
163131
163139
163149
163162
163164
163212
163226
163227
163243
163250
163261
163301
163303
163308
163361
163368
163375
163386
163406
163410
163433
163450
163499
163511
163583
163591
163594
163637
163643
163659
163758
163790
163822
163826
163841
163847
163882
163891
163936
163944
163954
163967
163973
163992
163996
164026
164050
164062
164098
164168
164171
164211
164235
164280
164313
164405
164409
164458
164460
164464
164468
164493
164577
164670
164698
164708
164749
164812
164821
164847
164865
164867
164902
164966
164996
165012
165024
165042
165111
165134
165213
165275
165317
165355
165398
165414
165428
165432
165435
165464
165468
165483
165521
165534
165550
165566
165629
165665
165699
165712
165714
165730
165757
165771
165796
165823
165830
165835
165864
165880
165885
165897
165898
165903
165907
165943
165945
165996
166107
166130
166138
166179
166190
166196
166241
166315
166340
166446
166461
166486
166489
166646
166654
166669
166697
166705
166713
166724
166734
166943
166963
167135
167164
167188
167197
167206
167285
167298
167314
167336
167514
167532
167535
167581
167588
167633
167661
167764
167793
167826
167869
167870
167877
167884
167919
168001
168013
168083
168100
168133
168170
168178
168201
168224
168242
168251
168259
168293
168301
168382
168406
168408
168413
168424
168434
168491
168515
168516
168559
168624
168636
168665
168667
168691
168698
168701
168770
168808
168888
168927
168994
169003
169067
169141
169211
169233
169268
169270
169279
169321
169377
169421
169426
169442
169484
169662
169679
169716
169736
169763
169812
169864
169886
169891
169897
169904
169957
169968
169994
170005
170020
170025
170054
170083
170089
170091
170096
170099
170121
170170
170184
170201
170325
170329
170352
170379
170402
170445
170480
170511
170531
170549
170558
170565
170587
170698
170721
170731
170739
170750
170763
170772
170777
170779
170823
170906
170918
170926
170947
170949
170988
170992
171002
171017
171019
171134
171149
171154
171213
171223
171242
171306
171346
171353
171363
171415
171440
171446
171458
171461
171479
171503
171508
171549
171551
171580
171597
171635
171671
171694
171720
171739
171748
171794
171827
171836
171924
171947
172104
172127
172131
172206
172294
172321
172365
172391
172431
172451
172481
172483
172488
172534
172547
172552
172577
172662
172663
172720
172729
172738
172780
172784
172817
172826
172847
172853
172886
172932
173019
173069
173070
173086
173123
173134
173141
173146
173151
173154
173188
173229
173282
173362
173384
173441
173474
173507
173528
173559
173564
173597
173624
173637
173685
173709
173748
173759
173764
173827
173868
173877
173878
173886
173897
173936
173949
173973
173999
174008
174014
174030
174048
174091
174102
174121
174167
174316
174376
174394
174400
174447
174454
174493
174532
174592
174598
174639
174640
174661
174670
174677
174706
174726
174773
174789
174825
174833
174834
174872
174879
174881
174926
174930
174983
174991
175055
175057
175067
175155
175191
175193
175243
175261
175267
175274
175288
175301
175330
175356
175411
175459
175506
175581
175603
175609
175626
175627
175656
175698
175708
175727
175733
175760
175776
175781
175783
175820
175834
175848
175879
175888
175930
175980
175991
176001
176056
176062
176070
176073
176090
176091
176105
176118
176121
176133
176166
176191
176194
176243
176246
176249
176280
176297
176312
176314
176320
176355
176415
176454
176509
176535
176557
176634
176666
176680
176731
176735
176794
176804
176829
176860
176894
176930
176951
176956
176958
177013
177030
177059
177085
177088
177102
177173
177219
177234
177241
177268
177298
177318
177321
177323
177325
177341
177345
177367
177382
177383
177410
177442
177447
177449
177484
177485
177489
177502
177529
177548
177561
177569
177589
177600
177602
177625
177664
177715
177720
177772
177794
177836
177837
177847
177861
177867
177882
177952
177967
178088
178111
178138
178140
178154
178162
178165
178219
178227
178243
178249
178250
178263
178274
178287
178307
178343
178375
178421
178444
178449
178485
178519
178557
178567
178620
178654
178665
178696
178712
178772
178775
178798
178814
178825
178863
178876
178885
178941
178958
178966
178974
178985
178989
178992
178996
179034
179050
179059
179066
179076
179097
179099
179108
179200
179207
179235
179281
179310
179379
179395
179413
179436
179449
179450
179494
179499
179516
179526
179535
179539
179567
179585
179587
179589
179613
179619
179657
179666
179694
179716
179738
179757
179790
179797
179804
179810
179819
179823
179871
179893
179908
179937
179955
179982
179984
180010
180025
180043
180059
180061
180070
180076
180088
180125
180133
180155
180174
180188
180195
180208
180221
180228
180257
180279
180289
180328
180337
180354
180370
180379
180387
180418
180460
180467
180472
180474
180481
180492
180500
180508
180552
180587
180673
180679
180833
180837
180856
180871
180876
180928
180967
180998
181005
181065
181083
181090
181130
181178
181202
181206
181263
181276
181277
181288
181302
181311
181346
181355
181375
181384
181408
181460
181475
181574
181581
181624
181629
181683
181706
181768
181813
181825
181847
181913
181919
181921
182051
182058
182074
182083
182084
182129
182157
182179
182190
182221
182223
182225
182244
182249
182250
182251
182337
182355
182360
182371
182373
182386
182392
182431
182437
182452
182483
182515
182549
182561
182580
182611
182633
182668
182693
182738
182771
182787
182820
182852
182902
182967
183014
183036
183049
183072
183093
183113
183126
183147
183161
183213
183236
183257
183269
183289
183315
183402
183431
183467
183484
183522
183531
183553
183563
183588
183595
183661
183713
183739
183763
183820
183826
183839
183876
183894
183982
184003
184017
184020
184055
184060
184081
184093
184102
184104
184124
184184
184188
184206
184222
184229
184250
184260
184266
184282
184328
184337
184378
184379
184386
184400
184402
184419
184420
184421
184422
184430
184434
184439
184442
184449
184452
184479
184507
184522
184577
184601
184615
184637
184643
184681
184697
184702
184713
184764
184772
184779
184785
184788
184800
184801
184802
184803
184810
184819
184860
184877
184878
184881
184920
184939
184989
185002
185023
185042
185045
185064
185068
185072
185119
185120
185155
185199
185206
185211
185231
185261
185264
185272
185282
185313
185326
185357
185378
185395
185400
185405
185421
185459
185474
185486
185495
185503
185528
185548
185573
185579
185602
185607
185628
185637
185641
185685
185716
185717
185742
185745
185764
185779
185793
185863
185872
185879
185883
185911
185942
185972
185974
185990
186032
186066
186067
186119
186127
186150
186168
186170
186198
186200
186217
186312
186319
186387
186449
186458
186471
186520
186583
186606
186617
186649
186654
186656
186663
186691
186716
186730
186779
186822
186857
186866
186898
186903
186939
186945
186952
186956
186960
186978
187000
187013
187020
187023
187029
187039
187056
187075
187101
187117
187120
187137
187163
187227
187241
187250
187267
187271
187329
187341
187355
187387
187402
187404
187464
187478
187515
187517
187523
187524
187587
187589
187596
187599
187621
187634
187648
187653
187684
187694
187710
187740
187820
187860
187930
188046
188131
188150
188176
188178
188201
188221
188225
188232
188241
188257
188259
188268
188345
188362
188438
188447
188455
188458
188460
188500
188515
188529
188547
188561
188564
188583
188598
188632
188668
188681
188687
188698
188702
188705
188713
188721
188738
188742
188768
188794
188821
188830
188842
188860
188873
188919
188922
188928
188944
188946
188947
188950
188963
188977
188990
189100
189138
189139
189144
189171
189182
189206
189214
189251
189260
189267
189286
189292
189303
189317
189348
189353
189360
189470
189485
189564
189581
189678
189703
189741
189760
189807
189842
189844
189868
189869
189907
189916
189972
189974
189988
189994
189997
189998
190002
190015
190021
190086
190100
190103
190109
190127
190130
190131
190132
190133
190141
190171
190198
190206
190207
190208
190220
190230
190269
190288
190297
190309
190323
190356
190362
190364
190407
190413
190414
190423
190452
190479
190495
190528
190530
190539
190598
190630
190641
190664
190674
190710
190718
190721
190722
190732
190738
190739
190758
190796
190813
190889
190899
190912
190936
190941
190942
190946
190975
191013
191038
191046
191051
191071
191142
191171
191216
191240
191264
191331
191344
191373
191374
191403
191483
191492
191505
191522
191526
191527
191543
191563
191570
191584
191625
191641
191646
191658
191671
191710
191715
191728
191755
191769
191794
191819
191834
191838
191862
191874
191951
191959
191978
191991
192020
192047
192055
192074
192079
192082
192085
192088
192122
192124
192130
192132
192145
192167
192174
192199
192211
192214
192217
192241
192295
192316
192338
192340
192342
192344
192373
192374
192376
192377
192378
192381
192383
192385
192387
192422
192438
192442
192468
192476
192478
192481
192482
192483
192553
192589
192596
192614
192622
192648
192666
192670
192698
192704
192706
192722
192724
192737
192744
192764
192765
192767
192768
192791
192797
192821
192834
192857
192864
192874
192883
192886
192902
192938
192960
193001
193009
193043
193048
193080
193145
193168
193199
193250
193304
193310
193331
193350
193351
193370
193386
193393
193399
193432
193449
193457
193459
193461
193509
193511
193517
193526
193528
193563
193567
193569
193605
193689
193711
193714
193731
193753
193776
193813
193839
193874
193881
193885
193890
193943
193945
193952
193956
193959
193962
193963
193964
193970
194019
194020
194044
194045
194046
194061
194080
194083
194114
194124
194125
194129
194152
194157
194161
194171
194176
194196
194209
194214
194218
194232
194241
194248
194262
194299
194302
194381
194420
194423
194444
194474
194476
194494
194518
194524
194537
194614
194625
194628
194638
194644
194657
194672
194715
194723
194795
194825
194834
194864
194882
194884
194913
194938
194945
194955
195005
195017
195034
195039
195058
195075
195096
195108
195112
195149
195164
195191
195207
195222
195233
195252
195263
195278
195330
195333
195346
195350
195423
195454
195464
195504
195505
195514
195549
195567
195584
195586
195627
195648
195713
195714
195732
195741
195783
195792
195810
195883
195891
195924
195951
195997
196002
196007
196016
196023
196042
196066
196072
196086
196109
196117
196125
196160
196185
196189
196204
196251
196275
196280
196288
196295
196319
196321
196342
196357
196362
196412
196431
196456
196490
196499
196529
196531
196554
196557
196699
196704
196772
196777
196788
196793
196802
196807
196822
196836
196839
196846
196854
196865
196884
196915
196916
196922
196938
196955
196983
196990
197003
197012
197013
197017
197030
197037
197044
197053
197074
197143
197153
197156
197157
197185
197187
197196
197202
197213
197217
197246
197258
197261
197277
197332
197345
197350
197357
197363
197369
197376
197379
197384
197399
197407
197414
197421
197423
197448
197459
197471
197484
197497
197499
197500
197513
197534
197567
197576
197594
197636
197638
197641
197645
197660
197665
197718
197739
197745
197750
197758
197781
197787
197811
197824
197845
197848
197864
197870
197920
197968
197969
197970
197983
198009
198041
198137
198139
198151
198207
198208
198225
198259
198277
198314
198331
198350
198355
198360
198404
198429
198444
198456
198458
198463
198477
198527
198549
198554
198561
198571
198576
198594
198615
198617
198622
198624
198631
198650
198666
198680
198688
198719
198739
198749
198750
198753
198756
198773
198799
198873
198886
198887
198888
198906
198918
198937
198939
198947
199005
199016
199018
199031
199124
199141
199150
199159
199179
199184
199209
199225
199228
199240
199275
199300
199325
199328
199341
199355
199359
199385
199388
199392
199413
199422
199442
199455
199467
199476
199487
199498
199512
199552
199556
199573
199608
199609
199618
199641
199643
199674
199675
199700
199701
199707
199711
199743
199748
199752
199763
199764
199765
199861
199887
199894
199909
199933
199954
199957
199964
199989
199991
199999
