41
47
48
49
119
1564
2640
2651
2735
2949
2950
2951
2952
2953
2954
2955
2956
2957
2958
2959
2960
2961
2962
3033
3034
3037
3038
3041
3042
3045
3046
3047
3048
3059
3060
3063
3064
3067
3068
3071
3072
3073
3074
3085
3086
3089
3090
3097
3098
3223
3224
3245
3246
4068
4069
4070
4071
4082
4083
4086
4087
4090
4091
4094
4095
4099
4100
4183
4214
4431
4432
4433
4434
4435
4436
4437
4438
4439
4440
4441
4442
4443
4444
4451
4452
4453
4454
4481
4482
4485
4486
4511
4512
4525
4526
4527
4528
4559
4560
4563
4564
4567
4568
4571
4572
4575
4576
4579
4580
4695
4700
5144
5145
5146
5147
5152
5153
5166
5167
5172
5173
6169
6410
6458
6481
6491
6493
6494
6497
6498
6519
6612
6613
6614
6644
6645
6646
6658
6705
6706
6708
6709
6726
6727
6728
6729
6730
6731
6732
6733
6734
6735
6736
6737
6738
6739
6805
6876
6988
6989
6990
6991
6992
6993
6994
6995
6996
6997
6998
6999
7000
7001
7002
7013
7014
7017
7018
7025
7026
7029
7030
7114
7117
7136
7137
7261
7296
7297
7298
7299
7373
7374
7377
7378
7381
7382
7385
7386
7444
7445
7706
7707
7708
7712
7713
7714
7718
7719
7817
7821
7822
8007
8008
8009
8010
8015
8016
8019
8020
8023
8024
8108
8117
8118
8119
8120
8141
8160
8166
8170
8182
8184
8251
8264
8285
8286
8299
8300
8302
8303
8321
8323
8324
8331
8334
8338
8345
8346
8347
8348
8350
8351
8392
8396
8397
8398
8442
8443
8444
8449
8450
8452
8453
8455
8456
8457
8459
8460
8462
8464
8471
8482
8484
8487
8519
8520
8526
8532
8533
8536
8537
8538
8553
8555
8556
8558
8561
8564
8565
8567
8572
8574
8576
8600
8602
8604
8608
8609
8611
8614
8617
8618
8620
8623
8644
8645
8646
8647
8649
8662
8667
8672
8675
8678
8703
8706
8723
8743
8745
8757
8765
8774
8783
8784
8788
8790
8792
8793
8796
8816
8820
8851
8852
8871
8881
8882
8898
8921
8922
8926
8927
8956
8957
8958
8959
8961
8962
8963
8964
8965
8966
8967
8984
8991
8992
8994
8997
9000
9002
9003
9004
9005
9006
9007
9008
9009
9039
9041
9042
9047
9048
9049
9055
9056
9074
9075
9076
9077
9079
9083
9097
9112
9116
9127
9195
9203
9210
9235
9287
9288
9289
9301
9310
9311
9312
9324
9349
9391
9392
9399
9561
9563
9565
9568
9570
9571
9572
9574
9576
9601
9605
9606
9624
9639
9652
9654
9667
9668
9669
9670
9673
9674
9676
9679
9681
9685
9687
9688
9691
9692
9693
9694
9699
9700
9730
9731
9732
9733
9740
9742
9743
9748
9765
9772
9774
9775
9778
9779
9784
9790
9792
9795
9796
9797
9824
9826
9828
9829
9834
9847
9850
9851
9854
9860
9863
9866
9867
9868
9869
9871
9872
9873
9874
9875
9876
9877
9878
9879
9884
9885
9886
9888
9891
9914
9936
9968
10009
10010
10011
10012
10013
10014
10017
10023
10026
10029
10033
10039
10041
10042
10044
10069
10074
10248
10254
10272
10274
10313
10315
10316
10333
10398
10399
10401
10404
10407
10421
10422
10426
10429
10445
10446
10465
10467
10486
10510
10525
10555
10556
10565
10569
10579
10580
10583
10584
10585
10586
10591
10593
10596
10599
10629
10671
10685
10762
10783
10840
10992
10996
11004
11025
11045
11099
11108
11131
11172
11175
11178
11179
11197
11206
11227
11304
11309
11398
11406
11426
11457
11461
11471
11488
11504
11516
11569
11575
11585
11586
11625
11631
11643
11649
11664
11669
11689
11746
11757
11814
11954
12003
12094
12100
12246
12258
12287
12298
12329
12343
12471
12533
12563
12572
12587
12596
12659
12719
12807
12854
12910
12948
12951
12953
12960
12994
12997
13075
13099
13102
13139
13156
13176
13178
13181
13223
13264
13275
13335
13345
13364
13380
13385
13437
13469
13485
13531
13556
13569
13572
13575
13582
13586
13601
13602
13628
13630
13645
13683
13699
13721
13732
13801
13846
13874
13882
13885
13919
13997
14014
14041
14047
14049
14061
14064
14129
14156
14163
14196
14229
14243
14328
14332
14381
14402
14409
14415
14421
14431
14450
14496
14505
14541
14566
14603
14604
14686
14687
14722
14723
14753
14756
14788
14833
14840
14851
14892
14896
14915
14979
14992
15054
15085
15092
15108
15149
15265
15288
15292
15298
15308
15333
15401
15404
15406
15506
15552
15561
15648
15650
15706
15841
15885
15912
15965
16047
16052
16089
16135
16148
16150
16198
16202
16270
16274
16322
16348
16361
16363
16371
16385
16417
16483
16494
16498
16518
16523
16558
16581
16587
16597
16606
16631
16663
16669
16683
16722
16788
16835
16891
16916
16930
16946
16954
17040
17055
17123
17240
17286
17291
17305
17319
17363
17376
17378
17387
17393
17410
17472
17492
17499
17514
17560
17583
17600
17654
17671
17691
17693
17745
17747
17775
17776
17786
17798
17803
17856
17870
17889
17896
17915
17922
17950
17954
17975
17991
18084
18118
18156
18157
18185
18244
18252
18337
18379
18403
18510
18515
18617
18618
18619
18620
18621
18622
18623
18624
18625
18626
18627
18628
18629
18630
18736
18737
18873
18874
18875
18898
18994
19028
19029
19086
19088
19094
19164
19194
19195
19196
19197
19245
19248
19274
19297
19427
19431
19439
19448
19663
19672
19675
19681
19684
19694
19703
19716
19723
19730
19888
19979
20009
20010
20067
20106
20107
20108
20109
20121
20127
20128
20131
20132
20133
20134
20148
20186
20187
20188
20189
20190
20191
20192
20193
20194
20195
20196
20197
20198
20199
20210
20211
20214
20215
20261
20286
20289
20373
20374
20376
20377
20380
20381
20384
20385
20391
20393
20394
20396
20397
20398
20399
20406
20407
20410
20411
20414
20451
20462
20841
20844
20846
20850
20879
20882
20885
20896
20919
20920
20937
20942
20948
20949
20950
20951
20952
20953
20954
20955
20956
20957
20958
20959
20960
20961
20964
20993
21000
21001
21137
21138
21161
21162
21163
21164
21165
21166
21167
21168
21169
21170
21171
21182
21183
21184
21206
21207
21209
21210
21211
21212
21218
21219
21374
21375
21456
21549
21575
21617
21618
21623
21624
21625
21626
21628
21629
21670
21673
21674
21676
21684
21689
21693
21744
21754
21767
21800
21834
21847
21871
21914
21920
21921
21928
21934
21937
21950
21953
21975
21978
21982
21983
22011
22029
22044
22065
22078
22086
22089
22092
22101
22107
22140
22141
22150
22151
22152
22153
22154
22171
22174
22188
22189
22191
22204
22206
22207
22230
22237
22238
22250
22260
22262
22263
22264
22269
22270
22271
22273
22275
22276
22278
22281
22283
22323
22345
22346
22350
22379
22387
22397
22426
22429
22430
22431
22432
22453
22553
22560
22568
22578
22626
22674
22698
22699
22700
22701
22704
22721
22723
22726
22732
22733
22734
22740
22751
22753
22762
22765
22766
22767
22770
22775
22778
22790
22791
22792
22808
22813
22814
22815
22816
22819
22820
22822
22827
22831
22853
22857
22858
22860
22862
22883
22908
22917
22918
22919
22920
22921
22922
22923
22924
22925
22926
22927
22931
22939
22977
23009
23010
23012
23034
23164
23193
23214
23224
23276
23281
23310
23333
23353
23377
23381
23393
23434
23438
23467
23476
23493
23507
23535
23556
23573
23574
23596
23602
23620
23701
23753
23783
23795
23834
23842
23864
23873
23926
23950
24020
24028
24051
24147
24193
24214
24259
24265
24294
24305
24310
24373
24404
24446
24495
24496
24511
24513
24526
24562
24583
24584
24588
24593
24596
24605
24606
24607
24608
24609
24611
24613
24614
24615
24618
24620
24622
24627
24631
24632
24633
24634
24635
24645
24646
24650
24651
24660
24666
24668
24701
24702
24703
24728
24732
24733
24734
24739
24753
24754
24755
24781
24782
24783
24786
24824
24825
24826
24827
24828
24841
24842
24844
24849
24854
24880
24881
24882
24884
24905
24906
24907
24908
24909
24910
24918
24922
24924
24927
24940
24942
24944
24946
24954
24976
24986
24990
24993
24994
24995
25015
25022
25025
25026
25029
25030
25031
25032
25039
25054
25055
25056
25057
25059
25060
25064
25065
25068
25069
25073
25074
25086
25092
25095
25110
25165
25176
25185
25188
25206
25219
25222
25223
25226
25228
25229
25231
25232
25234
25235
25239
25241
25248
25249
25254
25256
25262
25269
25274
25275
25296
25299
25305
25306
25308
25313
25316
25326
25332
25338
25339
25340
25344
25351
25353
25355
25357
25360
25363
25364
25370
25374
25377
25379
25380
25384
25387
25392
25395
25396
25415
25423
25432
25438
25439
25441
25451
25461
25462
25470
25477
25485
25498
25537
25539
25547
25548
25549
25551
25552
25563
25565
25567
25577
25585
25592
25593
25594
25595
25596
25598
25599
25600
25602
25604
25606
25608
25617
25618
25619
25621
25623
25626
25628
25649
25650
25664
25668
25677
25680
25687
25695
25696
25715
25726
25727
25732
25733
25739
25740
25741
25743
25744
25748
25757
25758
25760
25771
25795
25799
25804
25805
25810
25821
25828
25842
25861
25862
25866
25868
25869
25872
25873
25887
25911
25919
25921
25928
25931
25932
25933
25934
25939
25940
25956
25957
25969
25970
25972
25987
25989
26004
26033
26110
26125
26126
26127
26142
26158
26160
26162
26173
26174
26175
26176
26177
26182
26183
26184
26188
26189
26209
26210
26211
26216
26219
26220
26221
26222
26225
26227
26230
26232
26233
26235
26236
26240
26244
26245
26252
26257
26260
26265
26272
26273
26278
26282
26303
26320
26329
26338
26339
26341
26350
26351
26352
26356
26360
26366
26369
26371
26374
26375
26376
26378
26381
26383
26384
26400
26401
26403
26404
26449
26457
26476
26493
26498
26517
26542
26552
26591
26605
26612
26615
26627
26629
26632
26633
26635
26663
26681
26689
26713
26717
26720
26732
26733
26778
26791
26792
26793
26794
26833
26835
26862
26863
26864
26865
26866
26867
26871
26873
26875
26877
26878
26880
26887
26900
26901
26903
26905
26910
26914
26918
26919
26920
26921
26928
26929
26930
26937
26939
26947
26986
26993
26996
26999
27000
27030
27039
27062
27064
27075
27087
27092
27096
27097
27098
27099
27101
27104
27106
27107
27111
27112
27115
27117
27160
27180
27181
27183
27186
27189
27198
27205
27207
27216
27237
27238
27241
27247
27249
27256
27261
27268
27269
27270
27273
27275
27291
27293
27297
27300
27301
27305
27306
27307
27311
27378
27390
27399
27400
27401
27465
27466
27467
27471
27475
27482
27493
27496
27497
27505
27506
27545
27546
27547
27555
27563
27570
27575
27610
27711
27712
27742
27793
27832
27866
27882
27883
27887
27888
27916
27927
27929
27945
27947
28040
28048
28073
28074
28088
28089
28090
28092
28097
28104
28153
28172
28180
28214
28238
28240
28247
28265
28268
28275
28303
28309
28310
28312
28315
28316
28317
28318
28320
28326
28335
28409
28412
28414
28430
28437
28438
28440
28463
28476
28477
28478
28497
28527
28543
28548
28578
28580
28595
28607
28625
28635
28644
28645
28671
28707
28712
28717
28723
28725
28729
28744
28745
28747
28766
28832
28859
28860
28861
28866
28884
28892
28906
28918
28920
28933
28988
28991
29002
29004
29049
29094
29099
29100
29103
29104
29108
29109
29110
29112
29114
29115
29150
29151
29168
29175
29219
29258
29267
29276
29297
29306
29311
29312
29314
29331
29345
29407
29461
29490
29491
29493
29496
29506
29507
29518
29522
29523
29531
29532
29533
29535
29538
29553
29564
29576
29577
29578
29593
29595
29596
29598
29599
29604
29606
29611
29624
29625
29626
29631
29649
29654
29655
29656
29658
29672
29676
29693
29694
29699
29701
29702
29703
29715
29730
29731
29739
29744
29774
29775
29777
29794
29795
29796
29798
29800
29804
29805
29807
29813
29814
29817
29829
29847
29869
29871
29872
29873
29874
29882
29886
29896
29897
29899
29900
29909
29910
29911
29917
29918
29919
29920
29924
29926
29929
29930
29932
29940
29942
29944
29945
29951
29952
29960
29962
29968
29976
29984
29985
29994
29995
30001
30010
30012
30017
30019
30020
30033
30051
30081
30095
30119
30122
30123
30132
30168
30178
30179
30180
30181
30182
30208
30209
30210
30239
30240
30243
30259
30265
30266
30267
30268
30269
30270
30271
30272
30273
30274
30277
30278
30279
30280
30294
30297
30300
30302
30304
30305
30307
30321
30323
30325
30327
30329
30332
30353
30355
30356
30357
30364
30366
30367
30379
30381
30385
30387
30388
30401
30402
30418
30419
30437
30440
30459
30463
30493
30531
30533
30542
30559
30563
30604
30609
30611
30629
30630
30631
30632
30639
30640
30647
30670
30728
30737
30753
30759
30760
30761
30766
30767
30771
30772
30774
30775
30776
30777
30778
30779
30780
30781
30782
30783
30784
30785
30786
30787
30788
30789
30790
30791
30792
30793
30794
30797
30798
30799
30800
30801
30802
30803
30804
30805
30806
30807
30808
30809
30810
30811
30812
30813
30814
30824
30834
30835
30836
30855
30861
30862
30864
30867
30874
30875
30877
30880
30885
30886
30888
30891
30896
30898
30900
30906
30907
30909
30912
30918
30919
30921
30924
30926
30927
30928
30929
30930
30931
30932
30935
30936
30937
30938
30939
30940
30941
30942
30943
30944
30945
30946
30947
30948
30949
30950
30951
30952
30953
30954
30955
30956
30960
30961
30962
30963
30964
30965
30966
30967
30968
30969
30970
30971
30972
30973
30974
30975
30976
30977
30978
30979
30980
30981
30982
30983
30984
30985
30986
30987
30988
30989
30990
30991
30992
30993
30994
30996
30997
30998
30999
31000
31001
31002
31009
31147
31148
31149
31150
31151
31152
31153
31154
31155
31156
31157
31158
31159
31160
31197
31198
31201
31202
31205
31206
31209
31210
31213
31214
31218
31309
31311
31312
31313
31314
31315
31317
31318
31350
31351
31354
31355
31358
31359
31362
31363
31450
31481
31488
31489
31502
31503
31504
31505
31510
31511
31524
31525
31526
31547
31567
31592
31593
31594
31602
31615
31620
31621
31622
31625
31626
31627
31628
31629
31630
31631
31632
31633
31634
31635
31636
31637
31638
31639
31640
31641
31642
31643
31644
31645
31646
31647
31648
31649
31650
31651
31652
31653
31654
31655
31656
31657
31658
31659
31660
31661
31662
31665
31666
31667
31668
31669
31671
31672
31673
31674
31675
31676
31677
31678
31679
31680
31681
31682
31683
31684
31685
31686
31687
31688
31689
31690
31691
31692
31693
31694
31695
31696
31697
31698
31700
31701
31702
31703
31704
31705
31706
31712
31714
31723
31732
31737
31738
31781
31786
31787
31790
31793
31794
31799
31800
31801
31802
31803
31804
31806
31807
31809
31810
31815
31816
31817
31822
31824
31828
31829
31830
31833
31834
31835
31841
31842
31843
31844
31845
31846
31847
31850
31851
31853
31854
31855
31856
31859
31860
31862
31863
31864
31865
31866
31867
31869
31870
31871
31872
31875
31878
31879
31881
31882
31884
31885
31889
31895
31897
31899
31914
31939
31940
31941
31942
31943
31944
31945
31946
31956
31957
31959
31965
31982
31999
32000
32001
32004
32008
32021
32024
32028
32032
32036
32042
32059
32062
32065
32067
32068
32069
32070
32071
32086
32087
32088
32089
32090
32091
32093
32094
32117
32122
32144
32157
32158
32168
32169
32171
32176
32178
32189
32190
32191
32193
32200
32203
32238
32239
32240
32241
32246
32276
32283
32328
32331
32333
32336
32355
32372
32379
32387
32390
32444
32449
32472
32483
32497
32510
32524
32532
32533
32546
32569
32573
32574
32581
32608
32609
32610
32611
32613
32620
32621
32623
32640
32668
32703
32719
32756
32816
32852
32893
32995
33030
33035
33050
33064
33077
33098
33112
33136
33138
33170
33191
33241
33260
33311
33348
33352
33391
33399
33407
33435
33479
33485
33499
33519
33530
33532
33541
33551
33596
33668
33676
33773
33778
33798
33826
33831
33833
33931
33934
33975
34006
34016
34026
34077
34095
34341
34348
34357
34361
34405
34417
34434
34435
34442
34485
34489
34505
34517
34523
34566
34611
34616
34626
34644
34663
34678
34681
34714
34757
34783
34850
34907
34936
34983
34986
35000
35033
35069
35128
35138
35200
35213
35226
35340
35342
35617
35619
35622
35624
35653
35671
35717
35721
35739
35742
35744
35745
35828
36139
36144
36148
36167
36168
36176
36180
36181
36249
36253
36267
36475
36481
36486
36508
36535
36537
36539
36834
36864
36866
37100
37335
37380
37477
37625
37626
37628
37630
37631
37783
37785
37822
37915
37989
37990
37992
37994
37995
38170
38171
38177
38185
38209
38210
38220
38230
38318
38328
38330
38331
38332
38345
38356
38359
38362
38363
38369
38373
38407
38408
38409
38412
38423
38424
38428
38433
38465
38467
38475
38478
38479
38480
38485
38488
38489
38490
38491
38492
38493
38494
38495
38497
38498
38502
38503
38504
38506
38507
38509
38519
38532
38583
38586
38590
38592
38651
38668
38669
38670
38671
38672
38709
38710
38711
38714
38732
38734
38737
38740
38743
38744
38748
38750
38758
38759
38760
38761
38762
38764
38766
38768
38770
38772
38775
38783
38784
38786
38787
38798
38813
38814
38815
38816
38817
38818
38821
38823
38825
38837
38838
38844
38845
38849
38864
38865
38866
38867
38868
38869
38870
38872
38873
38876
38882
38883
38885
38894
38896
38897
38898
38905
38919
38925
38937
39017
39023
39038
39053
39057
39066
39089
39090
39112
39118
39119
39121
39122
39123
39144
39165
39177
39180
39183
39186
39201
39205
39206
39210
39211
39213
39226
39227
39228
39229
39237
39238
39239
39245
39246
39251
39253
39254
39257
39259
39261
39264
39266
39271
39273
39275
39281
39282
39283
39293
39295
39297
39318
39319
39372
39377
39379
39383
39384
39385
39391
39393
39407
39427
39435
39437
39439
39440
39443
39447
39465
39467
39485
39498
39499
39524
39553
39554
39555
39556
39578
39579
39580
39581
39605
39624
39625
39626
39631
39653
39675
39678
39681
39682
39683
39686
39693
39694
39716
39719
39726
39729
39730
39769
39770
39777
39779
39788
39810
39812
39816
39823
39855
39857
39894
39902
39916
39917
39918
40016
40032
40033
40044
40046
40049
40060
40081
40092
40099
40100
40123
40132
40135
40177
40213
40250
40289
40319
40556
40607
40665
40668
40708
40815
40945
40946
40949
40976
41030
41106
41141
41158
41181
41183
41219
41225
41257
41259
41292
41371
41398
41405
41420
41460
41472
41592
41620
41621
41634
41662
41710
41745
41793
41830
41833
41878
41885
41887
41891
41893
41897
41902
41924
41964
41967
41972
42018
42033
42112
42113
42115
42120
42122
42126
42149
42160
42205
42240
42276
42277
42280
42281
42285
42315
42325
42345
42347
42361
42370
42395
42422
42432
42439
42452
42453
42477
42487
42497
42527
42540
42578
42590
42633
42636
42650
42676
42701
42703
42744
42783
42800
42805
42825
42865
42866
42867
42871
42888
42912
42920
42923
42952
42965
42972
43001
43032
43034
43041
43116
43118
43123
43128
43138
43158
43160
43211
43240
43263
43293
43294
43295
43297
43302
43316
43322
43325
43336
43339
43354
43358
43359
43373
43406
43407
43408
43409
43417
43434
43437
43487
43528
43531
43532
43533
43534
43536
43537
43539
43548
43549
43550
43552
43563
43565
43570
43571
43578
43585
43590
43592
43606
43609
43632
43635
43637
43662
43663
43664
43665
43687
43688
43707
43708
43718
43719
43727
43728
43736
43737
43743
43744
43752
43753
43759
43764
43772
43773
43775
43777
43786
43787
43794
43795
43803
43804
43816
43817
43821
43823
43824
43859
43872
43885
43893
43915
43916
43944
43967
43968
43973
44001
44003
44005
44013
44039
44234
44342
44343
44346
44347
44350
44391
44393
44394
44398
44401
44418
44460
44461
44462
44470
44472
44473
44508
44513
44636
44662
44663
44667
44671
44673
44676
44739
44756
44762
44810
44823
44824
44825
44828
44829
44830
44831
44832
44833
44836
44837
44838
44853
44887
44898
44899
44900
44901
44905
44906
44908
44909
44911
44913
44924
44969
44989
45066
45067
45097
45115
45155
45156
45196
45221
45257
45269
45271
45286
45353
45359
45382
45403
45443
45455
45461
45466
45531
45543
45554
45594
45615
45618
45679
45686
45714
45717
45737
45762
45765
45803
45807
45831
45851
45862
45868
45871
45873
45973
45995
46013
46042
46065
46102
46104
46124
46161
46181
46206
46239
46258
46269
46271
46385
46409
46431
46451
46479
46485
46498
46542
46592
46612
46642
46668
46669
46688
46709
46731
46737
46788
46789
46802
46845
46902
46907
46925
46927
46979
47014
47043
47075
47088
47093
47097
47148
47150
47180
47212
47214
47221
47258
47261
47269
47276
47289
47325
47341
47346
47426
47438
47443
47444
47470
47558
47571
47644
47658
47682
47688
47692
47712
47731
47734
47875
47876
47900
47938
47983
47997
48024
48036
48070
48078
48098
48104
48132
48164
48203
48207
48221
48252
48273
48284
48304
48338
48341
48385
48396
48443
48456
48461
48508
48519
48527
48561
48576
48594
48631
48649
48676
48777
48784
48815
48857
48860
48874
48888
48890
48913
48914
48922
48955
48969
48987
49005
49071
49091
49099
49130
49138
49151
49193
49207
49304
49318
49357
49373
49377
49398
49402
49426
49472
49486
49519
49523
49534
49547
49580
49604
49618
49675
49687
49714
49728
49732
49759
49770
49772
49810
49861
49889
49915
49936
49941
49979
49990
50001
50059
50094
50151
50231
50275
50313
50379
50392
50419
50439
50450
50484
50497
50532
50535
50543
50593
50601
50616
50658
50672
50684
50694
50741
50747
50797
50839
50862
50891
50895
50905
50917
50921
50925
50937
50938
50967
50998
51027
51032
51137
51144
51178
51200
51260
51283
51295
51302
51416
51452
51705
51759
51787
51799
51842
51856
51857
51882
51902
51906
51909
51913
51966
51988
52025
52061
52073
52093
52184
52196
52201
52227
52228
52232
52239
52240
52263
52273
52279
52286
52397
52402
52498
52534
52547
52559
52581
52610
52626
52640
52665
52675
52720
52762
52774
52810
52833
52842
52888
52893
52931
52936
52962
52985
53017
53020
53052
53055
53070
53071
53085
53091
53111
53113
53127
53131
53140
53184
53254
53280
53310
53311
53337
53341
53366
53399
53423
53432
53512
53581
53644
53686
53696
53713
53738
53755
53796
53832
53855
53869
53913
54048
54055
54072
54076
54078
54095
54121
54145
54148
54248
54250
54253
54254
54308
54317
54323
54363
54404
54474
54500
54554
54579
54666
54703
54727
54765
54778
54830
54841
54941
54954
54962
54991
54994
55019
55021
55096
55122
55127
55193
55198
55221
55230
55231
55238
55269
55270
55279
55285
55388
55390
55392
55394
55396
55398
55400
55401
55402
55403
55404
55405
55406
55407
55408
55409
55410
55411
55412
55413
55445
55446
55464
55486
55489
55490
55503
55506
55508
55509
55514
55527
55528
55530
55542
55551
55556
55557
55558
55559
55585
55587
55589
55592
56104
56109
56110
56111
56117
56118
56119
56120
56121
56123
56124
56125
56126
56127
56128
56129
56134
56135
56140
56141
56142
56143
56144
56145
56146
56147
56148
56170
56171
56172
56173
56174
56194
56220
56221
56222
56223
56224
56225
56226
56227
56228
56229
56230
56231
56232
56233
56234
56235
56236
56237
56238
56239
56240
56241
56242
56243
56244
56245
56246
56247
56248
56249
56250
56251
56252
56253
56254
56255
56257
56258
56259
56260
56261
56262
56263
56264
56265
56266
56267
56268
56269
56270
56271
56272
56273
56274
56275
56276
56277
56278
56322
56325
56456
56458
56460
56462
56464
56465
56466
56467
56468
56469
56470
56471
56472
56473
56474
56475
56476
56477
56546
56547
56550
56551
56554
56555
56558
56559
56562
56563
56596
56624
56628
56669
56675
56680
56682
56685
56688
56690
56771
56854
56861
56862
56863
56867
56870
56877
56881
56885
56889
56896
56911
56913
56914
56917
56918
56919
56920
56925
56926
57257
57258
57259
57263
57275
57386
57404
57440
57444
57448
57450
57453
57454
57459
57462
57463
57464
57469
57470
57471
57473
57479
57489
57491
57492
57494
57495
57496
57498
57499
57502
57503
57507
57508
57511
57512
57515
57518
57519
57522
57548
57549
57550
57553
57573
57592
57593
57595
57599
57600
57601
57602
57638
57640
57645
57649
57650
57651
57653
57654
57655
57657
57658
57660
57661
57663
57664
57665
57666
57668
57669
57671
57674
57675
57682
57693
57698
57712
57715
57716
57725
57728
57744
57768
57785
57789
57794
57795
57801
57802
57803
57804
57805
57806
57807
57809
57810
57811
57813
57815
57817
57819
57822
57823
57824
57827
57828
57829
57830
57832
57839
57840
57842
57845
57868
57881
57904
57916
57975
57983
58018
58037
58045
58048
58054
58055
58060
58061
58062
58063
58065
58066
58068
58070
58072
58074
58076
58085
58086
58088
58146
58161
58163
58164
58165
58168
58174
58190
58230
58231
58235
58238
58244
58245
58265
58268
58279
58280
58281
58282
58287
58288
58289
58299
58301
58306
58310
58314
58331
58333
58334
58335
58339
58341
58353
58391
58392
58393
58395
58396
58464
58483
58521
58525
58539
58541
58546
58548
58559
58566
58583
58584
58593
58596
58602
58604
58650
58651
58655
58658
58662
58665
58667
58673
58674
58675
58679
58744
58750
58751
58753
58756
58757
58758
58763
58823
58830
58856
58857
58859
58862
58877
58878
58891
58892
58893
58895
58899
58900
58902
58908
58909
58910
58911
58913
58914
58932
58933
58934
58935
58936
58937
58938
58940
58941
58944
58945
58949
58951
58954
58959
58966
58972
58977
58980
58981
58984
58997
59025
59035
59055
59056
59070
59071
59082
59083
59084
59089
59119
59124
59128
59131
59137
59140
59153
59201
59270
59282
59309
59338
59377
59378
59379
59380
59383
59386
59391
59402
59403
59406
59407
59408
59415
59416
59417
59418
59419
59420
59421
59422
59423
59465
59470
59477
59479
59513
59514
59517
59518
59520
59521
59522
59523
59524
59526
59527
59528
59529
59530
59531
59532
59533
59534
59535
59536
59537
59565
59566
59567
59568
59574
59582
59666
59721
59732
59738
59804
59823
59873
59877
59958
59967
59986
59988
59997
60065
60074
60084
60091
60093
60095
60103
60135
60152
60167
60169
60174
60181
60192
60240
60245
60265
60274
60281
60303
60304
60319
60351
60406
60417
60443
60460
60476
60489
60503
60535
60546
60549
60566
60573
60608
60630
60671
60685
60728
60739
60760
60779
60789
60846
60848
60867
60873
60876
60877
60878
60897
60913
60937
60938
60939
60941
60964
61053
61057
61062
61076
61077
61100
61101
61102
61142
61143
61171
61172
61174
61183
61198
61203
61206
61210
61211
61212
61213
61215
61216
61218
61219
61220
61223
61224
61225
61227
61228
61239
61241
61244
61250
61302
61312
61334
61335
61336
61342
61348
61350
61352
61354
61360
61369
61387
61388
61393
61395
61396
61398
61399
61400
61401
61405
61406
61409
61410
61411
61412
61413
61414
61415
61416
61417
61419
61420
61421
61422
61423
61424
61425
61426
61427
61428
61438
61461
61466
61467
61506
61511
61526
61532
61533
61536
61540
61543
61579
61589
61592
61610
61615
61619
61622
61627
61629
61631
61633
61635
61636
61642
61655
61657
61664
61683
61684
61685
61687
61690
61699
61718
61723
61724
61727
61730
61733
61734
61735
61736
61737
61738
61739
61741
61742
61743
61744
61745
61747
61749
61750
61751
61753
61755
61758
61759
61760
61766
61767
61768
61769
61771
61778
61779
61785
61788
61797
61799
61800
61808
61809
61818
61820
61822
61826
61832
61848
61856
61865
61922
61932
61966
61979
61995
61996
61997
61998
62007
62036
62037
62040
62063
62066
62074
62075
62078
62086
62087
62096
62121
62144
62156
62168
62171
62243
62289
62291
62318
62355
62378
62381
62468
62471
62478
62524
62527
62531
62550
62555
62556
62563
62564
62570
62575
62576
62577
62586
62588
62603
62616
62618
62619
62627
62628
62634
62635
62636
62642
62643
62646
62652
62661
62687
62688
62707
62711
62714
62715
62728
62729
62737
62742
62743
62750
62751
62752
62755
62756
62760
62763
62766
62769
62771
62774
62779
62814
62820
62868
62903
62933
62942
62960
62971
62985
62994
63036
63039
63041
63062
63063
63082
63089
63090
63091
63095
63096
63099
63100
63101
63103
63104
63122
63167
63171
63179
63216
63228
63229
63242
63264
63325
63340
63342
63380
63381
63382
63383
63386
63387
63392
63401
63420
63421
63436
63439
63442
63443
63444
63449
63450
63455
63456
63470
63471
63472
63478
63488
63517
63539
63609
63677
63745
63754
63765
63772
63823
63895
63921
63941
63957
64058
64074
64090
64108
64141
64183
64185
64202
64221
64242
64251
64275
64317
64356
64378
64448
64490
64540
64555
64587
64589
64598
64630
64637
64653
64657
64673
64694
64695
64696
64702
64710
64711
64738
64781
64788
64856
64895
64934
64936
64970
64974
65018
65025
65113
65123
65128
65130
65152
65164
65179
65196
65200
65220
65236
65241
65245
65249
65263
65279
65293
65296
65385
65400
65421
65436
65438
65454
65476
65532
65591
65607
65622
65630
65659
65698
65705
65720
65725
65727
65757
65798
65800
65843
65846
65852
65855
65870
65891
65902
65919
65947
65959
65975
66034
66050
66060
66066
66071
66128
66157
66180
66234
66256
66259
66271
66273
66279
66292
66336
66338
66365
66368
66404
66435
66439
66473
66508
66556
66571
66617
66633
66636
66637
66646
66655
66688
66695
66713
66740
66747
66751
66780
66794
66812
66813
66823
66835
66838
66891
66905
66974
66987
67026
67049
67097
67123
67141
67243
67269
67295
67358
67379
67394
67487
67490
67514
67524
67528
67536
67546
67565
67575
67578
67580
67582
67584
67586
67637
67639
67668
67677
67695
67701
67724
67738
67774
67788
67845
67878
67879
67886
67898
67906
68005
68040
68047
68131
68142
68185
68213
68214
68245
68260
68301
68332
68379
68387
68407
68432
68458
68459
68485
68503
68505
68532
68545
68593
68604
68609
68623
68658
68693
68719
68758
68764
68771
68819
68846
68859
68895
68906
68921
68925
68941
68968
69077
69087
69097
69110
69132
69136
69140
69145
69150
69155
69156
69177
69192
69229
69269
69329
69357
69366
69380
69402
69453
69461
69483
69491
69536
69579
69622
69668
69690
69700
69718
69750
69763
69812
69815
69861
69960
70042
70066
70094
70103
70114
70133
70173
70195
70198
70210
70225
70248
70287
70369
70373
70385
70436
70448
70465
70500
70540
70545
70568
70582
70613
70627
70639
70666
70729
70788
70797
70799
70815
70870
70894
70951
70966
70986
70999
71001
71029
71089
71091
71092
71096
71115
71130
71202
71206
71215
71227
71338
71374
71484
71497
71512
71523
71527
71557
71559
71563
71611
71631
71653
71679
71735
71753
71765
71892
71912
71918
71946
71955
71957
71975
72049
72065
72078
72087
72128
72140
72141
72182
72191
72238
72245
72256
72261
72267
72281
72373
72437
72475
72499
72557
72590
72601
72613
72614
72629
72664
72687
72753
72773
72804
72809
72811
72813
72838
72848
72858
72891
72902
72986
72988
73038
73062
73075
73149
73165
73198
73216
73229
73247
73251
73329
73331
73484
73525
73552
73555
73602
73618
73661
73703
73783
73786
73876
73938
73952
73976
73991
74015
74067
74084
74104
74115
74157
74161
74190
74269
74353
74387
74407
74459
74483
74489
74588
74590
74628
74631
74644
74711
74720
74729
74813
74818
74825
74840
74849
74854
74858
74866
74881
74927
74964
74983
75030
75048
75067
75082
75106
75140
75146
75193
75200
75209
75309
75355
75385
75406
75415
75417
75421
75422
75424
75426
75435
75451
75465
75474
75531
75533
75550
75609
75610
75619
75625
75647
75650
75711
75757
75764
75803
75813
75816
75825
75956
75961
75962
75963
75982
76043
76059
76093
76121
76131
76142
76149
76176
76234
76242
76247
76269
76272
76290
76313
76320
76323
76334
76336
76350
76370
76374
76386
76431
76437
76444
76453
76487
76536
76545
76581
76596
76601
76691
76723
76731
76736
76763
76764
76775
76824
76826
76830
76832
76891
76916
76920
76936
77071
77106
77137
77153
77156
77169
77171
77187
77201
77211
77250
77284
77302
77315
77324
77327
77349
77360
77387
77444
77500
77508
77510
77538
77551
77565
77570
77580
77597
77608
77616
77623
77643
77675
77690
77699
77784
77896
77904
77945
77949
77992
78007
78029
78093
78120
78135
78145
78152
78153
78158
78179
78194
78199
78246
78249
78260
78276
78291
78325
78335
78341
78350
78405
78413
78415
78428
78439
78447
78449
78453
78456
78457
78460
78468
78470
78471
78480
78566
78590
78609
78610
78625
78630
78631
78658
78659
78660
78672
78692
78694
78697
78699
78701
78703
78704
78705
78707
78708
78710
78711
78712
78713
78716
78717
78728
78732
78746
78747
78749
78750
78752
78753
78756
78758
78807
78812
78813
78814
78815
78816
78821
78830
78842
78845
78846
78850
78862
78882
78883
78884
78886
78905
78906
78908
78932
78933
78935
78936
78938
78939
78941
78942
78955
78957
78961
78962
78968
78969
78972
78985
78988
78989
79000
79003
79078
79082
79129
79147
79149
79187
79213
79214
79232
79234
79247
79273
79290
79293
79316
79331
79342
79398
79408
79414
79426
79432
79452
79468
79479
79541
79561
79603
79609
79630
79632
79638
79688
79698
79713
79716
79718
79747
79749
79751
79752
79754
79787
79867
79904
79906
79944
79960
79982
80101
80203
80205
80303
80422
80430
80484
80494
80502
80511
80568
80572
80594
80610
80624
80635
80726
80741
80743
80746
80747
80755
80756
80757
80782
80803
80807
80810
80816
80837
80874
80898
80901
80924
80929
80979
81097
81119
81181
81241
81264
81304
81352
81387
81392
81393
81398
81400
81434
81443
81546
81596
81609
81637
81643
81701
81813
81822
81839
81841
81847
81857
81872
81883
81884
81898
81899
81902
81928
81961
81998
82015
82021
82061
82095
82113
82140
82145
82158
82190
82272
82374
82380
82393
82411
82452
82465
82469
82471
82507
82520
82555
82557
82575
82580
82591
82622
82629
82642
82651
82659
82661
82663
82736
82737
82738
82744
82753
82773
82774
82790
82804
82805
82806
82813
82821
82822
82827
82828
82846
82850
82854
82855
82856
82872
82881
82935
83013
83022
83044
83079
83091
83139
83256
83293
83309
83319
83345
83389
83418
83424
83447
83453
83457
83461
83474
83476
83495
83686
83743
83754
83783
83791
83823
83827
83886
83890
83897
83925
84000
84019
84040
84109
84271
84275
84324
84329
84331
84385
84401
84403
84415
84418
84449
84456
84472
84474
84519
84560
84564
84572
84581
84627
84649
84685
84703
84707
84719
84724
84728
84748
84780
84818
84824
84853
84858
84860
84886
84954
84977
85018
85030
85048
85072
85079
85081
85124
85127
85131
85160
85168
85184
85186
85195
85211
85213
85215
85250
85253
85266
85267
85269
85277
85283
85292
85293
85294
85296
85301
85322
85433
85434
85451
85454
85455
85457
85459
85461
85475
85476
85477
85478
85479
85480
85481
85482
85483
85484
85485
85486
85487
85488
85489
85500
85501
85504
85505
85509
85511
85512
85514
85518
85525
85536
85538
85539
85541
85544
85545
85557
85558
85564
85565
85566
85567
85579
85589
85591
85605
85618
85631
85632
85633
85641
85645
85650
85654
85657
85658
85663
85664
85665
85666
85670
85686
85690
85694
85698
85702
85705
85708
85709
85711
85714
85716
85718
85719
85720
85721
85724
85725
85726
85727
85730
85731
85732
85733
85735
85736
85737
85738
85739
85741
85742
85743
85744
85756
85761
85786
85789
85791
85792
85803
85804
85805
85811
85812
85817
85822
85823
85831
85832
85835
85841
85866
85883
85884
85885
85886
85887
85888
85902
85928
85931
85936
85937
85941
85942
85943
85944
85945
85946
85947
85948
85949
85951
85956
85963
85969
85971
85972
85973
85974
85975
85977
85986
85987
85988
85989
85990
85991
85992
85993
85994
85995
86021
86033
86034
86035
86045
86046
86047
86048
86049
86050
86058
86062
86063
86064
86065
86066
86067
86068
86069
86070
86071
86072
86073
86074
86075
86076
86077
86078
86079
86080
86081
86082
86083
86084
86085
86086
86087
86088
86089
86090
86091
86092
86093
86094
86095
86096
86097
86098
86102
86112
86115
86116
86117
86118
86119
86120
86121
86122
86123
86124
86125
86126
86127
86128
86129
86130
86131
86132
86133
86134
86135
86136
86139
86140
86141
86142
86145
86148
86174
86176
86182
86185
86186
86187
86192
86193
86201
86202
86203
86205
86215
86221
86224
86227
86229
86236
86237
86238
86239
86291
86292
86293
86295
86297
86304
86310
86319
86322
86324
86327
86334
86337
86349
86357
86368
86384
86386
86398
86410
86415
86420
86428
86429
86430
86431
86434
86435
86436
86446
86447
86454
86455
86456
86466
86470
86471
86477
86482
86489
86490
86522
86553
86560
86564
86576
86588
86650
86651
86652
86653
86657
86659
86661
86662
86665
86666
86670
86671
86677
86679
86682
86686
86754
86762
86765
86785
86800
86803
86810
86817
86824
86828
86854
86878
86885
86897
86899
86901
86910
86915
86918
86928
86942
86954
86958
86966
86970
86977
86987
86994
86995
87000
87008
87029
87033
87037
87043
87046
87047
87081
87084
87117
87124
87133
87140
87143
87145
87158
87217
87262
87266
87286
87289
87290
87291
87296
87298
87299
87304
87307
87328
87335
87339
87340
87341
87342
87343
87344
87345
87346
87377
87378
87381
87382
87385
87386
87389
87390
87395
87396
87398
87399
87400
87401
87412
87413
87439
87440
87443
87444
87452
87461
87474
87475
87476
87477
87480
87491
87492
87493
87497
87503
87504
87505
87506
87507
87508
87511
87512
87513
87514
87515
87516
87517
87520
87521
87522
87523
87524
87525
87526
87527
87532
87535
87536
87538
87543
87544
87545
87546
87551
87580
87581
87582
87583
87584
87585
87586
87587
87588
87589
87590
87591
87592
87593
87594
87595
87596
87597
87598
87599
87600
87601
87602
87603
87604
87605
87606
87607
87608
87609
87610
87611
87612
87613
87616
87617
87618
87619
87620
87621
87622
87623
87624
87625
87626
87627
87628
87629
87630
87631
87632
87633
87634
87635
87636
87638
87639
87640
87641
87663
87666
87669
87670
87671
87672
87673
87686
87689
87694
87695
87696
87700
87702
87710
87711
87712
87713
87714
87717
87723
87736
87737
87741
87746
87747
87748
87749
87750
87751
87752
87753
87754
87755
87773
87788
87791
87813
87822
87824
87825
87827
87832
87836
87840
87850
87851
87852
87854
87872
87873
87886
87887
87888
87901
87902
87904
87913
87928
87938
87939
87952
87972
87984
87986
87994
87995
88000
88025
88027
88031
88066
88076
88078
88082
88083
88084
88086
88123
88124
88127
88128
88129
88130
88136
88137
88155
88156
88159
88161
88163
88167
88174
88178
88205
88215
88223
88233
88282
88283
88284
88285
88291
88335
88343
88346
88364
88368
88371
88373
88374
88383
88392
88401
88407
88426
88431
88449
88475
88479
88511
88519
88580
88584
88599
88611
88619
88622
88666
88705
88718
88721
88744
88779
88813
88820
88827
88829
88872
88898
88902
88905
88933
88956
88958
88982
88983
89045
89058
89064
89071
89076
89085
89112
89199
89213
89221
89239
89243
89244
89269
89279
89290
89292
89302
89316
89339
89362
89442
89446
89462
89464
89475
89483
89492
89505
89519
89540
89547
89605
89640
89655
89659
89661
89663
89674
89676
89681
89722
89744
89799
89801
89855
89865
89869
89876
89877
89890
89902
89903
89904
89907
89908
89909
89913
89925
89926
89936
89944
89989
90064
90084
90096
90111
90123
90137
90141
90144
90208
90227
90243
90296
90304
90311
90313
90316
90324
90329
90339
90350
90366
90368
90369
90380
90396
90410
90465
90471
90475
90478
90479
90487
90495
90540
90545
90546
90568
90569
90579
90582
90584
90591
90612
90619
90620
90626
90640
90658
90659
90660
90664
90666
90675
90676
90677
90691
90700
90701
90708
90709
90721
90724
90782
90812
90817
90832
90834
90836
90849
90853
90854
90855
90857
90860
90865
90869
90875
90877
90880
90884
90891
90908
90928
90932
90937
90966
90986
91001
91003
91007
91012
91016
91019
91029
91033
91039
91043
91046
91057
91058
91061
91066
91069
91076
91077
91090
91096
91097
91104
91106
91108
91110
91111
91121
91126
91128
91132
91145
91150
91157
91158
91161
91168
91183
91184
91198
91211
91239
91241
91242
91280
91285
91286
91289
91292
91297
91298
91299
91304
91306
91308
91312
91315
91316
91332
91335
91338
91342
91343
91344
91349
91358
91359
91360
91361
91375
91378
91379
91383
91384
91385
91388
91410
91504
91513
91515
91535
91537
91568
91574
91578
91579
91589
91592
91596
91605
91633
91635
91640
91643
91691
91726
91746
91765
91794
91819
91844
91845
91856
91860
91864
91865
91867
91878
91880
91882
91894
91904
91906
91908
91909
91913
91914
91925
91926
91928
91929
91930
91931
91932
91933
91934
91935
91964
91966
91973
92001
92003
92013
92015
92026
92031
92034
92035
92036
92037
92039
92040
92041
92042
92043
92050
92051
92052
92053
92054
92055
92056
92057
92060
92063
92065
92073
92074
92075
92082
92083
92084
92086
92087
92088
92095
92096
92097
92103
92105
92107
92219
92251
92252
92253
92255
92257
92275
92277
92278
92280
92286
92291
92296
92297
92299
92300
92302
92304
92307
92313
92317
92318
92326
92328
92329
92330
92334
92345
92355
92389
92393
92396
92438
92444
92448
92466
92474
92492
92497
92498
92501
92502
92505
92507
92508
92511
92512
92515
92517
92519
92529
92530
92531
92532
92533
92534
92545
92591
92597
92599
92601
92617
92621
92637
92640
92641
92642
92645
92660
92729
92732
92738
92741
92753
92757
92759
92761
92763
92765
92767
92770
92772
92778
92782
92784
92786
92788
92791
92793
92806
92883
92964
92990
92993
92995
93020
93035
93040
93118
93119
93143
93172
93173
93179
93183
93193
93196
93198
93215
93272
93274
93276
93277
93291
93292
93294
93295
93297
93298
93300
93302
93314
93320
93322
93323
93324
93325
93331
93334
93337
93338
93340
93438
93439
93441
93442
93444
93447
93450
93451
93452
93453
93454
93458
93459
93460
93461
93501
93505
93508
93512
93513
93514
93515
93517
93518
93519
93524
93525
93526
93530
93531
93535
93543
93545
93582
93590
93592
93593
93612
93632
93647
93653
93671
93675
93676
93677
93678
93682
93785
93813
93815
93819
93841
93901
93908
93910
93913
93914
93923
93924
93925
93927
93937
93941
93945
93946
93948
93949
93951
93952
93953
93976
93999
94000
94010
94034
94036
94038
94039
94041
94042
94044
94045
94047
94048
94053
94058
94059
94060
94061
94064
94074
94076
94078
94079
94084
94090
94094
94104
94111
94112
94113
94114
94115
94116
94129
94130
94131
94136
94181
94182
94183
94187
94188
94189
94213
94216
94230
94231
94264
94265
94266
94267
94271
94273
94293
94294
94295
94296
94325
94326
94327
94329
94355
94374
94376
94377
94379
94381
94405
94407
94411
94413
94414
94415
94416
94417
94418
94444
94446
94450
94454
94458
94481
94516
94563
94598
94622
94625
94654
94717
94720
95081
95276
95297
95314
95317
95320
95321
95322
95325
95326
95331
95333
95338
95339
95340
95342
95343
95344
95350
95351
95394
95398
95404
95405
95410
95411
95418
95419
95424
95427
95432
95439
95440
95442
95443
95446
95447
95457
95462
95465
95500
95503
95516
95518
95528
95529
95530
95534
95535
95536
95537
95539
95540
95543
95544
95546
95581
95584
95587
95612
95638
95664
95671
95673
95676
95678
95695
95696
95697
95698
95699
95746
95773
95790
95793
95818
95820
95822
95823
95834
95835
95836
95837
95838
95876
95878
95882
95883
95884
95885
95886
95899
95912
95913
95914
95915
95916
95917
95918
95920
95966
95967
95968
95969
95970
95971
96045
96073
96075
96088
96089
96099
96100
96102
96104
96115
96128
96137
96145
96146
96186
96188
96201
96205
96225
96230
96231
96238
96249
96250
96276
96279
96302
96335
96356
96360
96363
96366
96369
96372
96373
96377
96378
96380
96387
96389
96393
96394
96408
96433
96436
96451
96475
96516
96540
96548
96641
96682
96714
96715
96728
96735
96736
96762
96788
96835
96876
96877
96882
96888
96890
96899
96946
96999
97007
97010
97074
97103
97174
97191
97232
97235
97292
97323
97339
97343
97358
97390
97401
97408
97410
97448
97451
97479
97487
97501
97585
97598
97599
97603
97610
97627
97689
97712
97746
97818
97823
97855
97859
97869
97883
97890
97907
97974
97982
98008
98030
98031
98147
98199
98237
98280
98283
98360
98366
98374
98385
98424
98436
98455
98464
98468
98498
98514
98519
98521
98548
98567
98571
98582
98628
98666
98674
98689
98690
98740
98743
98761
98772
98783
98810
98818
98834
98836
98846
98849
98863
98865
98867
98879
98880
98894
98897
98916
98917
98923
98930
98933
98934
98954
98955
98986
98987
98993
99007
99012
99021
99025
99027
99028
99031
99045
99046
99058
99061
99066
99072
99075
99077
99084
99085
99095
99098
99109
99110
99119
99124
99131
99133
99141
99144
99145
99147
99153
99159
99166
99169
99177
99187
99193
99200
99208
99211
99217
99218
99232
99244
99272
99286
99345
99346
99391
99398
99469
99481
99483
99485
99523
99525
99527
99529
99536
99547
99563
99570
99572
99590
99607
99609
99613
99616
99623
99625
99637
99653
99656
99666
99677
99684
99702
99736
99765
99768
99769
99794
99795
99796
99799
99802
99806
99905
99907
99923
99924
99925
99933
99934
99937
99944
100061
100062
100063
100064
100065
100085
100130
100161
100168
100175
100220
100234
100240
100263
100268
100270
100291
100302
100303
100308
100314
100322
100325
100336
100342
100343
100345
100348
100349
100382
100395
100413
100431
100438
100468
100509
100515
100517
100532
100534
100578
100622
100658
100677
100722
100726
100731
100735
100759
100781
100786
100877
100891
100926
100931
100933
100989
101005
101065
101114
101122
101188
101191
101198
101205
101218
101220
101228
101231
101270
101272
101283
101287
101291
101292
101293
101347
101365
101368
101413
101450
101459
101463
101465
101466
101472
101475
101493
101515
101531
101533
101535
101549
101555
101559
101580
101584
101606
101608
101611
101619
101677
101729
101755
101768
101769
101784
101788
101804
101805
101806
101821
101840
101842
101864
101909
101914
101926
101927
101956
101973
101984
101988
101994
101998
102005
102007
102011
102015
102016
102021
102036
102040
102044
102076
102104
102113
102126
102134
102140
102146
102173
102179
102185
102199
102200
102201
102204
102227
102230
102233
102288
102296
102312
102314
102320
102342
102360
102380
102401
102418
102458
102463
102468
102483
102491
102523
102538
102552
102561
102563
102568
102584
102587
102598
102599
102602
102603
102604
102605
102606
102607
102619
102625
102626
102635
102676
102680
102684
102685
102754
102756
102759
102760
102763
102781
102782
102792
102795
102796
102798
102800
102803
102805
102833
102837
102841
102886
102887
102891
102895
102913
102916
102920
102922
102938
102939
102943
102959
102973
102974
102975
102976
102996
103017
103018
103019
103025
103061
103072
103087
103109
103147
103165
103215
103230
103304
103360
103417
103424
103425
103426
103427
103444
103486
103505
103519
103522
103571
103584
103593
103597
103638
103654
103683
103687
103690
103702
103709
103713
103727
103735
103748
103774
103778
103786
103795
103844
103859
103861
103882
103898
103926
103945
103946
103947
103988
103989
103990
104029
104030
104144
104155
104167
104170
104178
104182
104185
104194
104228
104257
104294
104310
104337
104344
104349
104358
104360
104389
104403
104433
104434
104440
104444
104461
104462
104463
104467
104469
104477
104506
104518
104525
104534
104565
104590
104594
104620
104626
104627
104636
104652
104656
104657
104659
104689
104695
104698
104701
104704
104721
104738
104755
104793
104800
104807
104808
104814
104822
104823
104849
104928
104929
104930
104967
104972
104974
104980
104998
105004
105005
105006
105037
105043
105073
105080
105081
105082
105083
105084
105085
105095
105103
105106
105144
105153
105159
105169
105187
105234
105237
105239
105242
105244
105246
105247
105248
105278
105295
105296
105353
105366
105386
105388
105389
105390
105391
105392
105393
105394
105395
105405
105418
105453
105458
105484
105494
105529
105533
105541
105553
105555
105560
105566
105569
105571
105572
105573
105574
105577
105583
105609
105627
105630
105631
105632
105637
105640
105642
105648
105661
105665
105670
105672
105673
105686
105691
105705
105707
105722
105725
105732
105747
105757
105761
105765
105784
105789
105790
105799
105800
105803
105807
105822
105823
105834
105836
105848
105867
105873
105875
105876
105889
105892
105894
105906
105916
105927
105939
105942
105943
105944
105992
105994
105996
106006
106008
106009
106038
106096
106097
106098
106099
106102
106119
106156
106202
106214
106215
106223
106251
106258
106261
106269
106278
106283
106293
106319
106328
106345
106346
106351
106360
106363
106365
106366
106380
106388
106407
106408
106414
106415
106417
106419
106421
106423
106438
106466
106491
106546
106560
106561
106562
106566
106569
106573
106583
106594
106600
106612
106631
106639
106646
106665
106666
106682
106687
106694
106714
106718
106722
106723
106731
106732
106735
106737
106738
106739
106742
106744
106747
106751
106752
106757
106771
106775
106784
106800
106802
106830
106831
106839
106840
106864
106865
106873
106892
106893
106894
106900
106925
106926
106929
106931
106934
106936
106943
106952
106954
106955
106957
106960
106964
106977
106988
107001
107017
107018
107040
107042
107051
107058
107059
107064
107084
107090
107094
107095
107119
107124
107130
107131
107154
107155
107163
107182
107190
107248
107251
107270
107279
107290
107300
107313
107361
107364
107410
107432
107448
107466
107468
107479
107480
107486
107490
107494
107496
107498
107503
107505
107516
107538
107565
107571
107572
107576
107577
107579
107596
107600
107607
107608
107610
107611
107638
107639
107642
107660
107661
107663
107665
107668
107670
107676
107682
107683
107684
107688
107689
107690
107715
107725
107730
107731
107735
107738
107739
107753
107755
107757
107764
107771
107781
107786
107787
107792
107795
107809
107815
107817
107827
107849
107899
107904
107909
107917
107918
107956
107957
107958
107959
107961
107986
107987
107989
107991
108009
108032
108034
108040
108054
108060
108061
108064
108073
108075
108076
108081
108084
108094
108095
108098
108106
108109
108122
108123
108129
108130
108136
108138
108142
108145
108147
108152
108167
108182
108196
108223
108225
108232
108263
108270
108273
108275
108278
108279
108283
108286
108291
108292
108296
108350
108360
108361
108378
108379
108403
108414
108443
108483
108498
108500
108505
108510
108520
108521
108522
108523
108533
108535
108549
108551
108561
108562
108563
108564
108565
108569
108575
108576
108579
108580
108583
108608
108611
108615
108616
108617
108619
108621
108623
108624
108629
108633
108637
108641
108643
108647
108649
108650
108660
108680
108683
108689
108698
108704
108705
108730
108732
108742
108743
108744
108745
108748
108760
108764
108767
108769
108787
108790
108798
108808
108812
108822
108823
108828
108829
108858
108868
108871
108890
108893
108903
108904
108905
108907
108908
108911
108915
108916
108917
108919
108935
108939
108940
108942
108960
108963
108964
108970
108971
108979
109009
109013
109033
109056
109057
109058
109064
109068
109070
109074
109075
109076
109117
109122
109133
109153
109154
109155
109168
109170
109191
109262
109269
109283
109289
109292
109294
109295
109298
109304
109307
109308
109309
109310
109313
109321
109322
109324
109332
109341
109343
109346
109347
109349
109355
109357
109358
109361
109364
109366
109367
109368
109370
109383
109384
109404
109406
109416
109417
109418
109423
109437
109438
109450
109464
109465
109473
109474
109478
109481
109487
109490
109493
109495
109496
109497
109498
109499
109500
109503
109504
109505
109508
109512
109514
109518
109526
109537
109542
109545
109547
109548
109549
109554
109575
109576
109577
109582
109583
109591
109593
109594
109595
109596
109597
109599
109600
109602
109603
109609
109624
109626
109630
109631
109635
109637
109643
109644
109649
109650
109658
109659
109678
109680
109699
109700
109702
109710
109717
109725
109728
109739
109741
109742
109748
109752
109753
109755
109757
109765
109768
109775
109780
109782
109783
109784
109787
109790
109792
109795
109796
109800
109801
109806
109828
109830
109831
109835
109836
109839
109864
109868
109873
109885
109891
109897
109902
109903
109906
109913
109919
109920
109921
109923
109927
109929
109930
109936
109937
109951
109954
109964
109965
109967
109973
109977
109978
109983
109986
109988
109990
109992
109995
109997
109999
110003
110004
110006
110010
110012
110015
110017
110022
110025
110027
110028
110034
110035
110036
110041
110042
110043
110051
110054
110058
110062
110063
110064
110065
110066
110074
110075
110076
110078
110080
110081
110085
110089
110090
110091
110093
110094
110095
110101
110103
110105
110106
110107
110108
110116
110119
110126
110181
110229
110246
110270
110284
110287
110289
110293
110295
110302
110304
110309
110310
110314
110315
110327
110332
110333
110338
110339
110343
110344
110350
110387
110407
110448
110459
110466
110469
110484
110486
110495
110497
110501
110518
110520
110521
110536
110537
110539
110542
110550
110552
110553
110568
110569
110570
110571
110574
110578
110583
110584
110593
110594
110597
110598
110603
110604
110605
110635
110654
110666
110667
110668
110669
110671
110672
110673
110675
110677
110694
110697
110721
110723
110737
110738
110739
110741
110742
110757
110759
110766
110770
110771
110774
110775
110779
110781
110788
110796
110815
110816
110820
110821
110826
110837
110838
110839
110840
110845
110876
110879
110880
110882
110889
110891
110895
110898
110899
110902
110933
110934
110935
110937
110938
110942
110954
110956
110979
110980
110981
110982
110990
111013
111048
111059
111060
111067
111071
111072
111087
111091
111092
111099
111101
111102
111103
111105
111107
111110
111135
111146
111147
111157
111165
111166
111177
111195
111230
111232
111236
111237
111249
111253
111254
111272
111274
111279
111281
111314
111315
111319
111322
111325
111328
111337
111338
111339
111351
111360
111364
111366
111367
111372
111377
111378
111383
111390
111392
111393
111400
111404
111406
111407
111408
111410
111411
111413
111414
111419
111421
111422
111425
111428
111433
111445
111455
111469
111479
111483
111484
111485
111525
111526
111527
111569
111570
111571
111573
111576
111577
111582
111583
111597
111598
111605
111608
111609
111610
111614
111615
111616
111619
111623
111632
111636
111638
111648
111652
111655
111661
111664
111665
111666
111668
111669
111671
111672
111673
111675
111681
111682
111683
111685
111689
111690
111691
111698
111699
111700
111702
111710
111712
111723
111733
111734
111747
111748
111754
111757
111762
111782
111786
111819
111820
111824
111825
111826
111827
111850
111859
111870
111871
111884
111885
111903
111921
111927
111955
111989
112019
112024
112026
112029
112052
112053
112072
112081
112088
112110
112133
112137
112140
112154
112160
112170
112195
112196
112272
112294
112313
112314
112326
112346
112347
112354
112356
112358
112361
112362
112364
112367
112370
112373
112428
112431
112456
112461
112462
112468
112469
112476
112482
112496
112533
112537
112539
112569
112570
112662
112683
112684
112707
112720
112723
112729
112730
112743
112760
112762
112785
112796
112798
112803
112804
112817
112818
112821
112833
112835
112851
112852
112875
112901
112908
112909
112910
112911
112920
112921
112926
112928
112934
112936
112940
112946
112949
112975
112982
112986
112987
112989
112993
113000
113003
113039
113053
113059
113075
113078
113080
113084
113101
113102
113134
113145
113169
113172
113178
113181
113194
113225
113241
113242
113244
113245
113247
113249
113250
113252
113253
113255
113261
113262
113263
113264
113286
113290
113293
113294
113295
113297
113298
113303
113305
113308
113316
113317
113326
113329
113343
113354
113356
113360
113363
113365
113367
113369
113371
113375
113385
113397
113404
113407
113418
113432
113454
113455
113457
113469
113470
113474
113484
113503
113507
113517
113519
113520
113522
113526
113529
113535
113542
113543
113557
113613
113621
113643
113644
113646
113673
113676
113688
113690
113693
113703
113713
113716
113729
113732
113767
113768
113771
113773
113813
113827
113947
113950
113952
113960
113963
113965
113967
113969
113987
113988
113998
114004
114009
114010
114025
114033
114035
114043
114044
114057
114062
114064
114070
114073
114091
114097
114106
114111
114145
114150
114172
114184
114216
114233
114242
114243
114245
114246
114249
114252
114254
114261
114272
114285
114287
114303
114307
114311
114312
114318
114322
114325
114332
114337
114348
114368
114372
114375
114377
114384
114392
114409
114416
114424
114428
114453
114457
114461
114470
114474
114478
114479
114486
114494
114495
114496
114500
114501
114508
114556
114559
114567
114574
114575
114581
114582
114589
114590
114620
114634
114658
114662
114669
114683
114690
114701
114751
114754
114845
114846
114879
114891
114903
114915
114943
114956
114963
114964
114965
114968
114969
114971
114972
114990
114992
114995
114998
115001
115004
115007
115008
115013
115016
115017
115022
115024
115038
115043
115046
115071
115077
115078
115081
115082
115084
115085
115087
115089
115090
115092
115095
115098
115100
115101
115111
115133
115136
115138
115139
115142
115143
115156
115195
115196
115229
115234
115236
115239
115241
115242
115256
115258
115264
115273
115277
115279
115283
115284
115290
115294
115301
115312
115313
115331
115338
115343
115344
115346
115350
115351
115353
115354
115355
115357
115362
115369
115408
115422
115457
115477
115512
115595
115598
115599
115601
115604
115606
115607
115609
115616
115617
115618
115621
115622
115623
115646
115655
115792
115952
116095
116130
116132
116133
116134
116138
116140
116152
116168
116171
116177
116195
116202
116210
116279
116280
116284
116286
116288
116291
116294
116295
116297
116299
116300
116302
116304
116307
116336
116340
116341
116342
116343
116344
116346
116352
116368
116374
116380
116383
116385
116386
116387
116400
116402
116410
116411
116415
116419
116438
116442
116449
116451
116454
116461
116471
116484
116488
116513
116515
116519
116526
116529
116532
116534
116536
116538
116541
116544
116545
116548
116559
116560
116565
116566
116571
116574
116575
116576
116577
116579
116580
116581
116586
116590
116591
116595
116596
116601
116602
116603
116607
116608
116615
116624
116625
116661
116662
116663
116664
116689
116691
116692
116694
116697
116703
116704
116705
116707
116708
116710
116711
116713
116714
116715
116716
116763
116765
116766
116780
116781
116804
116807
116824
116841
116843
116852
116862
116864
116874
116901
116920
116928
116938
116945
116946
116950
116970
116976
116980
116982
116985
116998
116999
117000
117008
117009
117010
117021
117022
117041
117042
117043
117046
117056
117059
117060
117061
117062
117063
117064
117065
117066
117067
117068
117069
117070
117071
117072
117099
117112
117113
117145
117146
117147
117148
117151
117152
117162
117171
117198
117201
117214
117227
117245
117246
117286
117299
117461
117465
117466
117468
117471
117478
117479
117487
117499
117508
117509
117546
117549
117572
117573
117575
117578
117580
117581
117582
117583
117589
117590
117602
117604
117611
117612
117642
117661
117662
117663
117665
117667
117668
117669
117670
117671
117672
117676
117677
117679
117680
117741
117783
117784
117788
117807
117819
117855
117877
117891
117909
117922
117931
117932
117938
117939
117945
117951
117959
117997
118018
118021
118024
118028
118037
118055
118058
118060
118061
118064
118065
118066
118067
118072
118073
118076
118077
118078
118112
118181
118282
118283
118336
118350
118351
118357
118380
118384
118399
118406
118419
118420
118421
118437
118438
118577
118579
118648
118655
118657
118670
118671
118676
118683
118684
118710
118724
118731
118740
118741
118742
118747
118749
118750
118757
118758
118814
118848
118857
118864
118875
118883
118911
118917
118947
118948
118967
118968
118986
118994
119012
119042
119055
119064
119094
119114
119121
119135
119159
119297
119308
119337
119342
119400
119417
119459
119470
119473
119476
119478
119479
119486
119496
119497
119508
119510
119512
119513
119514
119516
119518
119519
119520
119522
119547
119553
119554
119555
119561
119563
119646
119647
119648
119657
119659
119666
119676
119679
119689
119701
119703
119712
119721
119722
119738
119766
119775
119782
119814
119867
119876
119903
119906
119908
119909
119911
119922
119923
119924
119972
119975
119978
119981
119984
119987
119988
119989
119990
119992
119993
119995
119996
119997
119999
120001
120002
120004
120005
120007
120008
120010
120011
120045
120046
120047
120048
120052
120056
120057
120058
120059
120063
120081
120093
120096
120105
120110
120112
120113
120149
120172
120175
120176
120177
120181
120185
120188
120198
120199
120200
120201
120202
120203
120205
120215
120218
120226
120227
120229
120243
120246
120247
120296
120300
120311
120312
120313
120316
120359
120360
120362
120366
120394
120397
120400
120403
120420
120421
120422
120423
120425
120426
120428
120430
120432
120434
120436
120438
120446
120456
120458
120464
120492
120497
120518
120522
120524
120538
120552
120566
120596
120608
120611
120620
120623
120624
120625
120643
120644
120672
120673
120674
120675
120682
120683
120690
120691
120692
120697
120700
120702
120703
120731
120732
120751
120759
120760
120771
120790
120802
120810
120811
120813
120815
120842
120847
120875
120876
120887
120898
120908
120909
120910
120911
120918
120923
120926
120928
120937
120942
120944
120959
120975
120983
121007
121021
121022
121070
121081
121115
121119
121120
121130
121132
121138
121143
121196
121202
121204
121208
121209
121210
121211
121212
121213
121214
121219
121222
121226
121228
121237
121250
121256
121258
121271
121305
121311
121318
121319
121325
121327
121351
121354
121359
121362
121363
121372
121385
121416
121424
121430
121445
121454
121457
121464
121465
121468
121471
121481
121482
121486
121487
121488
121489
121490
121492
121493
121494
121495
121498
121503
121516
121517
121537
121543
121551
121553
121554
121555
121560
121561
121562
121578
121580
121591
121598
121605
121610
121616
121625
121626
121633
121634
121641
121661
121677
121680
121685
121692
121695
121703
121714
121757
121762
121774
121785
121787
121790
121809
121811
121815
121818
121819
121841
121855
121882
121884
121887
121889
121901
121905
121909
121916
121917
121922
121923
121933
121937
121942
121950
121957
121963
121970
121973
121974
121975
121976
121979
121987
121989
121992
121996
121997
121999
122018
122019
122020
122031
122034
122041
122042
122043
122044
122048
122049
122062
122063
122064
122070
122071
122074
122075
122076
122077
122078
122082
122083
122084
122085
122086
122087
122088
122089
122090
122091
122098
122099
122100
122101
122102
122103
122104
122105
122106
122107
122108
122109
122113
122114
122116
122118
122119
122120
122166
122167
122168
122170
122171
122172
122177
122208
122216
122290
122294
122301
122303
122309
122311
122315
122316
122320
122329
122335
122371
122382
122388
122389
122395
122396
122432
122450
122454
122457
122473
122482
122490
122492
122506
122544
122549
122556
122557
122560
122592
122597
122599
122601
122671
122673
122689
122710
122711
122712
122714
122736
122737
122738
122739
122755
122793
122836
122837
122847
122947
123039
123040
123074
123085
123110
123116
123117
123182
123193
123202
123204
123206
123208
123209
123210
123213
123214
123215
123247
123325
123340
123345
123464
123482
123539
123540
123555
123556
123557
123561
123590
123597
123698
123718
123730
123755
123782
123789
123791
123823
123824
123854
123909
123947
123978
123994
124033
124054
124063
124088
124091
124094
124117
124343
124378
124593
124653
124654
124655
124656
124657
124666
124705
124714
124950
124975
124976
124980
125019
125042
125050
125057
125062
125063
125066
125070
125086
125106
125117
125118
125119
125125
125132
125134
125161
125311
125324
125356
125358
125363
125372
125373
125390
125391
125392
125394
125401
125446
125449
125452
125455
125460
125463
125464
125465
125466
125467
125468
125469
125470
125471
125473
125474
125475
125476
125478
125479
125480
125483
125484
125485
125487
125489
125490
125492
125493
125494
125496
125497
125503
125504
125506
125507
125508
125509
125510
125511
125524
125525
125531
125636
125641
125642
125644
125664
125682
125685
125686
125687
125688
125719
125722
125749
125752
125764
125786
125813
125814
125815
125816
125817
125818
125821
125840
125841
125842
125878
125880
125904
125943
125954
125963
125964
125965
125967
125973
125998
126026
126093
126098
126100
126107
126150
126264
126305
126310
126311
126312
126334
126338
126340
126342
126344
126348
126350
126352
126354
126357
126359
126380
126382
126384
126387
126388
126390
126409
126418
126427
126434
126437
126445
126447
126465
126472
126473
126563
126571
126575
126576
126580
126606
126609
126610
126615
126618
126619
126622
126625
126626
126627
126629
126633
126640
126643
126651
126666
126670
126683
126686
126690
126757
126760
126764
126765
126771
126772
126778
126781
126783
126794
126808
126810
126819
126822
126831
126853
126865
126881
126883
126897
126904
126928
126932
126935
126962
126968
126989
126995
127008
127021
127028
127105
127136
127154
127161
127168
127182
127202
127204
127215
127243
127283
127285
127316
127340
127342
127345
127350
127363
127384
127386
127388
127390
127415
127416
127417
127418
127419
127427
127430
127463
127465
127482
127506
127509
127511
127513
127515
127517
127518
127519
127554
127581
127585
127593
127629
127632
127636
127637
127646
127649
127652
127659
127664
127671
127687
127690
127697
127700
127702
127704
127705
127710
127714
127715
127720
127725
127728
127733
127736
127748
127757
127771
127782
127792
127794
127795
127800
127810
127822
127824
127826
127827
127829
127832
127833
127838
127858
127860
127866
127872
127886
127893
127897
127950
127986
128002
128009
128014
128033
128076
128085
128086
128095
128111
128136
128138
128147
128151
128184
128205
128346
128351
128369
128377
128378
128426
128450
128466
128468
128488
128504
128586
128587
128801
128875
128898
128922
128958
128986
129027
129051
129062
129111
129147
129162
129168
129274
129288
129296
129327
129331
129365
129399
129440
129454
129467
129476
129519
129536
129564
129583
129622
129624
129641
129643
129644
129647
129648
129649
129652
129682
129688
129690
129692
129694
129696
129698
129766
129792
129841
129855
129863
129881
129888
129921
129926
129931
129939
129949
129981
130009
130011
130022
130057
130109
130166
130167
130196
130199
130218
130223
130232
130280
130297
130376
130399
130471
130494
130524
130553
130587
130638
130666
130689
130693
130699
130711
130715
130745
130806
130831
130880
130937
130960
130984
131007
131030
131055
131070
131104
131129
131167
131187
131281
131341
131377
131411
131472
131538
131554
131579
131592
131606
131612
131658
131662
131664
131667
131676
131689
131690
131703
131746
131751
131760
131768
131775
131781
131804
131807
131866
131901
131912
131932
131946
131975
131977
132004
132006
132095
132116
132199
132219
132259
132261
132274
132297
132388
132390
132398
132422
132431
132481
132519
132543
132600
132618
132634
132643
132696
132800
132816
132831
132901
132942
132965
132973
132977
132990
133087
133112
133120
133127
133155
133250
133255
133273
133317
133336
133375
133413
133422
133424
133445
133492
133493
133507
133509
133511
133513
133515
133516
133517
133518
133522
133523
133528
133534
133567
133576
133585
133595
133653
133675
133712
133724
133868
133905
133919
133933
133937
133941
133971
133977
134008
134049
134091
134093
134132
134148
134169
134173
134228
134239
134245
134247
134284
134357
134361
134374
134415
134421
134500
134580
134589
134617
134746
134748
134764
134766
134819
134847
134864
134905
134908
134948
134966
134970
134999
135010
135012
135014
135017
135034
135062
135084
135128
135135
135150
135165
135184
135252
135268
135294
135308
135324
135361
135378
135381
135450
135451
135501
135515
135591
135603
135664
135666
135670
135694
135716
135718
135742
135744
135757
135761
135782
135784
135785
135800
135802
135803
135831
135846
135875
135878
135891
135915
135943
136113
136118
136121
136138
136146
136162
136170
136186
136227
136398
136409
136426
136459
136609
136619
136620
136624
136635
136637
136651
136734
136738
136761
136797
136894
136925
136933
136939
137076
137118
137123
137148
137150
137189
137267
137318
137329
137384
137396
137402
137411
137428
137522
137531
137536
137659
137707
137722
137743
137768
137781
137829
137838
137845
137886
137891
137901
137910
137916
137918
137959
137970
137983
137987
138003
138033
138046
138052
138141
138170
138176
138198
138211
138223
138240
138265
138284
138340
138395
138404
138458
138462
138466
138475
138486
138497
138607
138664
138666
138689
138692
138734
138828
138842
138843
138861
138869
138893
138899
138905
138965
139017
139054
139063
139133
139215
139222
139232
139242
139293
139313
139327
139345
139356
139368
139403
139424
139452
139568
139573
139602
139655
139717
139733
139808
139826
139852
139854
139885
139887
139905
139917
139919
139926
139933
139938
139960
140010
140014
140050
140075
140143
140159
140191
140206
140207
140228
140250
140296
140315
140327
140358
140399
140411
140445
140465
140560
140565
140644
140706
140766
140768
140774
140827
140836
140860
140871
140902
140923
140925
140938
140947
140954
141043
141051
141151
141164
141259
141290
141299
141301
141331
141362
141418
141424
141441
141464
141466
141488
141506
141513
141664
141666
141671
141766
141831
141882
141921
141979
142068
142070
142079
142100
142118
142159
142191
142226
142247
142250
142252
142292
142298
142309
142332
142371
142374
142379
142403
142405
142408
142462
142602
142633
142679
142802
142816
142829
142890
142957
143008
143027
143045
143054
143074
143078
143111
143131
143156
143222
143381
143442
143467
143526
143557
143562
143608
143610
143671
143702
143736
143779
143783
143786
143824
143852
143883
143937
143952
143960
144016
144038
144050
144052
144058
144079
144116
144152
144155
144198
144261
144276
144282
144349
144370
144398
144442
144450
144467
144473
144485
144492
144541
144552
144554
144559
144564
144587
144677
144683
144712
144755
144801
144823
144833
144861
144870
144874
144923
144932
144984
144986
145004
145070
145082
145125
145167
145176
145189
145216
145266
145272
145293
145333
145394
145439
145486
145504
145506
145511
145555
145578
145612
145649
145676
145680
145704
145740
145742
145745
145746
145748
145750
145751
145754
145757
145758
145760
145763
145765
145766
145768
145770
145773
145826
145828
145884
145892
145929
145954
146024
146064
146069
146095
146146
146180
146189
146333
146359
146377
146407
146430
146439
146448
146461
146500
146551
146557
146558
146565
146602
146634
146702
146710
146749
146751
146757
146787
146835
146880
146894
146910
146925
146928
146998
147048
147067
147079
147099
147100
147113
147126
147136
147184
147188
147260
147284
147286
147289
147307
147311
147355
147364
147378
147434
147439
147452
147459
147462
147464
147490
147558
147601
147612
147614
147662
147695
147715
147723
147750
147808
147817
147863
147901
147909
147936
147981
147985
147988
148021
148068
148145
148151
148179
148195
148218
148242
148255
148277
148296
148369
148442
148449
148451
148465
148486
148543
148546
148556
148625
148632
148716
148752
148775
148784
148802
148907
148934
148998
149008
149021
149121
149132
149184
149251
149277
149310
149315
149347
149379
149383
149420
149427
149457
149464
149492
149541
149546
149566
149588
149619
149660
149667
149691
149723
149758
149796
149823
149839
149873
149892
149927
149938
149969
149985
150071
150076
150106
150176
150219
150225
150226
150233
150326
150405
150412
150416
150417
150419
150421
150427
150444
150456
150461
150465
150483
150565
150647
150661
150663
150790
150880
150913
150984
151067
151084
151107
151133
151174
151182
151208
151270
151272
151301
151315
151334
151336
151337
151348
151349
151351
151357
151384
151389
151414
151455
151474
151492
151497
151520
151553
151573
151580
151581
151634
151645
151646
151659
151680
151773
151785
151796
151801
151818
151828
151853
151897
151915
151956
152041
152053
152092
152135
152141
152148
152154
152156
152177
152179
152225
152362
152426
152444
152487
152490
152516
152523
152527
152541
152561
152566
152596
152599
152626
152637
152646
152653
152719
152758
152760
152813
152822
152880
152894
152909
152934
152964
153006
153050
153130
153147
153169
153208
153221
153256
153279
153300
153303
153356
153397
153410
153438
153513
153555
153668
153731
153748
153774
153841
153854
153955
153968
153994
154030
154090
154198
154425
154444
154446
154454
154544
154565
154580
154635
154640
154699
154721
154734
154770
154814
154835
154942
154972
155058
155077
155109
155110
155122
155201
155230
155235
155265
155298
155348
155377
155398
155444
155468
155474
155485
155509
155552
155558
155561
155586
155598
155602
155603
155609
155620
155624
155648
155706
155708
155714
155754
155786
155793
155797
155900
155903
155932
155980
155995
156006
156014
156083
156088
156115
156119
156139
156156
156165
156173
156189
156224
156233
156262
156431
156466
156492
156562
156590
156610
156665
156672
156679
156712
156716
156720
156732
156765
156783
156799
156807
156899
156904
156959
156990
157004
157045
157046
157101
157104
157125
157132
157137
157155
157157
157164
157181
157280
157283
157293
157306
157314
157350
157367
157374
157401
157420
157469
157496
157517
157526
157556
157571
157585
157614
157620
157621
157631
157665
157744
157750
157755
157766
157919
157929
157962
158036
158042
158058
158074
158094
158110
158127
158151
158220
158226
158321
158338
158352
158362
158429
158443
158446
158447
158448
158450
158451
158452
158453
158454
158455
158466
158469
158470
158471
158483
158489
158516
158519
158561
158567
158572
158584
158593
158598
158600
158601
158604
158612
158635
158636
158672
158701
158790
158802
158835
158870
158903
158925
158940
158957
158981
159008
159009
159022
159064
159100
159105
159119
159140
159154
159162
159170
159185
159190
159219
159245
159287
159291
159317
159319
159338
159397
159437
159468
159517
159523
159557
159567
159572
159633
159684
159693
159737
159776
159789
159791
159793
159810
159849
159860
159871
159894
159900
159929
160001
160023
160025
160041
160042
160057
160065
160076
160092
160116
160120
160124
160133
160189
160222
160287
160400
160413
160426
160442
160473
160477
160513
160583
160647
160686
160691
160705
160713
160770
160789
160811
160853
160917
160956
161005
161085
161094
161141
161143
161154
161163
161196
161214
161231
161263
161267
161288
161319
161327
161494
161500
161509
161524
161538
161583
161633
161635
161641
161652
161685
161687
161700
161760
161770
161776
161778
161796
161892
161926
161954
161957
161958
161967
161996
162020
162042
162054
162108
162133
162141
162145
162158
162204
162209
162253
162271
162300
162306
162370
162393
162399
162402
162410
162467
162516
162550
162557
162570
162622
162652
162659
162744
162820
162824
162835
162897
162917
162931
162978
163020
163028
163067
163089
163097
163099
163129
163198
163221
163224
163230
163233
163352
163404
163430
163442
163450
163458
163528
163568
163604
163618
163660
163666
163676
163681
163683
163701
163743
163748
163768
163835
163863
163876
163933
163986
163991
163995
164060
164076
164085
164186
164188
164195
164210
164213
164219
164228
164282
164332
164365
164468
164481
164496
164533
164537
164551
164555
164593
164607
164628
164690
164694
164741
164752
164812
164827
164836
164879
164989
164996
164997
165023
165052
165128
165177
165202
165212
165230
165234
165257
165277
165316
165352
165359
165368
165381
165414
165432
165448
165484
165506
165508
165541
165553
165568
165637
165640
165642
165644
165646
165648
165649
165651
165652
165654
165655
165659
165667
165672
165687
165723
165733
165739
165760
165761
165762
165765
165766
165768
165799
165800
165849
165867
165874
165875
165876
165889
165945
165951
165959
165963
166040
166054
166061
166068
166071
166084
166102
166185
166198
166203
166240
166258
166388
166392
166403
166443
166465
166475
166495
166500
166516
166564
166597
166675
166718
166722
166744
166760
166773
166774
166853
166862
166864
166887
166904
166962
166984
167062
167088
167110
167130
167168
167225
167303
167330
167332
167340
167343
167377
167380
167395
167420
167438
167514
167534
167537
167538
167553
167570
167575
167584
167622
167635
167638
167691
167724
167788
167830
167850
167854
167880
167938
167978
168004
168012
168066
168076
168085
168096
168110
168225
168240
168267
168272
168370
168387
168409
168442
168463
168480
168492
168524
168527
168532
168542
168582
168583
168636
168666
168705
168706
168707
168708
168709
168710
168718
168742
168744
168751
168770
168846
168859
168880
168891
168900
168954
168981
168995
169079
169089
169100
169105
169161
169193
169204
169254
169256
169262
169285
169292
169328
169347
169393
169407
169440
169512
169524
169546
169563
169607
169625
169682
169696
169728
169744
169746
169770
169774
169806
169812
169829
169862
169940
170014
170134
170141
170148
170189
170207
170240
170336
170338
170357
170395
170431
170436
170442
170511
170573
170621
170646
170691
170716
170744
170769
170820
170915
170986
170994
171025
171031
171034
171047
171069
171102
171123
171129
171172
171251
171307
171362
171371
171390
171412
171468
171497
171528
171535
171545
171584
171587
171593
171641
171652
171692
171696
171707
171714
171814
171858
171948
171963
172000
172057
172069
172084
172114
172143
172184
172196
172250
172330
172334
172405
172411
172446
172487
172537
172606
172645
172648
172654
172752
172764
172831
172844
172849
172865
172871
172979
172985
173018
173051
173072
173086
173087
173088
173089
173091
173106
173107
173108
173112
173113
173114
173115
173116
173117
173118
173119
173128
173129
173132
173142
173145
173158
173237
173254
173257
173258
173272
173299
173335
173420
173429
173433
173540
173575
173584
173604
173636
173680
173738
173741
173748
173752
173759
173767
173769
173775
173797
173861
173980
173999
174023
174058
174060
174075
174089
174092
174098
174110
174123
174134
174242
174251
174260
174289
174330
174331
174346
174371
174433
174434
174457
174461
174464
174482
174489
174563
174575
174591
174617
174650
174661
174662
174735
174753
174771
174795
174805
174827
174834
174892
174965
175007
175030
175098
175113
175120
175132
175133
175167
175168
175258
175331
175332
175337
175351
175361
175431
175453
175482
175551
175575
175608
175613
175627
175674
175675
175753
175786
175792
175809
175825
175853
175886
175904
175914
175916
175948
175949
175951
175966
175993
176011
176021
176025
176033
176042
176048
176063
176102
176127
176136
176145
176198
176259
176271
176314
176320
176332
176348
176398
176403
176417
176425
176428
176476
176484
176543
176547
176549
176577
176596
176620
176627
176646
176667
176697
176704
176728
176734
176737
176752
176763
176778
176787
176805
176816
176868
176960
177160
177185
177211
177222
177269
177276
177289
177391
177398
177416
177444
177450
177540
177573
177582
177609
177652
177668
177681
177688
177707
177711
177720
177765
177767
177769
177771
177772
177774
177775
177778
177779
177783
177790
177831
177928
177995
178042
178138
178172
178195
178201
178266
178325
178345
178356
178360
178426
178449
178506
178516
178518
178527
178556
178615
178622
178631
178676
178739
178768
178791
178807
178827
178852
178879
178881
178885
178899
178908
178941
178951
178952
178960
179014
179046
179057
179071
179073
179076
179124
179146
179150
179188
179272
179330
179333
179338
179362
179366
179369
179432
179446
179472
179486
179599
179612
179615
179639
179674
179748
179779
179802
179804
179813
179860
179900
179925
179947
179950
179962
179973
179978
180016
180025
180044
180060
180072
180087
180203
180260
180265
180269
180281
180289
180302
180314
180360
180368
180377
180396
180468
180477
180501
180509
180516
180559
180604
180605
180609
180613
180630
180636
180645
180653
180744
180774
180777
180786
180813
180928
180938
180962
180984
180986
180997
181006
181068
181122
181127
181162
181202
181307
181331
181333
181355
181366
181454
181455
181459
181511
181526
181555
181577
181602
181611
181661
181664
181705
181709
181722
181836
181881
181886
181948
181955
181971
181973
182002
182011
182054
182070
182097
182102
182117
182118
182122
182123
182127
182145
182178
182189
182202
182222
182224
182278
182293
182297
182309
182312
182336
182346
182354
182369
182379
182388
182401
182498
182577
182583
182592
182651
182659
182663
182689
182694
182733
182737
182761
182781
182803
182846
182848
182943
182954
182973
182982
182999
183012
183016
183051
183058
183096
183113
183149
183155
183189
183214
183246
183268
183294
183311
183316
183339
183381
183401
183409
183424
183435
183479
183494
183511
183513
183525
183564
183589
183642
183647
183670
183734
183744
183790
183808
183817
183823
183844
183876
183900
183911
183929
183954
183963
184003
184028
184038
184070
184183
184188
184235
184259
184287
184314
184324
184333
184345
184355
184363
184368
184455
184508
184531
184548
184559
184588
184609
184627
184695
184698
184729
184744
184825
184827
184836
184885
184928
184938
184960
184970
184978
184994
185002
185004
185076
185110
185166
185236
185258
185261
185264
185269
185343
185383
185402
185427
185519
185534
185585
185599
185613
185620
185726
185738
185741
185750
185779
185791
185817
185920
185948
185987
185994
186012
186043
186183
186188
186282
186292
186299
186346
186397
186407
186466
186468
186470
186472
186473
186476
186478
186483
186489
186494
186510
186543
186559
186563
186629
186653
186697
186721
186746
186755
186781
186812
186843
186854
186855
186863
186897
186943
186969
186976
186985
187001
187004
187028
187075
187089
187095
187096
187119
187135
187163
187252
187280
187295
187344
187353
187370
187383
187385
187431
187444
187480
187531
187532
187585
187587
187594
187628
187643
187657
187688
187734
187763
187804
187808
187829
187837
187846
187849
187902
187921
187922
187940
187957
188009
188011
188014
188016
188017
188021
188044
188059
188061
188065
188066
188108
188122
188146
188176
188177
188178
188185
188186
188187
188208
188240
188246
188253
188260
188283
188285
188286
188287
188294
188295
188297
188299
188304
188329
188338
188342
188356
188365
188385
188386
188387
188388
188389
188393
188397
188457
188485
188491
188524
188532
188538
188547
188556
188606
188662
188683
188750
188766
188767
188840
188848
188851
188932
188939
188943
188955
188983
189086
189089
189096
189123
189131
189136
189138
189143
189179
189215
189238
189252
189328
189337
189338
189363
189385
189422
189429
189430
189463
189464
189521
189609
189632
189636
189674
189700
189722
189738
189740
189820
189822
189835
189847
189858
189874
190024
190071
190074
190119
190140
190197
190203
190205
190240
190383
190456
190460
190474
190481
190487
190496
190511
190515
190551
190569
190580
190589
190593
190610
190621
190655
190667
190669
190671
190710
190727
190736
190747
190756
190777
190802
190805
190829
190869
190911
190924
190938
190961
190979
190994
190995
190999
191011
191027
191029
191049
191061
191068
191083
191098
191099
191117
191136
191147
191182
191200
191227
191230
191233
191235
191243
191251
191273
191274
191303
191309
191322
191338
191351
191353
191371
191454
191457
191490
191511
191523
191530
191539
191654
191658
191674
191675
191676
191681
191711
191715
191765
191783
191791
191794
191802
191818
191821
191832
191844
191846
191855
191863
191883
191895
191913
192013
192068
192090
192145
192146
192149
192176
192187
192190
192219
192224
192250
192306
192308
192328
192343
192359
192370
192384
192403
192451
192456
192521
192533
192543
192554
192605
192636
192657
192661
192686
192739
192762
192785
192830
192861
192921
192927
192975
193004
193027
193048
193152
193158
193176
193210
193212
193213
193219
193240
193251
193270
193307
193322
193324
193325
193371
193416
193448
193502
193580
193634
193670
193675
193676
193706
193710
193721
193735
193739
193764
193903
193920
193950
193975
193995
194003
194019
194066
194113
194140
194162
194171
194173
194180
194204
194223
194252
194257
194279
194291
194299
194300
194386
194403
194429
194448
194458
194554
194619
194622
194661
194662
194666
194672
194673
194700
194703
194708
194715
194774
194775
194777
194799
194800
194840
194844
194858
194860
194866
194867
194868
194870
194871
194879
194940
194958
194964
194965
195029
195085
195108
195109
195111
195151
195177
195206
195242
195329
195361
195388
195402
195405
195416
195458
195517
195546
195560
195591
195617
195735
195759
195807
195854
195900
195947
195951
195954
196029
196046
196056
196086
196155
196162
196177
196204
196210
196219
196239
196263
196305
196347
196355
196367
196452
196458
196461
196502
196505
196511
196514
196541
196582
196583
196587
196589
196596
196600
196605
196636
196745
196749
196750
196761
196769
196776
196792
196804
196805
196814
196857
196861
196875
196876
196879
196881
196891
196897
196898
196906
196938
196939
196948
196953
196961
196977
196978
196985
197008
197013
197022
197024
197032
197046
197086
197104
197171
197186
197279
197306
197347
197366
197433
197511
197526
197599
197601
197608
197650
197688
197697
197717
197725
197770
197831
197852
197856
197903
197934
198070
198072
198110
198135
198201
198234
198251
198252
198338
198372
198392
198400
198419
198435
198448
198451
198484
198486
198487
198521
198546
198565
198608
198640
198653
198659
198686
198722
198745
198753
198795
198850
198930
198942
198969
198990
199005
199008
199017
199090
199092
199101
199142
199152
199189
199237
199285
199329
199337
199381
199389
199417
199456
199507
199557
199566
199616
199619
199685
199687
199715
199722
199772
199830
199856
199918
199961
199967
199997
