170
171
172
173
174
175
176
177
178
179
180
181
182
183
220
221
224
225
228
229
232
233
236
237
238
239
250
251
254
257
336
337
338
339
370
371
374
375
378
379
382
383
407
408
465
480
499
512
525
528
529
530
531
536
537
542
543
604
605
608
609
610
611
616
618
633
669
700
706
707
708
710
711
712
739
753
754
756
768
775
779
780
787
789
790
791
792
795
797
803
822
826
827
829
858
860
861
863
866
873
880
887
888
917
918
922
926
927
929
932
941
948
964
976
1017
1022
1023
1028
1032
1049
1050
1052
1058
1061
1073
1081
1094
1114
1160
1173
1189
1208
1209
1213
1214
1216
1221
1227
1232
1249
1253
1254
1256
1260
1268
1277
1278
1281
1297
1302
1303
1305
1309
1318
1324
1325
1326
1328
1343
1349
1374
1376
1378
1379
1380
1381
1382
1383
1384
1385
1386
1387
1388
1389
1390
1392
1393
1394
1397
1399
1400
1402
1404
1408
1410
1413
1422
1423
1424
1425
1438
1442
1443
1450
1451
1468
1504
1505
1557
1560
1569
1570
1571
1572
1573
1574
1575
1577
1584
1591
1600
1615
1653
1662
1667
1668
1672
1676
1678
1679
1684
1697
1706
1710
1714
1734
1743
1765
1768
1775
1782
1784
1786
1788
1790
2653
2664
2665
2666
2669
2859
2885
3009
3586
3587
3588
3611
3668
3669
3670
3671
3672
3673
3674
3675
3676
3677
3678
3679
3680
3681
3890
3891
4002
4068
4161
4180
4181
4182
4183
4184
4185
4186
4187
4188
4189
4190
4191
4192
4193
4194
4195
4196
4197
4198
4199
4200
4201
4202
4203
4204
4205
4206
4207
4224
4225
4228
4229
4252
4253
4314
4315
4318
4319
4322
4323
4326
4327
4330
4331
4332
4333
4338
4339
4342
4343
4354
4355
4430
4433
5091
5342
5353
5356
5359
5471
6572
6573
6574
6575
6576
6577
6578
6579
6580
6581
6582
6583
6584
6585
6652
6653
6743
6744
6789
6790
6793
6794
6797
6798
6799
6800
6811
6812
6815
6816
6819
6820
6823
6824
6825
6826
6836
6838
6841
6842
6849
6850
6866
6867
6901
6902
8686
8687
8688
8689
8700
8701
8704
8705
8708
8709
8712
8713
8721
8722
9412
9413
9414
9415
9420
9421
9425
9426
9428
9429
9505
9599
9600
9603
9604
9609
9611
9929
10036
10292
10338
10355
10356
10357
10358
10359
10360
10361
10362
10363
10364
10365
10366
10367
10368
10387
10388
10389
10390
10391
10407
10408
10471
10472
10473
10474
10559
10581
10601
10602
10665
10679
10681
10687
10688
10742
10854
10860
10875
10877
10883
10984
10985
10986
10987
10992
10993
10994
10995
10996
11000
11001
11002
11354
11363
11368
11369
11370
11372
11373
11410
11548
11553
11571
11577
14274
14281
14282
14283
14284
14285
14286
14302
14316
14318
14323
14324
14325
14326
14365
14366
14367
14394
14395
14488
14489
14490
14598
14599
14600
14601
14602
14603
14604
14605
14606
14607
14608
14609
14610
14611
14622
14623
14626
14627
14634
14635
14638
14639
14642
14667
14668
14832
14834
14864
14866
14888
14890
15159
15160
15161
15162
15242
15243
15246
15247
15250
15251
15254
15255
15262
15263
15624
15625
15626
15627
15628
15629
15630
15631
15635
15636
15637
15638
15643
15644
15647
15648
15651
15654
15951
15961
15964
16750
16751
16754
16755
16756
16757
16761
16763
17273
17274
17275
17276
17277
17278
17279
17280
17281
17282
17283
17284
17285
17286
17297
17298
17301
17302
17435
17438
17461
17462
17465
17466
17467
17472
18062
18065
18178
18179
18180
18181
18182
18183
18184
18185
18186
18187
18188
18189
18190
18191
18248
18249
18473
18475
18478
18479
18481
18497
18524
18525
18526
18527
18528
18529
18549
18555
18557
18581
18659
18661
18664
18665
18666
18667
18669
18670
18709
18721
18842
18862
18869
18871
18878
18889
18890
18891
18892
18893
18894
18909
18926
18933
18939
18940
18941
18946
18947
18950
18952
18953
18954
18956
18957
18969
18976
18977
18978
18979
18980
18981
18982
18983
18984
18985
18987
18988
18989
18991
18992
18993
18995
18996
19004
19010
19012
19013
19014
19015
19030
19034
19035
19036
19037
19040
19041
19042
19043
19044
19048
19049
19050
19051
19055
19056
19057
19058
19084
19085
19086
19087
19094
19095
19096
19097
19098
19101
19102
19103
19104
19105
19133
19134
19147
19148
19219
19220
19221
19222
19223
19270
19271
19272
19273
19277
19278
19279
19280
19309
19310
19311
19312
19313
19462
19463
19464
19465
19466
19487
19488
19505
19506
19566
19567
19568
19569
19617
19623
19625
19627
19628
19633
19646
19648
19649
19650
19651
19653
19655
19657
19658
19663
19664
19665
19666
19667
19668
19669
19670
19671
19672
19673
19676
19761
19805
19817
19821
19824
19825
19827
19830
19832
19833
19835
19838
19839
19842
19875
19879
19881
19884
19888
19895
19915
19920
19924
19928
19929
19943
19992
20003
20007
20018
20024
20038
20083
20091
20092
20116
20125
20137
20153
20164
20180
20258
20275
20281
20285
20292
20309
20326
20370
20384
20396
20426
20431
20433
20441
20457
20526
20540
20579
20580
20592
20618
20668
20671
20674
20677
20680
20693
20728
20731
20738
20741
20883
20888
20891
20893
20896
20897
20899
20900
20902
20903
20908
20909
20911
20914
20922
20934
20948
20978
20990
21097
21152
21188
21189
21190
21198
21216
21220
21224
21226
21283
21284
21309
21354
21363
21367
21386
21387
21401
21403
21416
21417
21466
21467
21468
21469
21470
21473
21476
21479
21483
21484
21489
21493
21499
21501
21502
21526
21531
21544
21553
21565
21585
21590
21591
21608
21609
21611
21613
21672
21678
21679
21680
21692
21696
21749
21770
21856
21873
21879
21931
21932
21933
21934
21954
21974
21985
21989
21995
21997
22014
22016
22018
22020
22022
22023
22025
22028
22030
22032
22034
22035
22037
22040
22043
22046
22047
22049
22050
22051
22052
22053
22054
22060
22062
22065
22067
22071
22072
22074
22077
22079
22081
22084
22086
22112
22119
22127
22132
22134
22135
22136
22144
22145
22146
22147
22148
22150
22151
22154
22158
22163
22165
22168
22170
22172
22174
22177
22179
22181
22183
22185
22197
22205
22214
22249
22281
22341
22371
22374
22375
22395
22459
22468
22475
22485
22491
22493
22494
22496
22525
22526
22527
22532
22540
22554
22569
22582
22590
22593
22595
22596
22611
22619
22624
22660
22713
22776
22777
22779
22789
22797
22805
22806
22808
22811
22817
22818
22821
22836
22858
22863
22865
22867
22869
22873
22885
22886
22887
22888
22900
22907
22909
22910
22914
22947
22972
22973
23003
23018
23019
23035
23055
23062
23068
23072
23076
23081
23113
23117
23120
23123
23142
23146
23151
23156
23158
23171
23174
23199
23209
23216
23217
23234
23249
23257
23259
23282
23286
23305
23315
23319
23331
23382
23387
23405
23430
23436
23439
23447
23451
23499
23500
23544
23572
23590
23622
23655
23658
23661
23662
23665
23669
23673
23677
23686
23691
23708
23712
23719
23723
23735
23738
23741
23744
23772
23790
23830
23835
23838
23843
23844
23848
23862
23865
23867
23871
23873
23877
23911
23912
23914
23915
23920
23933
23941
23953
23960
24011
24070
24084
24099
24111
24114
24116
24129
24130
24133
24134
24141
24142
24146
24147
24155
24158
24159
24162
24163
24168
24172
24173
24174
24177
24178
24205
24206
24213
24214
24215
24218
24219
24220
24221
24222
24231
24256
24273
24274
24275
24276
24327
24328
24329
24331
24332
24333
24334
24348
24349
24350
24351
24352
24353
24354
24355
24356
24396
24399
24406
24407
24409
24410
24430
24434
24437
24453
24454
24463
24464
24495
24504
24505
24507
24508
24520
24521
24525
24526
24536
24537
24538
24539
24540
24544
24545
24570
24571
24592
24593
24595
24596
24604
24605
24607
24608
24621
24622
24623
24624
24637
24638
24639
24640
24641
24647
24648
24651
24652
24660
24661
24662
24666
24667
24670
24680
24681
24682
24683
24691
24692
24693
24694
24721
24732
24733
24774
24787
24788
24790
24791
24800
24801
24802
24803
24806
24807
24808
24809
24810
24816
24817
24818
24819
24829
24830
24831
24832
24863
24864
24869
24870
24879
24880
24881
24882
24886
24887
24890
24891
24892
24893
24894
24895
24896
24897
24898
24899
24920
24965
24977
25020
25033
25046
25047
25049
25050
25087
25088
25089
25093
25094
25095
25096
25099
25100
25101
25102
25103
25104
25107
25108
25109
25110
25111
25119
25120
25121
25122
25129
25130
25131
25132
25133
25134
25181
25182
25183
25188
25189
25190
25191
25206
25208
25209
25213
25214
25224
25225
25229
25230
25266
25267
25268
25269
25270
25274
25275
25279
25280
25290
25291
25293
25294
25307
25308
25309
25311
25312
25345
25465
25466
25565
25583
25586
25636
25680
25738
25767
25771
25778
25779
25788
25795
25839
25841
25848
25865
25881
25894
25896
25915
26016
26037
26051
26052
26063
26064
26065
26066
26079
26080
26081
26082
26083
26084
26085
26086
26132
26154
26156
26415
26417
26557
26566
26568
26579
26642
26893
26896
26897
26899
26983
26984
26986
26987
26988
26995
26999
27000
27001
27003
27007
27027
27028
27034
27036
27055
27062
27068
27070
27079
27081
27082
27083
27087
27109
27112
27113
27132
27144
27250
27252
27394
27401
27406
27415
27429
27438
27457
27458
27497
27579
27583
27586
27601
27605
27606
27612
27633
27634
27706
27707
27708
27710
27713
27753
27758
27761
27762
27770
27773
27774
27775
27776
27777
27778
27779
27780
27781
27783
27785
27790
27791
27795
27796
27800
27809
27810
27811
27812
27815
27816
27817
27818
27819
27820
27823
27825
27826
27828
27832
27833
27835
27850
27865
27868
27870
27871
27872
27873
27874
27877
27879
27884
27893
27894
27897
27898
27899
27928
27931
27935
27938
27942
27945
27946
27947
27948
27950
27951
28007
28008
28009
28011
28014
28065
28066
28067
28068
28088
28094
28095
28096
28098
28099
28100
28102
28103
28104
28105
28106
28110
28111
28112
28113
28114
28115
28116
28117
28118
28119
28123
28125
28126
28128
28129
28130
28131
28132
28133
28134
28135
28156
28157
28160
28161
28162
28163
28164
28165
28174
28175
28177
28180
28181
28182
28183
28184
28186
28189
28190
28191
28192
28193
28240
28260
28261
28262
28263
28264
28269
28270
28271
28272
28337
28352
28356
28365
28386
28410
28423
28428
28502
28505
28535
28569
28577
28578
28580
28599
28646
28665
28672
28673
28674
28675
28676
28677
28678
28679
28680
28681
28688
28689
28692
28695
28696
28697
28698
28699
28702
28703
28704
28705
28706
28724
28729
28833
28847
28859
28860
28862
28863
28875
28889
28890
28891
28892
28893
28894
28895
28896
28897
28898
28899
28900
28901
28902
28907
28908
28912
28913
28916
28918
28921
28922
28924
28926
28928
28932
28934
28935
28938
28945
28951
28958
28959
28960
28961
28964
28966
28970
28971
28978
28979
28980
28981
28984
29002
29003
29004
29023
29025
29026
29027
29028
29029
29030
29031
29032
29033
29034
29036
29039
29040
29042
29045
29047
29058
29059
29060
29062
29063
29067
29117
29118
29119
29122
29123
29158
29159
29162
29163
29166
29192
29219
29220
29224
29227
29247
29248
29249
29250
29251
29253
29254
29255
29259
29260
29263
29267
29286
29288
29289
29292
29293
29299
29302
29303
29304
29305
29306
29308
29311
29316
29317
29318
29322
29323
29324
29325
29326
29327
29328
29329
29330
29345
29357
29371
29380
29382
29403
29420
29421
29422
29424
29434
29442
29446
29447
29448
29450
29451
29459
29460
29461
29464
29469
29470
29472
29477
29479
29480
29481
29486
29487
29489
29496
29500
29504
29530
29546
29547
29602
29605
29612
29613
29634
29653
29659
29677
29678
29679
29686
29712
29717
29720
29734
29735
29801
29803
29806
29836
29845
29850
29854
29857
29858
29866
29869
29875
29876
29883
29897
29899
29900
29906
29907
29918
29937
29938
29958
29974
29975
29977
29986
30001
30023
30051
30052
30106
30108
30109
30110
30111
30112
30113
30114
30115
30116
30127
30131
30134
30140
30141
30142
30156
30160
30161
30166
30168
30174
30182
30184
30186
30233
30241
30246
30248
30260
30271
30277
30282
30297
30305
30306
30316
30317
30318
30319
30320
30344
30348
30352
30355
30390
30391
30392
30393
30395
30396
30397
30398
30414
30419
30420
30436
30443
30526
30548
30559
30560
30565
30568
30572
30581
30582
30583
30584
30585
30587
30588
30595
30596
30597
30599
30603
30607
30609
30610
30613
30616
30617
30618
30627
30632
30633
30634
30635
30638
30639
30640
30641
30642
30645
30646
30651
30653
30655
30656
30658
30661
30663
30670
30672
30674
30683
30685
30691
30692
30693
30694
30730
30734
30745
30749
30758
30761
30762
30763
30771
30773
30775
30783
30786
30787
30794
30795
30796
30803
30827
30828
30861
30862
30865
30873
30907
30911
30926
30951
30967
30970
30990
31000
31016
31019
31020
31021
31026
31031
31038
31042
31051
31052
31054
31056
31066
31067
31073
31082
31088
31089
31090
31091
31095
31096
31097
31098
31100
31101
31102
31117
31178
31180
31210
31218
31222
31238
31241
31242
31243
31245
31250
31269
31341
31346
31351
31352
31353
31354
31371
31372
31373
31374
31375
31391
31432
31457
31461
31473
31475
31536
31610
31625
31632
31652
31659
31727
31728
31773
31820
31828
31829
31833
31834
31836
31876
31885
31889
31890
31919
31920
31947
31958
31983
31986
31996
31998
32001
32003
32007
32020
32030
32042
32048
32049
32052
32053
32054
32081
32091
32117
32127
32138
32147
32162
32163
32165
32166
32167
32168
32172
32175
32180
32194
32207
32213
32224
32225
32226
32227
32234
32237
32240
32256
32273
32301
32308
32316
32317
32336
32369
32371
32382
32392
32409
32411
32412
32413
32414
32419
32420
32428
32432
32433
32434
32436
32437
32438
32441
32447
32448
32449
32451
32453
32461
32468
32475
32482
32483
32489
32515
32536
32606
32615
32616
32618
32673
32676
32725
32731
32739
32843
32844
32849
32850
32852
32855
32856
32859
32862
32863
32864
32865
32873
32874
32881
32896
32908
32918
32921
32952
32962
32976
32979
33065
33068
33079
33087
33088
33100
33101
33102
33106
33107
33108
33111
33115
33117
33124
33125
33126
33127
33154
33176
33182
33195
33243
33250
33251
33270
33271
33275
33288
33354
33359
33402
33450
33451
33455
33466
33478
33479
33483
33486
33487
33488
33492
33503
33526
33530
33535
33541
33550
33551
33557
33562
33565
33570
33590
33592
33596
33597
33600
33606
33607
33610
33613
33614
33615
33618
33626
33628
33629
33645
33648
33652
33658
33660
33678
33688
33697
33720
33737
33738
33741
33744
33745
33746
33749
33762
33767
33776
33777
33798
33800
33816
33817
33821
33822
33823
33833
33865
33866
33872
33878
33885
33889
33891
33904
33910
33924
33938
33939
33940
33941
33949
33950
33951
33952
33953
33960
33962
33964
33968
33971
33972
33973
33975
33976
33977
33978
33981
33984
33991
34017
34018
34019
34020
34023
34031
34050
34104
34136
34169
34171
34180
34200
34202
34203
34204
34205
34206
34227
34248
34276
34320
34355
34362
34364
34374
34375
34377
34378
34380
34389
34391
34393
34394
34400
34418
34420
34422
34441
34442
34443
34444
34445
34446
34448
34449
34450
34451
34454
34458
34459
34460
34462
34463
34464
34465
34466
34467
34468
34469
34470
34472
34502
34518
34522
34575
34588
34593
34595
34633
34638
34640
34642
34643
34644
34647
34650
34651
34652
34654
34657
34661
34665
34669
34671
34672
34674
34677
34681
34682
34687
34691
34695
34696
34703
34704
34708
34712
34714
34727
34753
34794
34802
34807
34815
34817
34819
34842
34844
34846
34851
34864
34865
34889
34890
34895
34937
34949
34956
34957
34963
34964
34965
34968
34972
34973
34979
34997
35021
35086
35097
35098
35106
35107
35120
35165
35179
35184
35185
35186
35187
35193
35202
35205
35216
35224
35244
35251
35253
35255
35260
35262
35264
35266
35267
35268
35271
35272
35282
35283
35284
35292
35293
35311
35335
35342
35357
35360
35362
35363
35366
35377
35378
35379
35380
35381
35382
35383
35385
35387
35389
35390
35395
35396
35398
35411
35415
35417
35420
35421
35423
35426
35432
35434
35435
35439
35440
35441
35446
35447
35448
35452
35454
35456
35459
35461
35462
35465
35467
35468
35469
35470
35475
35476
35494
35496
35499
35500
35501
35510
35519
35521
35525
35547
35554
35556
35582
35583
35584
35585
35586
35588
35589
35590
35591
35593
35595
35597
35599
35600
35601
35602
35607
35622
35624
35626
35643
35649
35661
35663
35664
35665
35666
35673
35674
35675
35676
35677
35678
35679
35680
35681
35682
35683
35685
35688
35689
35690
35691
35709
35710
35714
35777
35778
35785
35786
35832
35833
35834
35850
35851
35854
35857
35858
35859
35860
35862
35864
35866
35869
35870
35878
35942
35943
35954
35955
35956
35957
35960
35961
35962
35963
35964
35965
35967
35969
35987
36018
36060
36061
36063
36066
36067
36068
36070
36078
36083
36089
36094
36096
36106
36109
36111
36114
36115
36117
36118
36121
36149
36151
36153
36154
36156
36158
36162
36165
36169
36176
36177
36178
36179
36180
36181
36182
36183
36184
36185
36186
36187
36188
36189
36190
36191
36192
36193
36194
36197
36198
36201
36202
36203
36204
36212
36215
36216
36219
36222
36232
36234
36235
36236
36237
36241
36245
36248
36251
36253
36341
36342
36343
36345
36346
36347
36348
36349
36350
36351
36352
36353
36354
36355
36361
36373
36379
36456
36472
36490
36508
36510
36514
36524
36525
36529
36530
36537
36544
36570
36583
36588
36601
36602
36603
36605
36608
36610
36620
36639
36640
36644
36645
36647
36649
36651
36654
36655
36658
36673
36676
36677
36694
36696
36698
36700
36711
36724
36728
36752
36760
36763
36775
36823
36861
36870
36915
36918
36927
36928
36971
36972
36986
37006
37012
37032
37049
37057
37064
37068
37069
37080
37101
37109
37110
37111
37114
37120
37122
37126
37141
37168
37206
37207
37209
37211
37213
37217
37222
37225
37228
37230
37286
37301
37340
37427
37431
37441
37442
37469
37479
37480
37487
37488
37489
37500
37509
37513
37517
37536
37540
37546
37556
37561
37563
37569
37571
37574
37575
37577
37605
37610
37613
37621
37629
37630
37637
37645
37646
37651
37654
37662
37669
37670
37695
37696
37698
37701
37706
37708
37719
37720
37722
37723
37724
37725
37726
37727
37737
37738
37752
37755
37756
37757
37758
37760
37763
37769
37770
37779
37789
37805
37806
37810
37811
37818
37825
37827
37829
37831
37833
37834
37835
37836
37839
37840
37846
37856
37857
37860
37861
37866
37867
37868
37870
37874
37876
37877
37878
37879
37880
37885
37890
37893
37894
37896
37898
37905
37907
37909
37913
37923
37929
37940
37965
37969
37970
37975
37991
37992
37995
37998
38036
38037
38057
38061
38065
38098
38110
38150
38152
38156
38157
38160
38161
38165
38170
38174
38175
38177
38178
38182
38184
38198
38199
38200
38202
38208
38212
38258
38284
38312
38313
38314
38315
38344
38346
38353
38371
38373
38375
38377
38379
38382
38400
38403
38404
38416
38423
38426
38427
38434
38437
38441
38442
38445
38447
38450
38451
38453
38456
38476
38481
38487
38489
38491
38493
38494
38503
38510
38518
38529
38533
38534
38535
38539
38541
38543
38557
38558
38562
38563
38564
38570
38573
38582
38584
38589
38591
38593
38623
38624
38625
38696
38701
38705
38716
38719
38758
38760
38763
38771
38780
38786
38811
38842
38879
38895
38899
38900
38901
38909
38950
38951
38952
38953
38955
38959
38961
38968
38969
38973
39000
39001
39002
39003
39014
39015
39046
39047
39058
39059
39062
39070
39074
39080
39083
39084
39085
39091
39210
39264
39270
39293
39305
39307
39310
39373
39391
39402
39409
39410
39412
39430
39431
39440
39448
39456
39467
39486
39487
39489
39511
39512
39514
39522
39578
39579
39602
39651
39664
39666
39667
39671
39674
39679
39681
39682
39711
39715
39716
39717
39719
39721
39726
39728
39729
39731
39733
39739
39741
39754
39755
39756
39767
39774
39776
39778
39784
39787
39788
39795
39803
39804
39805
39808
39810
39838
39839
39841
39842
39845
39848
39852
39854
39856
39857
39858
39863
39865
39867
39875
39876
39878
39919
39920
39921
39927
39939
39943
39944
39945
39946
39948
39950
39959
39960
39961
39964
39965
39971
39981
39982
39983
39985
39987
39994
39997
39998
39999
40003
40004
40006
40008
40013
40015
40020
40030
40034
40039
40041
40045
40055
40061
40062
40080
40082
40083
40087
40091
40115
40116
40119
40133
40164
40169
40205
40231
40236
40252
40253
40256
40263
40265
40278
40279
40284
40292
40305
40323
40325
40326
40327
40328
40329
40331
40334
40342
40347
40359
40362
40366
40395
40397
40404
40405
40467
40485
40498
40499
40508
40517
40529
40530
40535
40538
40552
40580
40581
40586
40587
40588
40592
40600
40614
40619
40621
40622
40629
40630
40632
40647
40648
40649
40650
40671
40683
40684
40685
40686
40688
40692
40696
40699
40701
40711
40713
40721
40727
40729
40735
40741
40759
40761
40762
40763
40764
40775
40783
40795
40806
40819
40820
40834
40835
40836
40837
40839
40841
40843
40845
40847
40850
40898
40904
40907
40908
40915
40951
40952
40954
40958
40965
40967
40971
40975
40979
40983
40987
40988
40992
40998
41030
41032
41033
41045
41046
41048
41049
41074
41096
41128
41130
41152
41165
41166
41170
41171
41182
41228
41229
41230
41231
41233
41235
41251
41255
41256
41257
41259
41260
41268
41272
41273
41274
41277
41278
41280
41282
41283
41296
41301
41305
41306
41307
41309
41311
41312
41318
41319
41320
41323
41332
41333
41334
41337
41338
41339
41340
41348
41349
41362
41366
41369
41370
41378
41379
41381
41383
41397
41412
41413
41415
41427
41428
41430
41439
41446
41449
41450
41451
41452
41459
41460
41465
41469
41470
41471
41474
41475
41476
41490
41491
41495
41498
41501
41504
41505
41510
41511
41513
41522
41525
41526
41527
41528
41529
41539
41560
41570
41581
41584
41593
41598
41599
41600
41605
41607
41616
41617
41620
41622
41631
41639
41646
41647
41669
41671
41706
41714
41730
41733
41734
41735
41736
41737
41738
41739
41740
41742
41743
41745
41746
41751
41799
41801
41804
41807
41808
41811
41815
41818
41820
41821
41822
41824
41825
41827
41828
41830
41831
41832
41840
41843
41864
41873
41874
41878
41881
41897
41914
41915
41918
41920
41922
41927
41929
41943
41944
41945
41946
41947
41948
41949
41950
41951
41952
41953
41954
41955
41956
41972
41979
41988
41989
41991
41994
41997
41998
42001
42003
42014
42057
42072
42090
42094
42108
42110
42138
42144
42145
42148
42150
42152
42156
42158
42188
42205
42246
42258
42289
42306
42316
42334
42337
42349
42386
42410
42417
42445
42452
42467
42488
42518
42533
42564
42591
42607
42647
42732
42755
42766
42790
42806
42807
42817
42838
42845
42904
42911
42941
42966
42970
42979
42984
43029
43049
43125
43132
43150
43159
43162
43179
43199
43205
43348
43381
43435
43437
43457
43479
43506
43543
43571
43653
43692
43702
43707
43710
43718
43722
43739
43749
43751
43753
43755
43756
43757
43780
43799
43828
43829
43832
43833
43842
43860
43862
43863
43864
43867
43868
43870
43871
43873
43874
43877
43878
43880
43883
43890
43909
43984
44001
44003
44004
44005
44006
44009
44011
44012
44013
44017
44021
44027
44034
44047
44050
44052
44069
44070
44071
44114
44115
44166
44222
44243
44244
44248
44267
44268
44271
44272
44273
44274
44284
44291
44292
44293
44296
44298
44311
44312
44313
44317
44321
44322
44344
44345
44346
44347
44351
44353
44355
44362
44363
44366
44370
44377
44381
44385
44389
44390
44391
44394
44402
44403
44408
44409
44410
44411
44413
44415
44418
44431
44432
44433
44436
44440
44445
44451
44453
44473
44474
44492
44505
44525
44531
44532
44543
44545
44547
44548
44552
44553
44554
44584
44585
44595
44604
44643
44649
44650
44654
44657
44659
44661
44663
44668
44670
44678
44686
44707
44717
44721
44723
44724
44755
44758
44804
44812
44827
44830
44834
44842
44843
44857
44859
44860
44861
44862
44864
44870
44872
44880
44881
44884
44886
44888
44890
44893
44894
44895
44896
44902
44907
44911
44919
44921
44954
44955
44960
44961
44963
44974
44977
44980
44982
44983
44984
44988
44991
44993
44998
45000
45007
45008
45016
45017
45022
45026
45029
45030
45031
45034
45035
45036
45037
45038
45042
45043
45044
45048
45050
45052
45082
45083
45088
45097
45198
45199
45221
45226
45229
45230
45247
45248
45251
45252
45253
45254
45255
45261
45273
45274
45278
45279
45285
45286
45288
45292
45294
45299
45333
45364
45365
45368
45374
45375
45376
45382
45401
45423
45424
45425
45429
45443
45451
45461
45462
45463
45481
45506
45510
45512
45515
45523
45526
45527
45529
45530
45533
45534
45540
45545
45551
45552
45553
45554
45556
45558
45560
45561
45573
45575
45579
45582
45583
45589
45592
45607
45613
45614
45621
45622
45623
45626
45638
45640
45641
45643
45646
45654
45655
45656
45684
45690
45697
45698
45729
45732
45743
45745
45746
45747
45749
45752
45758
45764
45765
45769
45778
45781
45786
45802
45810
45837
45840
45853
45858
45861
45863
45865
45869
45882
45886
45887
45896
45902
45905
45906
45913
45920
45923
45929
45939
45942
45947
45951
45987
45988
45989
45991
45993
46047
46048
46051
46052
46061
46113
46115
46118
46119
46120
46170
46202
46206
46207
46208
46210
46225
46239
46240
46243
46246
46251
46252
46261
46263
46264
46267
46272
46273
46274
46276
46286
46288
46289
46301
46302
46304
46305
46307
46308
46324
46326
46327
46330
46337
46346
46347
46348
46349
46351
46353
46357
46359
46371
46372
46383
46390
46397
46399
46409
46435
46436
46495
46504
46505
46506
46507
46510
46526
46529
46530
46531
46532
46536
46541
46546
46548
46569
46572
46573
46589
46595
46596
46599
46607
46617
46624
46626
46634
46637
46646
46647
46648
46649
46651
46652
46666
46667
46688
46694
46695
46711
46712
46713
46714
46716
46722
46726
46728
46729
46739
46740
46742
46744
46745
46753
46770
46771
46772
46776
46780
46787
46788
46812
46818
46819
46820
46824
46828
46835
46839
46840
46841
46850
46851
46854
46865
46868
46871
46872
46900
46911
46926
46927
46931
46932
46936
46961
46962
46963
46966
46974
46976
46994
47007
47008
47010
47011
47012
47013
47014
47015
47016
47018
47019
47020
47021
47023
47024
47036
47039
47043
47050
47056
47058
47063
47064
47065
47067
47075
47077
47078
47088
47093
47098
47099
47133
47134
47138
47157
47171
47172
47179
47186
47188
47213
47214
47215
47222
47223
47224
47225
47228
47232
47255
47261
47273
47282
47320
47321
47324
47325
47334
47346
47347
47352
47353
47373
47376
47382
47390
47391
47397
47398
47399
47400
47402
47405
47407
47411
47417
47422
47430
47431
47432
47433
47441
47453
47454
47455
47459
47462
47464
47465
47466
47471
47472
47473
47486
47488
47513
47532
47533
47535
47537
47549
47550
47552
47553
47554
47558
47578
47581
47582
47586
47587
47588
47599
47600
47614
47615
47616
47617
47618
47625
47626
47627
47628
47629
47633
47634
47636
47640
47642
47643
47648
47650
47651
47661
47662
47666
47676
47677
47682
47683
47684
47685
47688
47692
47694
47697
47699
47709
47729
47737
47756
47757
47761
47792
47793
47795
47801
47803
47805
47815
47818
47819
47827
47843
47846
47850
47851
47855
47860
47864
47867
47873
47874
47875
47876
47879
47906
47908
47909
47912
47918
47924
47925
47927
47929
47930
47932
47934
47940
47943
47945
47946
47955
47956
47959
47962
47968
47971
47973
47977
47978
47979
47980
47985
47987
47988
47990
47991
47993
47997
48002
48012
48013
48018
48048
48050
48051
48052
48053
48058
48060
48074
48075
48084
48088
48130
48131
48146
48149
48151
48157
48189
48190
48203
48204
48208
48216
48218
48220
48226
48227
48229
48235
48237
48255
48257
48258
48259
48262
48263
48266
48281
48282
48283
48288
48291
48295
48301
48302
48304
48305
48306
48308
48309
48322
48323
48325
48327
48328
48329
48331
48336
48344
48345
48349
48378
48388
48389
48391
48402
48403
48410
48418
48419
48420
48433
48434
48436
48437
48439
48440
48441
48451
48453
48455
48466
48467
48471
48472
48473
48485
48486
48489
48509
48511
48512
48516
48544
48545
48547
48549
48550
48551
48552
48557
48567
48577
48588
48590
48591
48592
48599
48600
48603
48607
48608
48609
48611
48617
48624
48630
48633
48634
48636
48638
48639
48640
48645
48648
48649
48651
48653
48656
48657
48661
48665
48668
48670
48673
48677
48680
48682
48684
48686
48687
48694
48698
48701
48704
48712
48713
48719
48720
48728
48733
48751
48765
48766
48767
48769
48770
48771
48772
48776
48781
48786
48794
48796
48812
48825
48838
48839
48840
48841
48856
48861
48880
48892
48895
48896
48901
48913
48915
48916
48925
48926
48927
48940
48942
48944
48949
48955
48958
48961
48964
48965
48967
48969
48971
48974
48979
48980
48983
48987
49014
49020
49021
49026
49029
49036
49043
49045
49046
49047
49051
49052
49055
49056
49057
49063
49075
49076
49077
49079
49085
49095
49100
49101
49102
49103
49117
49123
49126
49127
49129
49137
49139
49143
49144
49150
49154
49155
49157
49160
49165
49166
49168
49170
49177
49183
49191
49192
49194
49201
49202
49203
49207
49220
49224
49227
49228
49258
49264
49265
49269
49270
49272
49273
49274
49277
49326
49327
49328
49329
49330
49331
49333
49337
49340
49341
49347
49356
49357
49359
49360
49378
49379
49380
49381
49382
49384
49385
49386
49389
49428
49430
49431
49434
49435
49436
49437
49440
49441
49446
49448
49449
49450
49452
49455
49457
49462
49464
49475
49476
49482
49486
49487
49488
49489
49498
49508
49512
49522
49526
49565
49568
49593
49609
49611
49612
49617
49618
49624
49625
49626
49631
49632
49633
49634
49645
49647
49648
49652
49653
49657
49658
49659
49660
49661
49662
49664
49666
49668
49671
49673
49699
49700
49702
49707
49721
49733
49737
49738
49771
49774
49781
49789
49805
49806
49807
49812
49816
49823
49852
49856
49864
49868
49870
49881
49882
49883
49884
49885
49886
49896
49903
49905
49920
49921
49922
49923
49940
49943
49947
49948
49951
49952
49956
49958
49960
49962
49965
49966
49968
49970
49979
49983
49984
49986
49989
49993
49996
49997
49999
50025
50031
50032
50036
50038
50039
50041
50043
50059
50060
50063
50067
50068
50077
50080
50082
50084
50086
50087
50088
50089
50094
50095
50099
50100
50102
50104
50105
50107
50109
50110
50118
50121
50124
50126
50128
50131
50159
50160
50162
50167
50168
50169
50170
50172
50174
50182
50183
50184
50187
50188
50196
50197
50202
50205
50208
50210
50211
50214
50219
50220
50223
50225
50226
50227
50240
50241
50252
50263
50264
50274
50275
50281
50306
50310
50312
50316
50323
50325
50326
50327
50328
50329
50332
50337
50338
50339
50340
50344
50345
50349
50363
50364
50368
50369
50387
50388
50389
50390
50391
50392
50393
50394
50395
50406
50408
50409
50411
50413
50415
50422
50426
50430
50434
50464
50465
50466
50467
50468
50469
50470
50484
50485
50503
50504
50505
50506
50507
50508
50509
50510
50548
50550
50587
50593
50595
50596
50609
50625
50629
50630
50632
50666
50734
50735
50737
50742
50778
50786
50790
50802
50805
50813
50824
50827
50845
50862
50863
50868
50891
50893
50902
50904
50917
50921
50922
50923
50924
50925
50933
50941
50942
50943
50944
50945
50946
50947
50948
50949
50950
50951
50952
50953
50954
50955
50956
50957
50958
50959
50960
50961
50962
50963
50964
50965
50966
50967
50968
50969
50986
50989
50996
50997
50998
51003
51004
51005
51006
51007
51008
51009
51010
51011
51012
51013
51014
51021
51023
51024
51025
51030
51033
51043
51046
51048
51049
51070
51074
51084
51088
51098
51102
51119
51123
51126
51131
51140
51157
51159
51167
51170
51172
51192
51195
51210
51211
51212
51213
51214
51216
51234
51235
51236
51238
51240
51241
51243
51260
51268
51279
51284
51287
51291
51306
51309
51310
51311
51315
51317
51319
51321
51328
51329
51330
51334
51336
51337
51338
51341
51343
51344
51348
51351
51352
51366
51368
51369
51375
51376
51379
51382
51385
51388
51391
51393
51394
51407
51417
51421
51432
51442
51450
51454
51459
51460
51468
51469
51474
51479
51480
51515
51557
51558
51561
51569
51591
51593
51605
51611
51612
51614
51616
51638
51639
51640
51642
51645
51646
51658
51661
51662
51664
51668
51697
51699
51749
51755
51756
51757
51758
51759
51760
51766
51771
51772
51774
51775
51783
51802
51803
51804
51844
51851
51854
51856
51857
51859
51860
51861
51862
51863
51866
51867
51868
51869
51887
51892
51899
51900
51901
51903
51904
51905
51906
51933
51934
51935
51936
51937
51942
51945
51946
51949
51953
51954
51958
51971
51973
51974
51976
51977
51978
51982
51983
51994
52003
52004
52005
52007
52010
52027
52028
52030
52031
52033
52038
52040
52067
52068
52069
52072
52075
52076
52080
52083
52084
52085
52086
52087
52093
52095
52096
52105
52107
52119
52120
52123
52130
52142
52147
52152
52153
52163
52164
52165
52172
52173
52176
52177
52181
52203
52206
52207
52208
52209
52214
52241
52244
52250
52254
52256
52257
52258
52259
52260
52261
52279
52280
52281
52282
52315
52343
52347
52370
52373
52385
52386
52387
52388
52396
52397
52398
52411
52416
52420
52422
52423
52424
52429
52433
52434
52435
52436
52437
52459
52460
52463
52466
52468
52477
52478
52479
52484
52495
52496
52499
52505
52506
52517
52518
52521
52522
52526
52531
52543
52553
52554
52559
52586
52590
52591
52607
52608
52610
52612
52617
52618
52621
52625
52635
52666
52667
52669
52679
52686
52691
52694
52696
52697
52699
52704
52705
52707
52711
52722
52735
52747
52762
52766
52778
52780
52782
52783
52784
52785
52787
52822
52823
52824
52826
52833
52852
52856
52857
52858
52859
52871
52874
52879
52886
52890
52891
52892
52893
52896
52897
52899
52902
52906
52908
52909
52910
52911
52913
52915
52916
52938
52940
52943
52957
52958
52959
52960
52966
52968
52972
52975
52983
52991
52992
53001
53002
53003
53005
53010
53030
53031
53032
53033
53034
53035
53046
53055
53056
53057
53058
53061
53063
53066
53083
53100
53101
53108
53120
53121
53123
53126
53130
53136
53153
53173
53174
53175
53177
53178
53179
53182
53186
53191
53200
53201
53217
53218
53220
53244
53245
53248
53250
53251
53253
53269
53270
53283
53284
53316
53317
53328
53329
53333
53335
53336
53337
53338
53339
53340
53343
53344
53348
53349
53351
53359
53374
53375
53376
53389
53393
53411
53412
53423
53425
53426
53428
53463
53471
53475
53478
53479
53480
53482
53496
53497
53498
53520
53553
53554
53555
53557
53571
53575
53582
53583
53584
53585
53607
53610
53618
53630
53665
53666
53669
53670
53677
53682
53683
53687
53696
53697
53703
53704
53705
53711
53727
53730
53731
53732
53733
53736
53739
53743
53750
53751
53753
53754
53755
53760
53761
53766
53769
53775
53776
53778
53795
53815
53817
53818
53841
53851
53852
53853
53861
53872
53873
53882
53885
53889
53903
53908
53910
53912
53917
53918
53919
53920
53936
53951
53952
53953
53954
53955
53961
53962
53964
53965
53966
53969
53972
53986
53988
53989
54015
54016
54017
54018
54034
54035
54036
54042
54043
54048
54054
54093
54094
54095
54096
54097
54101
54102
54113
54130
54131
54134
54135
54148
54149
54151
54153
54157
54158
54167
54168
54180
54181
54182
54184
54186
54188
54190
54191
54193
54195
54198
54200
54209
54210
54211
54212
54229
54232
54233
54238
54242
54258
54263
54264
54268
54278
54291
54292
54298
54304
54307
54310
54312
54315
54330
54334
54336
54345
54348
54352
54360
54366
54372
54375
54376
54378
54379
54380
54387
54389
54397
54398
54403
54404
54411
54414
54417
54420
54423
54424
54428
54458
54463
54480
54507
54509
54510
54513
54514
54516
54542
54545
54547
54548
54549
54551
54552
54553
54555
54556
54564
54566
54567
54575
54581
54582
54588
54612
54618
54619
54621
54632
54636
54646
54648
54651
54655
54657
54658
54663
54664
54669
54681
54682
54683
54704
54712
54716
54732
54748
54751
54766
54769
54772
54780
54858
54878
54879
54882
54885
54890
54897
54898
54899
54900
54901
54902
54903
54904
54905
54906
54907
54908
54909
54910
54947
54948
54951
54952
54955
54956
54959
54960
54991
54992
55000
55003
55006
55010
55014
55015
55016
55019
55071
55073
55075
55087
55097
55100
55102
55118
55119
55125
55126
55147
55155
55156
55157
55173
55174
55176
55179
55181
55186
55189
55200
55207
55211
55214
55216
55217
55218
55219
55223
55232
55233
55234
55235
55236
55237
55238
55242
55243
55244
55246
55247
55248
55289
55533
55828
55934
55937
55968
56009
56039
56041
56043
56046
56048
56049
56050
56052
56057
56144
56165
56168
56175
56222
56237
56315
56316
56318
56319
56328
56356
56373
56521
56527
56531
56534
56784
56804
56953
56984
56992
56996
57001
57010
57011
57036
57037
57038
57056
57058
57059
57067
57079
57092
57093
57097
57191
57196
57200
57201
57205
57207
57209
57210
57220
57221
57222
57246
57248
57249
57261
57263
57264
57265
57295
57304
57316
57320
57321
57340
57343
57344
57368
57369
57370
57376
57377
57378
57403
57424
57447
57473
57481
57498
57513
57568
57571
57573
57578
57583
57585
57586
57615
57645
57649
57650
57671
57678
57679
57680
57682
57684
57690
57691
57703
57706
57707
57708
57712
57713
57714
57715
57716
57720
57725
57730
57749
57765
57766
57767
57773
57785
57809
57843
57861
57862
57863
57870
57872
57873
57874
57881
57882
57883
57886
57888
57891
57892
57893
57894
57895
57896
57897
57898
57899
57900
57901
57902
57904
57905
57907
57908
57909
57910
57911
57912
57927
57928
57930
57946
57947
57948
57956
57965
57966
57969
57970
57971
57977
57986
57991
57992
57994
57995
58006
58007
58008
58011
58014
58015
58026
58027
58033
58034
58050
58052
58064
58077
58080
58082
58084
58111
58154
58175
58202
58210
58218
58219
58220
58221
58222
58223
58224
58225
58296
58357
58360
58362
58370
58420
58428
58429
58430
58431
58432
58433
58435
58446
58448
58450
58452
58470
58476
58481
58583
58871
58967
58975
58976
58995
58998
59015
59059
59061
59068
59078
59122
59152
59162
59165
59192
59196
59200
59214
59215
59225
59227
59230
59235
59263
59269
59296
59310
59313
59319
59330
59336
59352
59355
59362
59368
59371
59423
59429
59450
59479
59492
59504
59511
59512
59515
59521
59549
59551
59552
59554
59559
59568
59571
59593
59594
59595
59597
59603
59604
59606
59609
59612
59631
59632
59640
59669
59674
59677
59698
59703
59784
59804
59820
59829
59844
59873
59876
59882
59982
60190
60201
60209
60295
60326
60330
60336
60348
60361
60417
60428
60472
60505
60522
60527
60532
60551
60565
60577
60597
60661
60714
60761
60769
60813
60840
60857
60889
60912
60928
60938
60941
60943
60976
60982
61002
61004
61025
61027
61033
61044
61162
61166
61200
61279
61289
61326
61336
61341
61359
61369
61376
61397
61452
61463
61471
61492
61502
61512
61524
61566
61611
61624
61629
61696
61700
61704
61718
61724
61743
61753
61834
61851
61881
61899
61901
61957
61995
61996
61999
62000
62005
62007
62017
62050
62096
62108
62111
62117
62126
62127
62131
62178
62184
62190
62195
62198
62216
62226
62230
62233
62237
62240
62255
62274
62278
62284
62285
62293
62297
62327
62331
62334
62338
62368
62414
62422
62423
62429
62431
62454
62469
62471
62479
62487
62551
62554
62555
62556
62590
62591
62601
62604
62605
62607
62609
62613
62650
62653
62660
62663
62688
62691
62719
62722
62727
62728
62729
62735
62737
62741
62807
62877
62933
62980
63008
63010
63014
63018
63021
63027
63031
63032
63034
63037
63041
63042
63044
63056
63068
63080
63087
63088
63091
63095
63102
63107
63108
63118
63121
63124
63125
63137
63146
63156
63159
63170
63192
63200
63204
63206
63222
63227
63230
63246
63250
63256
63260
63262
63265
63306
63310
63330
63342
63347
63386
63397
63399
63402
63410
63411
63412
63447
63455
63457
63459
63467
63469
63474
63480
63496
63502
63518
63531
63538
63540
63542
63543
63550
63555
63557
63560
63592
63619
63628
63629
63635
63648
63650
63656
63662
63669
63671
63673
63676
63678
63679
63683
63715
63744
63747
63762
63766
63776
63783
63797
63801
63826
63845
63846
63855
63857
63875
63881
63885
63897
63903
63907
63909
63921
63930
63960
63962
63968
63971
63978
64012
64015
64024
64052
64056
64064
64067
64075
64080
64081
64104
64106
64110
64112
64117
64123
64136
64152
64155
64157
64159
64173
64190
64192
64203
64204
64214
64220
64221
64223
64224
64231
64233
64235
64242
64248
64252
64256
64267
64278
64283
64288
64290
64292
64298
64299
64308
64323
64326
64332
64339
64343
64346
64349
64355
64357
64360
64387
64407
64408
64412
64414
64424
64426
64428
64436
64498
64503
64506
64513
64519
64522
64528
64537
64550
64556
64568
64580
64586
64590
64593
64594
64597
64600
64610
64620
64628
64631
64637
64646
64647
64664
64665
64666
64667
64670
64672
64674
64697
64699
64706
64708
64709
64711
64714
64718
64734
64736
64739
64740
64742
64750
64752
64754
64756
64758
64773
64775
64799
64800
64802
64820
64822
64824
64826
64827
64830
64834
64841
64845
64847
64936
64945
64946
64948
64950
64951
64975
64977
65017
65020
65039
65044
65056
65118
65138
65140
65154
65155
65160
65161
65162
65171
65174
65175
65176
65178
65179
65180
65182
65187
65188
65189
65222
65224
65228
65230
65250
65253
65255
65256
65257
65307
65341
65414
65431
65445
65467
65489
65496
65503
65531
65533
65535
65539
65542
65551
65559
65562
65567
65575
65596
65609
65652
65666
65702
65737
65738
65744
65746
65761
65762
65781
65784
65794
65808
65876
65906
65907
65917
65920
65936
65955
65962
65965
65972
65973
65975
65987
66000
66002
66040
66047
66050
66058
66059
66111
66114
66122
66142
66145
66146
66156
66157
66159
66160
66163
66165
66193
66195
66196
66199
66201
66202
66203
66205
66209
66210
66232
66244
66246
66250
66257
66262
66264
66271
66288
66289
66291
66293
66295
66296
66298
66301
66302
66304
66305
66306
66308
66316
66341
66343
66350
66353
66380
66381
66383
66385
66387
66389
66391
66393
66394
66395
66398
66399
66402
66404
66405
66424
66426
66428
66446
66449
66450
66451
66453
66497
66499
66544
66547
66553
66557
66609
66626
66628
66634
66636
66638
66656
66657
66658
66659
66661
66662
66665
66667
66668
66671
66678
66680
66682
66683
66684
66685
66687
66688
66715
66717
66719
66721
66732
66737
66748
66750
66753
66754
66755
66757
66758
66788
66793
66798
66799
66800
66801
66804
66805
66806
66807
66809
66810
66811
66812
66813
66814
66816
66818
66821
66822
66823
66825
66826
66828
66833
66836
66838
66839
66847
66848
66850
66852
66863
66864
66865
66866
66868
66888
66918
66920
66921
66924
66966
66970
66974
66975
66976
66977
66980
66981
66982
66983
66984
66986
66987
66988
66995
66997
66998
66999
67000
67001
67005
67014
67018
67096
67113
67120
67121
67122
67123
67149
67153
67171
67173
67191
67197
67215
67216
67217
67244
67245
67248
67249
67253
67272
67273
67275
67276
67278
67279
67280
67288
67291
67333
67334
67336
67345
67397
67400
67407
67412
67415
67416
67418
67419
67421
67423
67433
67434
67435
67437
67440
67442
67443
67460
67489
67491
67517
67527
67528
67529
67531
67533
67535
67536
67537
67538
67540
67541
67543
67547
67552
67554
67564
67585
67590
67591
67592
67595
67613
67638
67640
67641
67649
67672
67673
67674
67688
67690
67691
67693
67696
67756
67784
67836
67853
67860
67862
67866
67881
67883
67884
67885
67887
67888
67891
67893
67894
67895
67898
67904
67908
67911
67943
67944
67946
67949
67969
67977
67985
68001
68002
68003
68018
68019
68030
68031
68032
68037
68038
68041
68043
68058
68062
68064
68068
68071
68072
68089
68096
68100
68101
68102
68118
68119
68126
68127
68128
68133
68140
68147
68180
68253
68314
68316
68326
68327
68330
68331
68342
68364
68394
68400
68401
68402
68411
68412
68413
68414
68415
68422
68423
68430
68452
68459
68466
68467
68473
68474
68476
68477
68482
68483
68484
68485
68486
68509
68510
68513
68514
68515
68557
68558
68562
68563
68565
68566
68568
68569
68575
68577
68578
68583
68584
68585
68586
68618
68619
68620
68621
68622
68623
68624
68625
68626
68627
68628
68629
68630
68631
68632
68633
68634
68635
68636
68637
68638
68669
68675
68682
68684
68688
68690
68692
68700
68702
68710
68711
68712
68713
68714
68715
68740
68752
68774
68779
68782
68787
68810
68848
68877
68989
69022
69122
69128
69131
69137
69147
69163
69167
69214
69216
69327
69366
69367
69368
69369
69373
69378
69395
69396
69416
69420
69421
69441
69443
69470
69493
69517
69518
69519
69521
69522
69542
69562
69568
69570
69571
69582
69589
69616
69620
69627
69628
69630
69631
69662
69678
69680
69681
69682
69683
69685
69686
69688
69689
69691
69692
69718
69719
69720
69722
69723
69725
69727
69728
69730
69731
69768
69772
69785
69810
69812
69820
69833
69836
69838
69839
69841
69843
69849
69882
69883
69885
69886
69926
69927
69929
69930
69933
69961
69966
69969
69997
69998
70025
70026
70137
70138
70139
70144
70146
70147
70151
70188
70189
70198
70199
70200
70207
70215
70216
70221
70224
70227
70228
70230
70231
70232
70233
70235
70238
70239
70242
70243
70246
70257
70258
70259
70266
70268
70275
70276
70277
70287
70308
70316
70317
70341
70342
70343
70350
70351
70354
70364
70371
70372
70384
70408
70427
70435
70440
70442
70457
70472
70519
70524
70526
70527
70543
70555
70572
70576
70577
70593
70599
70627
70644
70645
70659
70663
70665
70672
70674
70681
70705
70713
70715
70718
70719
70757
70760
70763
70770
70772
70782
70785
70802
70806
70808
70809
70811
70816
70818
70819
70827
70838
70839
70842
70858
70859
70863
70866
70868
70870
70872
70873
70884
70895
70902
70904
70907
70916
70919
70926
70930
70932
70946
70952
70958
70971
70974
70975
70979
70985
70987
70991
71003
71005
71011
71027
71047
71057
71063
71070
71092
71100
71109
71119
71127
71134
71138
71147
71150
71151
71164
71165
71175
71178
71182
71193
71195
71204
71205
71211
71228
71237
71248
71250
71253
71255
71270
71296
71305
71318
71320
71340
71344
71347
71354
71357
71374
71400
71477
71480
71485
71486
71488
71489
71491
71492
71493
71503
71527
71549
71550
71554
71555
71570
71578
71587
71591
71592
71605
71612
71623
71626
71631
71633
71638
71644
71660
71664
71666
71671
71689
71709
71762
71770
71796
71800
71807
71827
71838
71862
71864
71865
71867
71870
71873
71875
71878
71881
71903
71912
71928
71929
71931
71932
71934
71937
71964
71966
71971
71978
71999
72002
72004
72014
72020
72032
72046
72055
72057
72060
72077
72086
72143
72144
72190
72201
72217
72233
72256
72278
72281
72301
72323
72325
72329
72352
72361
72368
72375
72401
72411
72413
72420
72422
72440
72454
72457
72459
72462
72463
72469
72485
72487
72491
72494
72509
72522
72527
72532
72546
72560
72565
72572
72600
72610
72622
72630
72695
72699
72706
72710
72713
72714
72718
72722
72726
72730
72741
72743
72773
72774
72776
72791
72794
72809
72824
72837
72863
72938
72950
72957
72979
72983
72986
72989
72992
72995
73002
73008
73012
73014
73018
73020
73025
73026
73028
73032
73040
73044
73045
73046
73113
73114
73116
73118
73119
73121
73154
73180
73184
73185
73195
73200
73205
73206
73210
73211
73213
73215
73217
73219
73221
73223
73229
73232
73236
73266
73285
73286
73288
73346
73347
73348
73351
73378
73383
73390
73395
73397
73400
73411
73417
73421
73426
73433
73434
73435
73436
73448
73458
73462
73465
73468
73471
73548
73576
73577
73578
73579
73580
73583
73584
73594
73598
73641
73654
73655
73656
73657
73658
73659
73660
73662
73664
73667
73696
73698
73703
73743
73751
73753
73756
73757
73763
73764
73789
73812
73815
73816
73865
73895
73902
73919
73957
73960
73961
73962
73963
73971
73972
73976
73977
73991
74002
74015
74016
74019
74025
74026
74043
74051
74052
74060
74061
74062
74063
74064
74065
74066
74067
74068
74096
74098
74108
74115
74117
74122
74128
74129
74145
74157
74161
74165
74166
74170
74184
74188
74190
74197
74199
74203
74204
74225
74238
74239
74240
74262
74271
74278
74280
74281
74347
74348
74349
74361
74371
74378
74390
74393
74397
74399
74400
74401
74403
74406
74409
74412
74432
74434
74449
74455
74463
74473
74480
74496
74567
74579
74587
74594
74602
74606
74615
74618
74619
74635
74642
74646
74647
74672
74673
74674
74689
74693
74732
74746
74749
74751
74753
74785
74786
74787
74788
74789
74793
74794
74798
74801
74804
74807
74810
74813
74836
74840
74842
74843
74844
74845
74925
74931
74936
74941
74942
74944
74946
74949
74950
74952
74987
74998
75019
75020
75021
75023
75024
75029
75078
75087
75090
75092
75098
75100
75102
75106
75110
75114
75116
75121
75124
75125
75127
75128
75171
75181
75187
75188
75197
75201
75202
75204
75221
75245
75251
75253
75255
75257
75260
75262
75267
75269
75285
75307
75309
75311
75313
75315
75317
75325
75330
75347
75349
75363
75371
75409
75420
75421
75431
75433
75435
75439
75442
75444
75448
75470
75615
75631
75888
75901
75905
75926
75939
75952
75956
75973
75974
75977
75978
75984
75985
76000
76007
76009
76011
76015
76016
76020
76028
76029
76067
76068
76073
76086
76099
76110
76112
76117
76119
76120
76126
76130
76135
76136
76201
76202
76209
76212
76240
76241
76244
76247
76335
76434
76511
76513
76514
76517
76519
76520
76528
76531
76534
76551
76552
76571
76573
76582
76584
76592
76593
76595
76596
76597
76598
76601
76602
76603
76609
76610
76611
76612
76613
76614
76615
76616
76617
76675
76676
76677
76683
76684
76685
76724
76728
76734
76735
76736
76738
76739
76740
76741
76742
76743
76744
76745
76746
76747
76748
76749
76750
76751
76752
76753
76754
76755
76756
76757
76758
76759
76760
76761
76777
76782
76789
76790
76791
76842
76919
76920
76921
76922
76923
76946
76949
76951
76953
76961
76965
76971
76975
76980
77001
77003
77004
77007
77009
77011
77012
77013
77019
77042
77048
77052
77057
77071
77075
77083
77086
77095
77096
77097
77098
77099
77100
77122
77126
77149
77209
77211
77213
77214
77215
77221
77223
77224
77228
77229
77230
77231
77235
77236
77237
77250
77254
77255
77256
77285
77302
77304
77316
77317
77318
77343
77346
77392
77413
77417
77418
77419
77420
77424
77426
77427
77451
77505
77506
77508
77509
77515
77516
77519
77558
77593
77594
77596
77601
77603
77629
77631
77634
77652
77664
77690
77695
77717
77726
77729
77742
77760
77773
77775
78018
78097
78436
78448
78450
78488
78493
78495
78497
78504
78571
78572
78574
78625
78677
78678
78743
78807
78809
78811
78812
78813
78826
78827
78846
78847
79003
79014
79015
79016
79042
79084
79130
79147
79148
79154
79156
79161
79174
79185
79193
79194
79195
79215
79224
79227
79230
79237
79238
79260
79266
79269
79272
79277
79278
79279
79286
79292
79324
79329
79351
79352
79353
79369
79372
79373
79377
79390
79399
79422
79423
79424
79425
79429
79463
79517
79519
79520
79528
79585
79592
79594
79597
79603
79604
79605
79606
79607
79608
79609
79611
79618
79619
79620
79621
79622
79623
79624
79628
79629
79630
79631
79641
79672
79682
79692
79693
79694
79698
79700
79701
79718
79720
79721
79724
79726
79727
79728
79729
79731
79732
79733
79734
79736
79738
79742
79743
79745
79749
79750
79751
79760
79764
79791
79792
79793
79795
79807
79808
79815
79816
79817
79819
79826
79836
79843
79851
79853
79856
79858
79861
79868
79877
79897
79902
79917
79923
79936
79937
79946
79949
79956
79972
79974
79992
80017
80033
80082
80092
80131
80141
80150
80155
80161
80176
80177
80178
80190
80196
80198
80206
80207
80208
80211
80212
80213
80218
80220
80229
80247
80334
80341
80407
80444
80445
80446
80449
80450
80458
80459
80460
80461
80463
80464
80465
80469
80470
80472
80524
80543
80600
80614
80654
80662
80674
80675
80689
80697
80715
80722
80776
80823
80845
80846
80949
80958
80961
80992
81017
81019
81033
81048
81092
81093
81102
81106
81159
81166
81230
81283
81311
81312
81359
81373
81377
81380
81394
81404
81419
81489
81533
81554
81572
81593
81676
81682
81697
81714
81721
81769
81835
81867
81948
81963
82000
82007
82082
82088
82138
82151
82187
82231
82271
82277
82283
82314
82330
82364
82375
82377
82443
82447
82508
82542
82549
82560
82668
82698
82708
82709
82726
82759
82767
82786
82833
82841
82904
82905
82908
82924
82985
83029
83054
83056
83089
83122
83140
83147
83148
83160
83165
83185
83186
83215
83231
83250
83252
83267
83269
83281
83290
83315
83318
83330
83335
83353
83381
83389
83409
83479
83481
83483
83497
83500
83503
83522
83527
83532
83534
83562
83583
83604
83616
83624
83630
83637
83642
83655
83657
83661
83668
83676
83691
83695
83696
83698
83703
83756
83771
83778
83794
83803
83816
83860
83886
83890
83894
83918
83919
83941
83953
83965
83984
84000
84028
84044
84054
84088
84089
84093
84094
84095
84103
84133
84145
84147
84148
84150
84151
84153
84157
84214
84233
84304
84308
84310
84336
84354
84380
84386
84404
84430
84446
84458
84470
84471
84509
84511
84512
84520
84523
84526
84529
84538
84540
84543
84545
84547
84554
84555
84556
84558
84561
84562
84564
84569
84570
84572
84573
84575
84577
84579
84583
84584
84585
84587
84589
84590
84592
84602
84605
84607
84609
84610
84611
84613
84647
84659
84661
84667
84668
84669
84680
84682
84686
84688
84693
84703
84704
84707
84716
84721
84740
84742
84746
84766
84775
84777
84780
84782
84785
84788
84789
84793
84798
84799
84801
84805
84810
84812
84817
84826
84827
84831
84833
84839
84841
84857
84888
84892
84895
84897
84898
84902
84905
84907
84908
84913
84917
84920
84921
84927
84931
84932
84933
84934
84935
84940
84941
84944
84946
84952
84962
84973
84990
84991
84993
84994
84996
84997
84998
85000
85002
85022
85036
85039
85044
85045
85072
85078
85085
85089
85091
85093
85096
85099
85100
85142
85154
85163
85169
85173
85175
85177
85181
85187
85195
85213
85214
85215
85243
85258
85262
85267
85275
85290
85296
85297
85321
85328
85329
85330
85343
85348
85349
85372
85373
85391
85399
85405
85426
85452
85479
85489
85510
85521
85562
85588
85592
85634
85639
85641
85655
85656
85659
85661
85663
85693
85699
85716
85720
85726
85791
85800
85816
85828
85829
85841
85875
85881
85921
85941
85948
85952
85968
86037
86047
86064
86071
86073
86078
86088
86101
86116
86156
86160
86161
86163
86164
86165
86167
86168
86172
86208
86240
86277
86310
86311
86323
86346
86360
86374
86437
86471
86477
86483
86484
86490
86552
86561
86569
86570
86582
86595
86630
86646
86653
86684
86713
86734
86749
86765
86767
86769
86775
86796
86807
86818
86819
86821
86824
86826
86831
86851
86852
86853
86865
86921
86926
86927
86929
86935
86951
86953
86955
86957
86959
86963
86973
86993
86998
87017
87025
87042
87045
87047
87051
87122
87125
87178
87179
87182
87184
87225
87305
87318
87321
87322
87323
87325
87337
87358
87363
87365
87473
87541
87542
87554
87556
87557
87558
87559
87560
87561
87563
87564
87565
87566
87567
87568
87569
87570
87571
87572
87573
87575
87576
87577
87578
87579
87580
87581
87582
87583
87584
87585
87586
87587
87589
87591
87592
87593
87594
87595
87596
87597
87598
87599
87604
87605
87606
87607
87608
87609
87619
87620
87621
87622
87623
87624
87625
87626
87627
87628
87629
87630
87631
87632
87633
87634
87635
87636
87637
87638
87639
87640
87641
87642
87643
87644
87645
87646
87647
87648
87679
87691
87692
87693
87694
87695
87696
87697
87854
87869
87893
88034
88079
88086
88108
88111
88113
88129
88130
88147
88150
88190
88212
88218
88232
88240
88259
88298
88306
88315
88414
88416
88422
88442
88446
88457
88465
88479
88499
88527
88547
88609
88615
88694
88702
88844
88868
88912
88935
88939
88940
88957
88961
88987
89003
89010
89048
89089
89167
89172
89193
89269
89285
89299
89335
89344
89363
89400
89419
89456
89458
89463
89464
89486
89494
89563
89600
89616
89633
89706
89713
89766
89776
89788
89796
89988
90015
90016
90017
90022
90036
90039
90041
90086
90101
90105
90106
90111
90115
90123
90138
90175
90210
90217
90218
90229
90244
90245
90247
90269
90300
90304
90312
90332
90344
90348
90351
90352
90354
90356
90358
90359
90361
90364
90367
90370
90376
90377
90401
90428
90435
90439
90443
90446
90457
90460
90481
90482
90486
90487
90557
90561
90563
90564
90567
90608
90661
90715
90893
90894
90895
90896
90897
90898
90899
90900
90901
90902
90903
90904
90905
90906
90943
90944
90947
90948
90954
90955
90958
90959
90969
90970
90972
90973
90984
90985
90988
90990
91000
91011
91018
91070
91109
91110
91111
91125
91126
91127
91128
91134
91135
91136
91137
91138
91139
91140
91141
91142
91150
91151
91156
91157
91158
91159
91160
91161
91162
91163
91164
91165
91166
91167
91171
91172
91173
91204
91205
91208
91209
91212
91213
91216
91217
91224
91225
91285
91286
91287
91288
91289
91290
91292
91295
91296
91297
91298
91299
91300
91301
91302
91303
91304
91305
91306
91307
91308
91309
91310
91311
91312
91313
91314
91315
91316
91317
91318
91319
91320
91321
91322
91324
91325
91326
91327
91328
91331
91332
91333
91334
91335
91336
91337
91338
91339
91340
91341
91342
91343
91344
91345
91346
91347
91348
91381
91407
91423
91434
91460
91479
91487
91488
91503
91505
91512
91513
91514
91515
91520
91521
91528
91531
91573
91578
91607
91627
91628
91648
91789
91801
91811
91813
91815
91816
91817
91834
91841
91852
91853
91857
91861
91900
91907
91909
91922
91923
91929
91930
91935
91952
91958
91959
91960
91961
91965
91974
91981
91988
92001
92006
92007
92011
92014
92015
92032
92033
92037
92043
92044
92059
92067
92068
92088
92092
92095
92101
92118
92127
92129
92135
92143
92144
92146
92148
92151
92152
92154
92163
92167
92174
92178
92179
92182
92183
92184
92185
92186
92187
92188
92189
92190
92191
92192
92195
92196
92197
92199
92207
92208
92214
92219
92283
92285
92287
92289
92309
92327
92374
92401
92452
92453
92454
92457
92464
92465
92474
92504
92505
92540
92548
92550
92558
92564
92581
92583
92604
92605
92618
92624
92625
92629
92630
92631
92632
92638
92647
92648
92654
92658
92666
92676
92692
92698
92729
92733
92743
92756
92760
92766
92771
92787
92790
92799
92802
92809
92812
92817
92824
92826
92828
92831
92847
92856
92859
92863
92864
92865
92869
92872
92874
92878
92879
92880
92881
92882
92883
92885
92887
92888
92889
92890
92891
92892
92893
92894
92895
92897
92898
92899
92900
92901
92902
92903
92905
92906
92907
92908
92909
92910
92911
92912
92913
92915
92916
92917
92918
92919
92920
92921
92922
92923
92924
92928
92929
92930
92931
92932
92935
92936
92937
92938
92939
92940
92941
92942
92943
92944
92945
92946
92947
92948
92949
92950
92951
92952
92953
92954
92955
92956
92957
92958
92959
92960
92961
92962
92963
92964
92966
92969
92970
92971
92972
92973
93115
93164
93181
93183
93194
93209
93215
93249
93299
93308
93314
93324
93325
93326
93327
93328
93329
93330
93331
93336
93337
93338
93339
93341
93342
93344
93364
93458
93470
93485
93486
93488
93495
93510
93522
93523
93524
93527
93531
93532
93541
93542
93544
93550
93553
93564
93565
93566
93568
93573
93574
93608
93609
93611
93618
93623
93651
93656
93657
93659
93664
93668
93685
93686
93688
93719
93720
93755
93760
93761
93766
93770
93771
93776
93805
93836
93845
93849
93878
93879
93896
93932
93987
93990
94124
94125
94126
94128
94137
94138
94142
94157
94158
94172
94174
94175
94181
94192
94223
94226
94234
94235
94240
94252
94256
94286
94287
94290
94291
94294
94296
94304
94351
94366
94368
94376
94377
94382
94383
94384
94385
94395
94396
94397
94398
94399
94400
94409
94412
94415
94416
94417
94418
94419
94420
94422
94424
94429
94431
94432
94436
94463
94466
94482
94493
94498
94499
94500
94509
94525
94527
94530
94531
94534
94555
94559
94571
94573
94597
94609
94611
94617
94626
94721
94741
94801
94879
94913
94914
94915
94916
94917
94918
94939
94940
94941
94942
94943
94944
94945
94970
95025
95026
95027
95028
95037
95041
95042
95043
95044
95045
95046
95047
95048
95049
95154
95155
95156
95157
95158
95167
95193
95194
95195
95196
95197
95198
95199
95200
95233
95236
95237
95240
95241
95244
95248
95251
95252
95253
95261
95264
95265
95267
95268
95269
95270
95271
95272
95326
95339
95384
95414
95416
95419
95428
95448
95579
95632
95653
95659
95664
95689
95709
95746
95766
95775
95788
95855
95859
95886
95888
95890
95891
95892
95903
95905
95939
95940
95941
95943
95951
95960
95962
95965
95966
95971
95972
95975
95976
95994
96029
96031
96056
96158
96178
96184
96296
96323
96448
96452
96461
96511
96521
96542
96548
96563
96572
96580
96587
96605
96622
96624
96635
96677
96690
96757
96787
96790
96793
96794
96795
96796
96798
96812
96887
96924
96926
96961
97013
97061
97083
97097
97104
97120
97128
97223
97263
97278
97296
97332
97340
97349
97413
97415
97418
97426
97434
97442
97446
97455
97457
97469
97505
97521
97525
97599
97602
97609
97621
97647
97659
97677
97685
97714
97736
97767
97819
97855
97890
97893
97996
98012
98019
98037
98100
98104
98131
98149
98154
98172
98182
98235
98262
98299
98330
98368
98394
98401
98424
98426
98431
98453
98465
98509
98513
98525
98592
98597
98611
98620
98642
98674
98683
98694
98702
98724
98725
98731
98735
98761
98797
98816
98862
98892
98896
98981
98985
98991
99075
99089
99095
99110
99119
99147
99186
99227
99241
99303
99307
99383
99401
99404
99439
99442
99446
99449
99479
99488
99526
99540
99551
99555
99564
99570
99622
99636
99664
99666
99739
99790
99812
99856
99950
100041
100060
100157
100240
100298
100334
100341
100355
100392
100448
100452
100473
100504
100507
100544
100575
100636
100666
100671
100672
100683
100693
100715
100797
100822
100846
100890
100908
100924
100968
100978
100996
101025
101153
101155
101160
101172
101177
101187
101193
101208
101259
101293
101308
101312
101315
101316
101358
101361
101363
101369
101441
101478
101492
101562
101568
101602
101620
101653
101656
101660
101665
101688
101736
101745
101758
101773
101792
101799
101821
101900
102016
102025
102053
102107
102130
102132
102146
102147
102184
102246
102277
102305
102332
102395
102400
102410
102421
102428
102455
102457
102474
102507
102522
102551
102560
102599
102640
102648
102686
102748
102819
102866
102894
102923
102936
102942
102960
103010
103025
103062
103099
103119
103122
103172
103175
103191
103210
103217
103226
103252
103267
103269
103296
103299
103303
103304
103311
103315
103320
103321
103322
103323
103326
103336
103337
103338
103359
103360
103362
103391
103397
103399
103402
103404
103407
103408
103409
103419
103421
103437
103449
103452
103453
103454
103460
103461
103480
103482
103486
103487
103491
103494
103511
103650
103651
103655
103693
103722
103731
103733
103734
103735
103747
103762
103763
103765
103770
103772
103773
103784
103818
103819
103838
103859
103860
103861
103878
103883
103884
103910
103937
103988
103989
103990
104029
104071
104075
104121
104124
104125
104136
104138
104142
104151
104154
104159
104161
104180
104188
104193
104197
104202
104204
104216
104217
104266
104341
104362
104374
104376
104382
104383
104385
104390
104418
104419
104427
104431
104442
104448
104480
104481
104523
104529
104541
104544
104564
104610
104614
104617
104618
104632
104657
104683
104695
104706
104713
104717
104746
104754
104758
104779
104793
104810
104870
104888
104889
104913
104914
104949
104965
105007
105012
105017
105018
105019
105027
105033
105040
105041
105050
105055
105062
105098
105151
105187
105220
105223
105232
105244
105261
105280
105313
105320
105347
105415
105482
105489
105521
105532
105540
105585
105597
105601
105605
105608
105701
105712
105777
105796
105809
105912
105939
105953
105983
105992
105998
106142
106195
106230
106258
106281
106324
106382
106384
106437
106456
106478
106493
106571
106591
106595
106598
106646
106648
106653
106662
106697
106724
106727
106742
106744
106843
106867
106878
106891
106915
106928
106973
107003
107055
107074
107092
107104
107129
107153
107180
107209
107239
107266
107286
107320
107329
107364
107366
107378
107383
107384
107400
107414
107417
107444
107446
107659
107662
107678
107680
107692
107696
107699
107711
107718
107720
107723
107739
107741
107806
107809
107814
107820
107832
107874
107883
107889
107906
107909
107914
107915
107932
107937
107938
107958
107972
107977
107981
107983
107986
107988
107989
107991
107992
107993
107994
107995
107996
108014
108016
108017
108035
108053
108054
108056
108058
108063
108073
108074
108076
108079
108109
108110
108114
108117
108119
108229
108239
108289
108307
108349
108357
108424
108431
108456
108486
108491
108534
108545
108559
108617
108636
108652
108659
108698
108749
108753
108757
108772
108857
108922
108933
108935
108941
109001
109010
109015
109043
109055
109292
109322
109329
109375
109507
109529
109547
109617
109642
109651
109666
109680
109707
109709
109721
109735
109740
109749
109762
109782
109787
109814
109860
109882
109885
109913
109942
110029
110108
110138
110162
110203
110212
110240
110246
110250
110256
110285
110363
110391
110411
110413
110415
110432
110495
110529
110548
110599
110622
110626
110652
110664
110748
110760
110767
110803
110841
110878
110889
110890
110946
110955
110962
110984
111007
111019
111053
111084
111092
111267
111285
111290
111294
111296
111310
111321
111332
111449
111452
111479
111542
111560
111566
111574
111578
111594
111609
111682
111725
111773
111795
111804
111845
111883
111900
111914
111919
111944
111980
111996
112039
112048
112063
112133
112180
112181
112193
112227
112233
112293
112322
112391
112409
112411
112448
112481
112486
112541
112566
112578
112664
112686
112705
112709
112712
112764
112768
112784
112803
112827
112829
112888
112913
112959
112978
113008
113036
113050
113068
113072
113081
113108
113117
113137
113140
113144
113186
113199
113202
113230
113234
113235
113241
113313
113353
113364
113380
113387
113400
113423
113432
113457
113460
113475
113477
113487
113505
113517
113529
113543
113575
113580
113582
113598
113610
113621
113635
113637
113651
113667
113694
113696
113716
113852
113856
113865
113874
113875
113894
113933
113937
113960
113979
113981
114001
114054
114101
114125
114146
114153
114178
114228
114240
114263
114279
114295
114297
114366
114392
114438
114454
114491
114492
114505
114524
114526
114528
114590
114610
114620
114655
114676
114680
114700
114703
114727
114734
114737
114822
114838
114840
114847
114883
114952
115005
115038
115066
115084
115102
115111
115133
115135
115260
115282
115283
115294
115296
115299
115309
115316
115317
115319
115326
115327
115328
115330
115341
115343
115344
115351
115352
115364
115379
115399
115448
115450
115451
115452
115460
115468
115474
115476
115477
115481
115484
115486
115500
115501
115502
115506
115507
115510
115515
115522
115534
115542
115544
115584
115609
115620
115627
115630
115638
115639
115721
115725
115726
115734
115791
115800
115804
115808
115825
115835
115845
115861
115911
115917
115925
115943
115968
115970
115993
115994
115995
116012
116013
116015
116017
116019
116024
116027
116043
116050
116054
116057
116075
116079
116123
116130
116131
116143
116144
116145
116147
116149
116150
116154
116156
116157
116159
116161
116163
116165
116170
116178
116179
116190
116191
116192
116196
116200
116203
116209
116210
116212
116218
116223
116227
116242
116244
116248
116250
116251
116256
116258
116273
116275
116276
116301
116303
116305
116306
116320
116323
116324
116325
116328
116331
116333
116334
116335
116416
116439
116440
116474
116475
116520
116533
116536
116537
116540
116548
116646
116647
116648
116650
116757
116811
116813
116830
116891
116953
116967
116970
116973
116986
117006
117016
117023
117044
117069
117179
117201
117215
117228
117229
117237
117279
117311
117352
117355
117358
117428
117450
117470
117478
117564
117589
117594
117606
117615
117622
117634
117674
117689
117693
117725
117819
117823
117828
117834
117842
117857
117904
117908
117941
117955
118010
118014
118020
118027
118048
118053
118057
118058
118082
118085
118155
118184
118185
118237
118247
118306
118309
118316
118326
118351
118462
118469
118497
118522
118578
118580
118629
118633
118638
118664
118716
118718
118723
118741
118749
118754
118773
118776
118904
118923
118980
119047
119053
119055
119076
119089
119174
119272
119284
119338
119349
119364
119418
119438
119467
119597
119602
119615
119624
119651
119665
119670
119761
119774
119825
119835
119844
119908
120018
120023
120044
120048
120075
120102
120109
120182
120193
120195
120204
120213
120218
120220
120251
120268
120305
120364
120369
120387
120404
120461
120469
120470
120474
120490
120496
120512
120520
120537
120556
120558
120568
120634
120644
120657
120659
120728
120731
120738
120777
120787
120793
120800
120810
120812
120904
120909
120948
121011
121048
121086
121089
121118
121125
121137
121140
121175
121259
121302
121319
121321
121345
121364
121366
121401
121403
121405
121431
121440
121479
121507
121536
121553
121600
121602
121613
121619
121672
121757
121794
121851
121862
121895
121901
121918
121986
122081
122086
122099
122124
122126
122134
122143
122145
122155
122228
122253
122257
122280
122293
122328
122377
122433
122436
122449
122466
122476
122485
122508
122559
122586
122623
122629
122635
122696
122731
122743
122760
122765
122776
122783
122785
122799
122803
122817
122826
122869
122895
122897
122961
123024
123117
123155
123159
123165
123170
123183
123310
123313
123319
123364
123391
123438
123444
123488
123506
123516
123519
123563
123569
123633
123652
123672
123687
123704
123746
123784
123824
123830
123832
123837
123875
123889
123910
123915
123942
123967
124018
124061
124101
124141
124150
124151
124153
124189
124212
124233
124252
124301
124303
124323
124425
124497
124513
124528
124533
124544
124546
124575
124581
124587
124589
124756
124761
124780
124794
124821
124856
124863
124895
124946
124977
124985
124993
125068
125089
125164
125219
125238
125247
125276
125281
125318
125335
125382
125387
125443
125447
125457
125505
125565
125569
125594
125637
125648
125660
125662
125691
125713
125754
125755
125764
125773
125784
125799
125846
125863
125868
125902
125909
125934
125951
126005
126018
126046
126049
126081
126123
126125
126156
126163
126166
126169
126182
126187
126192
126212
126216
126223
126236
126252
126265
126291
126329
126331
126340
126348
126379
126414
126461
126488
126510
126530
126602
126616
126659
126695
126707
126773
126787
126817
126834
126857
126864
126964
126967
127023
127047
127055
127061
127120
127145
127167
127174
127226
127240
127270
127271
127279
127314
127356
127359
127375
127405
127460
127522
127525
127572
127589
127617
127673
127699
127767
127818
127834
127845
127865
127885
127927
127972
128013
128036
128047
128072
128099
128102
128168
128170
128211
128224
128279
128287
128355
128395
128402
128439
128490
128514
128526
128550
128591
128658
128667
128679
128685
128701
128710
128714
128793
128819
128840
128852
128863
128865
128908
128933
128940
128974
128978
128988
129007
129019
129035
129043
129052
129054
129057
129066
129101
129110
129130
129131
129159
129165
129174
129186
129200
129216
129264
129268
129275
129310
129342
129358
129364
129369
129373
129381
129396
129399
129428
129450
129468
129475
129480
129498
129516
129530
129539
129565
129596
129605
129606
129636
129638
129646
129684
129695
129724
129802
129807
129875
129908
129933
129984
130011
130040
130050
130068
130076
130093
130122
130127
130145
130163
130179
130199
130249
130265
130267
130310
130318
130324
130371
130385
130422
130427
130467
130481
130493
130518
130546
130643
130699
130704
130705
130729
130740
130792
130812
130859
130865
130947
130955
130974
130995
131020
131043
131078
131098
131100
131106
131156
131235
131245
131257
131259
131292
131302
131341
131346
131351
131355
131360
131369
131394
131417
131460
131483
131488
131548
131549
131558
131561
131563
131567
131576
131610
131612
131635
131642
131657
131677
131683
131691
131798
131804
131834
131910
131922
131936
131946
131962
131967
131977
131978
131992
132023
132079
132088
132120
132166
132176
132221
132254
132351
132404
132434
132437
132455
132477
132480
132514
132518
132523
132542
132551
132560
132606
132629
132638
132660
132665
132672
132716
132724
132742
132766
132787
132887
132915
133015
133016
133035
133049
133068
133097
133118
133197
133202
133203
133216
133232
133250
133252
133298
133322
133327
133432
133487
133561
133651
133677
133693
133715
133745
133766
133802
133842
133890
133964
134049
134074
134099
134155
134170
134174
134179
134186
134212
134218
134252
134258
134270
134301
134362
134397
134407
134457
134523
134532
134579
134586
134629
134641
134648
134687
134693
134698
134706
134723
134728
134744
134747
134765
134767
134785
134796
134833
134836
134838
134851
134852
134854
134873
134895
134911
134920
134943
134945
134980
134986
135005
135007
135043
135092
135097
135134
135177
135202
135230
135231
135240
135311
135322
135336
135348
135355
135382
135397
135443
135484
135498
135502
135507
135518
135540
135556
135572
135583
135601
135614
135647
135715
135722
135724
135746
135780
135831
135845
135863
135887
135889
135894
135906
135951
135981
135998
136022
136063
136090
136106
136115
136137
136155
136207
136209
136220
136225
136300
136325
136329
136334
136338
136370
136375
136383
136384
136388
136394
136400
136418
136426
136429
136442
136455
136469
136486
136490
136506
136508
136531
136601
136613
136615
136648
136655
136676
136725
136728
136741
136744
136791
136804
136805
136812
136825
136841
136906
136923
136925
136929
136957
136966
136986
137014
137020
137022
137044
137049
137051
137054
137104
137128
137161
137219
137233
137256
137287
137299
137334
137350
137382
137387
137450
137456
137486
137501
137509
137517
137522
137523
137537
137564
137566
137577
137581
137596
137600
137606
137632
137635
137642
137660
137662
137682
137690
137712
137785
137802
137822
137865
137906
137911
137937
137944
137957
137979
137983
137991
138001
138011
138015
138028
138042
138068
138100
138106
138123
138148
138154
138156
138162
138165
138171
138176
138193
138194
138196
138198
138215
138227
138229
138230
138237
138242
138243
138258
138264
138281
138295
138296
138312
138332
138365
138369
138375
138399
138402
138405
138425
138432
138438
138447
138472
138519
138528
138556
138560
138573
138588
138611
138619
138658
138691
138697
138725
138737
138803
138807
138827
138847
138848
138872
138959
138976
138986
139076
139120
139123
139140
139159
139168
139205
139247
139249
139370
139399
139420
139447
139499
139501
139531
139545
139553
139570
139577
139581
139591
139625
139695
139706
139735
139798
139811
139818
139846
139902
139904
139911
139975
140040
140109
140119
140122
140153
140163
140191
140249
140267
140269
140272
140273
140295
140304
140365
140388
140414
140419
140421
140475
140491
140538
140562
140576
140587
140605
140608
140629
140640
140683
140691
140701
140731
140752
140776
140782
140815
140927
140933
140972
140989
141073
141084
141100
141131
141135
141166
141191
141195
141223
141226
141244
141270
141302
141328
141357
141373
141389
141423
141428
141438
141451
141466
141478
141495
141524
141528
141561
141566
141583
141614
141639
141654
141658
141676
141708
141717
141783
141785
141810
141821
141831
141855
141899
141908
141924
141951
141956
141984
141993
141999
142030
142055
142077
142097
142124
142129
142135
142138
142141
142143
142164
142173
142188
142203
142205
142210
142221
142293
142333
142353
142358
142364
142386
142390
142454
142466
142470
142490
142531
142548
142558
142581
142623
142633
142660
142729
142736
142815
142821
142872
142882
142906
142910
142912
142913
142924
142952
142968
142998
143058
143079
143098
143117
143123
143127
143275
143353
143379
143576
143585
143588
143643
143671
143709
143731
143762
143782
143791
143798
143834
143862
143875
143885
143960
143963
143967
143983
143987
144023
144058
144130
144155
144183
144212
144270
144354
144358
144368
144374
144388
144390
144407
144420
144426
144483
144493
144496
144511
144516
144524
144533
144540
144559
144575
144609
144654
144655
144659
144663
144664
144672
144675
144685
144694
144716
144749
144778
144804
144805
144835
144839
144840
144844
144848
144932
144958
144981
144997
145021
145026
145088
145116
145122
145125
145162
145188
145189
145220
145283
145295
145297
145314
145315
145341
145348
145385
145404
145408
145443
145495
145526
145577
145594
145647
145659
145718
145740
145763
145778
145785
145791
145861
145913
145935
145949
145965
145973
145977
145994
145999
146019
146021
146051
146053
146058
146063
146092
146116
146130
146170
146172
146190
146209
146214
146224
146288
146292
146308
146336
146354
146405
146450
146501
146525
146528
146581
146584
146598
146636
146647
146685
146692
146705
146730
146733
146737
146777
146797
146802
146819
146845
146860
146905
146923
146964
147072
147170
147219
147225
147249
147266
147303
147320
147354
147455
147490
147493
147572
147611
147614
147645
147676
147729
147801
147810
147821
147852
147870
147893
147954
147966
148003
148070
148077
148084
148089
148111
148134
148158
148171
148250
148301
148312
148325
148352
148361
148368
148407
148480
148488
148504
148520
148530
148597
148598
148604
148611
148624
148655
148656
148659
148668
148677
148678
148680
148691
148692
148711
148746
148750
148772
148773
148777
148797
148959
148971
148972
148978
148979
148980
148983
148987
148989
148991
149119
149153
149156
149159
149162
149165
149174
149178
149181
149184
149186
149187
149189
149192
149193
149199
149202
149203
149210
149214
149215
149222
149223
149224
149225
149303
149310
149322
149339
149366
149367
149370
149371
149372
149383
149439
149447
149453
149472
149485
149538
149554
149557
149560
149574
149575
149577
149578
149580
149582
149607
149609
149624
149625
149636
149637
149646
149651
149659
149661
149662
149663
149664
149695
149700
149703
149713
149728
149769
149773
149777
149779
149788
149789
149821
149833
149836
149838
149839
149841
149842
149843
149849
149852
149859
149869
149871
149898
149906
149916
149919
149926
149935
149953
149984
150003
150045
150098
150099
150104
150166
150204
150208
150209
150231
150232
150235
150248
150250
150253
150269
150272
150275
150285
150286
150287
150290
150330
150331
150354
150423
150441
150452
150463
150465
150467
150492
150494
150499
150500
150502
150506
150517
150519
150521
150522
150523
150552
150558
150560
150561
150569
150640
150676
150679
150684
150685
150689
150695
150697
150704
150706
150804
150807
150835
150837
150915
150916
150980
150987
151091
151097
151140
151205
151208
151230
151232
151257
151258
151260
151275
151286
151299
151325
151329
151354
151374
151377
151407
151408
151409
151410
151418
151482
151526
151532
151548
151552
151577
151593
151597
151631
151634
151638
151660
151664
151700
151741
151743
151780
151796
151810
151817
151825
151853
151879
151882
151891
151907
151918
151920
151938
151940
151974
151980
152032
152058
152072
152079
152087
152103
152104
152126
152148
152153
152160
152186
152191
152203
152209
152224
152279
152294
152359
152381
152464
152473
152517
152585
152674
152684
152713
152726
152727
152736
152738
152746
152750
152768
152790
152872
152883
152885
152898
152949
153018
153026
153070
153116
153117
153135
153151
153152
153153
153165
153167
153188
153217
153224
153260
153304
153305
153313
153336
153360
153376
153446
153481
153485
153488
153489
153494
153513
153521
153522
153553
153566
153580
153592
153594
153596
153640
153660
153663
153673
153700
153723
153725
153731
153732
153739
153774
153777
153779
153780
153783
153787
153813
153823
153825
153853
153931
153949
154019
154029
154031
154049
154051
154055
154063
154072
154076
154085
154096
154107
154118
154130
154133
154137
154141
154142
154143
154144
154145
154146
154147
154186
154218
154229
154280
154281
154284
154285
154286
154288
154292
154294
154306
154327
154342
154348
154379
154393
154395
154396
154397
154400
154429
154449
154459
154469
154476
154478
154499
154504
154512
154535
154548
154564
154565
154566
154589
154655
154689
154696
154703
154742
154748
154749
154786
154810
154817
154847
154858
154862
154875
154877
154935
154938
154959
154977
155011
155022
155031
155052
155083
155093
155137
155156
155158
155209
155229
155236
155238
155310
155316
155334
155361
155364
155366
155443
155462
155481
155500
155569
155573
155574
155591
155639
155656
155665
155692
155704
155717
155730
155817
155827
155830
155837
155857
155870
155895
155898
155910
155949
155991
156012
156060
156062
156107
156111
156149
156188
156223
156269
156296
156369
156402
156439
156441
156503
156514
156533
156543
156637
156653
156767
156780
156788
156791
156794
156826
156836
156852
156856
156859
156892
156915
156943
156958
156960
156963
157028
157047
157095
157107
157132
157139
157141
157155
157254
157257
157327
157393
157401
157416
157478
157505
157515
157547
157591
157602
157652
157679
157697
157737
157746
157750
157764
157766
157785
157791
157818
157830
157891
157900
157976
157994
158067
158140
158176
158187
158209
158232
158289
158311
158350
158409
158426
158431
158463
158507
158508
158514
158546
158556
158574
158586
158587
158620
158627
158635
158651
158671
158684
158706
158745
158749
158772
158798
158814
158823
158834
158884
159007
159063
159068
159085
159090
159112
159116
159123
159147
159207
159239
159249
159259
159275
159311
159334
159348
159362
159409
159429
159442
159461
159483
159503
159510
159520
159524
159554
159559
159561
159625
159688
159696
159710
159743
159752
159762
159834
159907
159937
160026
160079
160109
160120
160139
160140
160157
160200
160211
160246
160274
160285
160302
160317
160326
160339
160345
160364
160369
160375
160437
160452
160515
160523
160529
160537
160565
160569
160571
160601
160626
160629
160644
160656
160658
160661
160664
160667
160677
160681
160690
160709
160733
160751
160753
160772
160789
160795
160833
160855
160911
160938
160946
160958
161023
161032
161075
161143
161224
161278
161285
161303
161313
161362
161375
161381
161401
161423
161428
161432
161435
161486
161525
161535
161538
161553
161569
161590
161600
161614
161674
161681
161684
161699
161701
161705
161710
161724
161725
161735
161741
161760
161873
161907
161920
161931
161963
161989
162024
162029
162053
162057
162072
162080
162082
162094
162096
162102
162130
162160
162167
162196
162210
162236
162257
162282
162291
162321
162337
162339
162343
162360
162382
162397
162402
162404
162410
162455
162517
162555
162562
162571
162573
162588
162603
162612
162629
162632
162641
162648
162670
162679
162690
162724
162742
162785
162806
162816
162822
162826
162833
162855
162876
162909
162926
162968
162983
162992
163027
163080
163112
163123
163127
163129
163140
163154
163159
163175
163226
163227
163232
163288
163293
163327
163366
163390
163409
163429
163447
163482
163492
163493
163555
163580
163614
163616
163625
163653
163672
163681
163703
163776
163787
163794
163822
163824
163826
163848
163850
163919
163944
163952
163993
164019
164042
164061
164062
164063
164064
164067
164068
164070
164071
164072
164074
164079
164342
164343
164344
164473
164474
164475
164476
164477
164478
164479
164480
164481
164482
164483
164484
164485
164486
164555
164556
164559
164560
164563
164564
164567
164568
164571
164572
164573
164574
164585
164586
164593
164597
164598
164604
164605
164606
164607
164608
164699
164705
164709
164719
164726
164728
164730
164733
164742
164749
164790
164794
164801
164833
164838
164844
164845
164846
164847
165000
165018
165050
165056
165057
165065
165074
165079
165134
165191
165202
165218
165304
165309
165334
165339
165381
165384
165402
165568
165745
165870
165926
166008
166053
166110
166122
166130
166146
166181
166195
166212
166240
166302
166336
166359
166368
166402
166519
166522
166564
166624
166651
166674
166684
166694
166819
166954
166965
167041
167073
167077
167115
167156
167167
167276
167312
167429
167620
167657
167727
167871
167875
167931
167961
168022
168034
168060
168103
168193
168217
168224
168315
168354
168413
168441
168547
168578
168596
168611
168618
168630
168637
168748
168749
168824
168900
168906
168964
168981
168996
168998
169014
169039
169107
169114
169176
169197
169257
169262
169365
169404
169415
169445
169462
169534
169546
169566
169633
169715
169727
169750
169763
169787
169824
169877
169880
169957
169969
169972
169986
169999
170014
170091
170125
170131
170147
170163
170164
170195
170248
170305
170358
170369
170374
170392
170403
170432
170437
170453
170467
170474
170514
170555
170569
170571
170639
170646
170648
170651
170662
170673
170691
170693
170718
170725
170750
170779
170784
170793
170807
170834
170856
170866
170877
170886
170901
170904
170921
170962
170999
171019
171039
171082
171090
171096
171101
171103
171106
171117
171121
171135
171146
171162
171166
171177
171178
171186
171198
171205
171267
171272
171332
171339
171350
171399
171408
171425
171447
171451
171458
171462
171476
171488
171490
171503
171510
171519
171723
171729
171742
171797
171832
171882
171910
171984
171995
172006
172050
172111
172122
172145
172152
172202
172232
172283
172304
172437
172445
172453
172477
172512
172520
172529
172552
172554
172569
172584
172640
172647
172650
172664
172682
172704
172757
172762
172827
172863
172868
172895
172914
172938
172951
172973
172980
172994
172998
173005
173012
173021
173070
173077
173105
173114
173143
173166
173177
173217
173227
173266
173276
173297
173316
173323
173337
173356
173372
173376
173472
173482
173506
173516
173569
173658
173669
173678
173762
173804
173862
173871
173888
173904
173912
173920
173950
174000
174006
174012
174017
174046
174071
174078
174082
174091
174100
174109
174115
174165
174197
174201
174239
174242
174246
174261
174265
174281
174286
174292
174297
174306
174339
174373
174448
174462
174470
174477
174495
174523
174566
174588
174591
174597
174599
174600
174606
174662
174667
174702
174736
174742
174750
174759
174779
174781
174797
174802
174821
174836
174860
174888
174935
174936
174963
174978
175006
175022
175094
175121
175137
175181
175185
175192
175253
175255
175262
175276
175308
175312
175318
175323
175335
175411
175434
175462
175464
175486
175488
175516
175559
175565
175577
175589
175610
175629
175635
175664
175751
175760
175804
175810
175827
175843
175894
175935
175939
175993
176002
176023
176059
176087
176088
176118
176127
176130
176134
176153
176187
176190
176303
176351
176353
176366
176396
176409
176432
176488
176513
176529
176558
176561
176564
176568
176597
176615
176620
176623
176680
176711
176765
176767
176770
176783
176792
176803
176819
176836
176846
176889
176909
176916
176945
176980
177003
177132
177151
177163
177188
177214
177221
177239
177258
177272
177283
177314
177316
177321
177341
177348
177372
177404
177426
177439
177459
177498
177507
177512
177514
177538
177542
177543
177582
177596
177622
177656
177684
177700
177702
177767
177792
177834
177851
177855
177871
177986
178057
178074
178111
178132
178136
178165
178175
178183
178190
178192
178238
178265
178338
178352
178366
178404
178409
178421
178444
178471
178489
178514
178548
178587
178662
178708
178732
178736
178753
178756
178775
178810
178823
178843
178861
178951
178960
178971
178999
179019
179108
179150
179160
179218
179237
179243
179266
179289
179342
179343
179346
179350
179364
179380
179387
179432
179447
179477
179490
179557
179568
179572
179581
179584
179604
179653
179656
179673
179697
179706
179709
179715
179825
179839
179850
179866
179896
179902
179959
179975
180012
180018
180021
180040
180043
180069
180076
180090
180274
180356
180358
180360
180362
180422
180441
180466
180471
180504
180509
180516
180520
180545
180553
180560
180562
180565
180572
180603
180611
180661
180663
180700
180921
180945
180958
180964
180989
181002
181038
181065
181076
181215
181219
181238
181251
181276
181298
181318
181323
181333
181345
181350
181399
181404
181444
181447
181553
181700
181718
181832
181853
181872
181887
181969
182003
182044
182104
182172
182199
182234
182239
182268
182323
182415
182534
182538
182634
182683
182703
182741
182800
182827
182865
182881
182890
182891
182906
182920
182989
183038
183103
183112
183227
183230
183318
183358
183417
183442
183447
183462
183492
183506
183517
183532
183573
183582
183595
183606
183646
183711
183717
183742
183780
183792
183805
183812
183817
183871
183875
183901
183941
183952
183979
184047
184088
184113
184118
184151
184158
184272
184292
184295
184368
184439
184465
184466
184477
184479
184493
184505
184588
184603
184608
184667
184683
184687
184715
184718
184764
184804
184809
184819
184841
184845
184864
184874
184897
184919
184959
185002
185045
185049
185069
185071
185204
185206
185250
185264
185300
185313
185330
185338
185356
185373
185417
185457
185498
185556
185621
185646
185653
185665
185702
185757
185843
185855
185861
185913
185934
185960
186008
186066
186069
186310
186322
186331
186348
186355
186358
186394
186416
186425
186461
186471
186494
186566
186601
186613
186618
186683
186693
186711
186720
186737
186750
186796
186858
186884
186895
186901
186906
186908
186914
186917
186926
186967
186971
186977
187006
187008
187032
187058
187078
187086
187093
187130
187176
187178
187188
187197
187219
187226
187259
187265
187340
187361
187372
187379
187386
187428
187441
187446
187502
187517
187552
187560
187569
187607
187621
187634
187640
187647
187676
187680
187694
187698
187709
187735
187787
187792
187796
187810
187835
187845
187867
187871
187912
187943
187945
188038
188062
188064
188070
188072
188113
188207
188211
188213
188235
188337
188351
188403
188476
188541
188563
188566
188586
188698
188756
188820
188870
188921
188930
188962
188967
189005
189049
189078
189120
189136
189172
189175
189188
189204
189237
189247
189283
189295
189303
189316
189376
189394
189446
189454
189460
189510
189564
189606
189607
189638
189670
189671
189721
189736
189742
189841
189846
189878
189889
189919
189933
189935
189936
189938
189942
189963
189967
189969
189971
189972
189981
189988
190004
190051
190076
190078
190103
190141
190174
190182
190189
190218
190238
190243
190262
190281
190290
190312
190314
190421
190458
190469
190501
190621
190659
190682
190702
190767
190778
190788
190864
190874
190897
190911
190918
190925
190926
190930
190939
190983
190996
191025
191051
191064
191069
191129
191131
191136
191141
191176
191192
191195
191199
191212
191230
191244
191349
191429
191444
191506
191546
191632
191636
191673
191678
191716
191744
191765
191799
191873
191885
191916
191934
191975
191980
191991
192002
192133
192197
192259
192272
192287
192360
192393
192425
192437
192484
192518
192545
192565
192599
192625
192651
192664
192743
192770
192774
192790
192848
192877
192949
192981
193002
193009
193025
193058
193074
193078
193089
193099
193101
193139
193146
193185
193201
193216
193316
193365
193399
193421
193427
193452
193478
193522
193538
193570
193588
193599
193616
193653
193664
193687
193689
193691
193804
193827
193860
193870
193914
193957
194004
194007
194016
194034
194047
194114
194122
194187
194208
194217
194223
194243
194269
194272
194327
194350
194362
194437
194455
194489
194653
194736
194783
194789
194851
194854
194927
194968
195035
195099
195104
195118
195136
195139
195216
195267
195344
195350
195360
195365
195454
195469
195482
195506
195586
195589
195592
195652
195683
195695
195778
195800
195803
195832
195836
195847
195855
195903
195964
195974
195978
196041
196051
196061
196065
196081
196084
196131
196133
196179
196183
196184
196196
196212
196222
196236
196280
196283
196314
196318
196320
196321
196322
196323
196324
196325
196338
196345
196353
196376
196378
196381
196383
196385
196391
196417
196424
196436
196463
196467
196520
196572
196590
196619
196643
196658
196685
196723
196829
196875
196891
196907
196948
196949
196952
197048
197166
197172
197181
197214
197251
197261
197264
197273
197316
197327
197338
197354
197357
197365
197407
197439
197445
197463
197468
197471
197500
197527
197533
197553
197603
197609
197632
197634
197639
197681
197700
197716
197743
197751
197762
197813
197818
197821
197842
197846
197847
197855
197867
197925
198018
198043
198085
198098
198102
198232
198235
198237
198263
198268
198277
198288
198304
198341
198377
198384
198413
198423
198505
198508
198602
198605
198607
198669
198675
198706
198708
198712
198721
198748
198760
198807
198828
198839
198849
198866
198872
198966
199010
199015
199073
199117
199166
199182
199244
199269
199281
199305
199325
199367
199380
199415
199426
199431
199438
199460
199487
199489
199494
199519
199526
199546
199551
199593
199599
199601
199622
199672
199718
199740
199781
199801
199813
199839
199955
199984
