73
74
75
87
88
247
248
271
272
360
361
362
380
381
427
549
550
553
554
569
571
572
583
584
701
702
703
739
740
741
742
743
754
755
756
768
769
773
774
775
776
856
857
869
870
872
877
878
901
902
916
917
922
923
1233
1234
1235
1236
1252
1503
1504
1505
1506
1507
1512
1513
1521
1522
1533
1534
1557
1558
1560
1561
1562
1563
1564
1565
1566
1567
1568
1569
1570
1571
1572
1573
1584
1585
1588
1589
1597
1599
1629
1630
1632
1633
1647
1648
1651
1652
1680
1681
1687
1692
1697
1698
1792
1793
1794
1808
1811
1841
1842
1843
1844
1845
1846
1847
1848
1849
1872
1873
1875
1876
1877
1878
1879
1880
1886
1887
1888
1889
1893
1919
1935
1936
1937
1938
1965
1966
1982
1983
1989
2053
2055
2063
2064
2066
2067
2086
2091
2093
2107
2118
2161
2179
2204
2214
2215
2216
2218
2220
2224
2231
2232
2236
2237
2238
2239
2272
2281
2282
2300
2320
2321
2323
2328
2367
2456
2477
2482
2491
2512
2654
2671
2672
2681
2724
2737
2768
2804
2893
2929
2930
2931
2954
2955
2975
2976
2977
2981
2992
3014
3015
3031
3037
3070
3089
3090
3096
3161
3173
3203
3227
3248
3267
3272
3296
3352
3373
3384
3387
3391
3394
3437
3446
3474
3495
3497
3499
3539
3540
3541
3542
3546
3548
3550
3551
3553
3558
3571
3651
3681
3699
3722
3737
3790
3857
3860
3879
3888
3907
3926
3956
3993
4048
4051
4097
4171
4180
4215
4217
4228
4229
4232
4244
4266
4267
4268
4283
4317
4324
4326
4359
4369
4373
4413
4443
4450
4539
4569
4570
4573
4629
4636
4638
4643
4650
4681
4699
4706
4712
4727
4772
4789
4822
4823
4824
4825
4827
4828
4839
4845
4860
4870
4876
4883
4890
4910
4922
4923
4941
4960
4970
5000
5036
5068
5080
5113
5176
5186
5286
5352
5354
5391
5400
5457
5483
5496
5497
5519
5525
5530
5601
5627
5686
5695
5720
5824
5838
5866
5874
5890
5904
5905
5918
5957
6007
6021
6109
6167
6249
6257
6335
6344
6349
6410
6432
6458
6468
6474
6489
6525
6527
6534
6576
6596
6598
6606
6638
6716
6720
6771
6773
6797
6825
6885
6900
6902
6923
6931
6940
6996
7006
7031
7032
7033
7043
7052
7063
7081
7103
7142
7152
7153
7205
7218
7250
7266
7271
7350
7365
7505
7614
7633
7660
7665
7671
7673
7676
7698
7699
7710
7721
7726
7751
7760
7798
7817
7822
7883
7886
7892
7914
7930
7976
8036
8043
8058
8062
8097
8149
8151
8214
8312
8364
8370
8371
8372
8395
8402
8413
8436
8458
8482
8487
8536
8537
8555
8564
8614
8640
8659
8714
8722
8726
8779
8780
8789
8809
8820
8822
8843
8883
8885
8887
8888
8958
8972
8975
8976
8978
9068
9075
9080
9124
9141
9154
9177
9184
9186
9198
9210
9220
9231
9259
9263
9270
9330
9394
9445
9481
9497
9502
9504
9525
9605
9611
9623
9692
9694
9705
9706
9707
9711
9712
9713
9714
9715
9716
9734
9735
9736
9737
9738
9742
9743
9744
9745
9748
9749
9750
9752
9753
9754
9755
9767
9768
9769
9770
9774
9775
9777
9778
9805
9806
9829
9830
10085
10149
10182
10193
10200
10201
10202
10203
10204
10205
10206
10207
10210
10214
10215
10216
10217
10218
10219
10220
10221
10222
10223
10224
10225
10315
10316
10317
10318
10329
10339
10341
10372
10379
10380
10381
10382
10383
10384
10396
10399
10400
10401
10403
10407
10408
10410
10412
10421
10422
10423
10424
10425
10426
10427
10428
10429
10430
10431
10432
10433
10434
10435
10436
10437
10438
10439
10440
10441
10442
10443
10444
10445
10446
10447
10448
10466
10469
10470
10471
10484
10486
10488
10489
10490
10495
10497
10498
10499
10502
10504
10506
10508
10509
10514
10517
10518
10520
10529
10532
10533
10537
10539
10540
10541
10547
10548
10549
10550
10551
10552
10553
10554
10555
10556
10557
10558
10559
10560
10561
10562
10563
10564
10565
10566
10580
10581
10582
10583
10584
10585
10586
10587
10588
10589
10590
10591
10592
10593
10594
10595
10596
10597
10598
10599
10600
10601
10602
10603
10604
10605
10606
10607
10608
10609
10610
10611
10612
10613
10614
10615
10616
10617
10618
10619
10620
10621
10622
10623
10624
10625
10626
10627
10628
10629
10630
10631
10670
10673
10708
10709
10725
10731
10737
10738
10739
10742
10754
10755
10759
10762
10778
10819
10823
10824
10826
10829
10830
10842
10843
10844
10871
11209
11211
11255
11285
11290
11293
11463
11466
11480
11486
11488
11490
11523
11538
11569
11586
11587
11588
11589
11601
11623
11626
11627
11629
11630
11631
11632
11633
11656
11657
11658
11659
11660
11662
11663
11664
11666
11667
11676
11681
11726
11729
11733
11734
11735
11737
11741
11777
11786
11787
11789
11791
11792
11816
11817
11848
11854
11887
11898
11906
11949
11951
11996
11998
12001
12005
12008
12010
12011
12013
12016
12017
12020
12043
12072
12075
12106
12119
12127
12128
12132
12290
12312
12348
12352
12353
12360
12363
12367
12383
12393
12401
12415
12441
12450
12462
12474
12482
12518
12526
12528
12530
12531
12532
12536
12537
12539
12553
12556
12641
12677
12688
12723
12746
12798
12824
12847
12876
12877
12878
12879
12902
12903
12904
12905
12933
12939
12959
12968
13001
13030
13106
13118
13155
13178
13182
13188
13211
13227
13231
13259
13295
13362
13367
13369
13374
13465
13490
13494
13531
13545
13571
13592
13609
13618
13678
13710
13724
13739
13752
13758
13792
13793
13842
13847
13851
13860
13880
13899
13975
13998
14018
14024
14035
14075
14079
14159
14171
14196
14209
14222
14226
14235
14270
14303
14307
14309
14337
14352
14358
14377
14396
14427
14435
14525
14563
14613
14620
14627
14638
14667
14689
14699
14701
14720
14759
14778
14819
14821
14824
14827
14842
14854
14856
14859
14863
14869
14875
14889
14894
14900
14905
14908
14924
14947
14955
14987
15021
15053
15066
15081
15100
15160
15171
15182
15196
15281
15333
15343
15344
15465
15493
15507
15529
15535
15540
15599
15617
15639
15661
15670
15714
15744
15746
15859
15874
15897
15903
15923
15952
15998
16031
16047
16058
16212
16291
16294
16301
16386
16396
16403
16429
16469
16494
16521
16538
16597
16598
16604
16652
16674
16676
16682
16712
16716
16789
16793
16846
16849
16850
16878
16901
16966
16970
17010
17028
17093
17098
17100
17132
17154
17177
17231
17236
17252
17293
17305
17346
17349
17358
17413
17493
17529
17564
17599
17652
17673
17701
17714
17721
17746
17751
17761
17771
17772
17783
17811
17821
17871
17887
17894
17959
17962
17969
17992
18008
18057
18088
18125
18131
18147
18153
18166
18182
18224
18243
18307
18480
18486
18487
18489
18505
18512
18519
18530
18558
18583
18605
18611
18658
18680
18690
18780
18801
18856
18867
18922
18924
18934
18956
18966
18969
18990
19030
19033
19035
19102
19115
19120
19122
19218
19227
19230
19277
19293
19307
19328
19336
19351
19361
19368
19371
19381
19414
19416
19425
19483
19549
19603
19604
19650
19662
19689
19736
19770
19776
19790
19863
19866
19906
19919
19933
19934
19935
20066
20067
20068
20076
20259
20263
20264
20265
20266
20267
20268
20271
20277
20281
20285
20295
20296
20298
20303
20319
20545
20578
20582
20586
20615
20619
20621
20634
20637
20644
20646
20647
20648
20649
20650
20651
20665
20666
20667
20672
20677
20686
20687
20694
20695
20696
20697
20698
20703
20704
20705
20736
20741
20744
20748
20761
20771
20775
20780
20785
20786
20787
20788
20789
20790
20791
20792
20793
20794
20795
20796
20797
20798
20799
20800
20801
20802
20803
20804
20805
20806
20807
20808
20809
20810
20811
20814
20815
20816
20817
20818
20819
20820
20821
20822
20823
20824
20825
20826
20827
20828
20829
20830
20831
20832
20833
20834
20835
20836
20837
20838
20839
20840
20841
20842
20843
20844
20845
20846
20847
20848
20849
20850
20851
20852
20853
20854
20855
20856
20857
20858
20859
20860
20861
20862
20863
20866
20867
20868
20900
20902
20905
20906
20911
20918
20933
20940
20941
20942
20943
20944
20945
20946
20949
20961
20975
20983
20984
20985
20988
20989
20999
21002
21004
21006
21035
21040
21044
21045
21046
21047
21048
21049
21050
21051
21052
21053
21054
21061
21074
21076
21077
21078
21079
21090
21092
21093
21094
21095
21096
21097
21099
21103
21104
21105
21106
21107
21108
21109
21110
21111
21112
21123
21126
21127
21133
21134
21135
21136
21137
21138
21146
21147
21148
21150
21151
21152
21153
21154
21155
21156
21157
21158
21159
21160
21161
21162
21163
21164
21165
21166
21167
21168
21169
21170
21171
21172
21173
21174
21175
21176
21177
21178
21179
21181
21183
21185
21186
21189
21201
21202
21203
21204
21205
21206
21207
21208
21209
21210
21211
21212
21213
21214
21215
21216
21217
21272
21291
21300
21303
21307
21331
21340
21422
21427
21441
21444
21453
21478
21483
21484
21486
21488
21496
21498
21500
21624
21625
21626
21627
21628
21629
21630
21631
21632
21633
21634
21635
21636
21637
21674
21675
21678
21679
21682
21683
21686
21687
21690
21691
21757
21767
21769
21840
21842
21843
21937
21959
22218
22219
22252
22260
22262
22326
22333
22370
22377
22391
22428
22433
22446
22456
22459
22464
22506
22516
22544
22558
22574
22577
22612
22619
22649
22679
22704
22748
22750
22792
22831
22902
22958
22987
23006
23010
23016
23024
23036
23076
23158
23177
23210
23216
23218
23264
23280
23294
23316
23348
23353
23381
23391
23393
23411
23422
23432
23449
23479
23487
23622
23661
23684
23690
23691
23716
23720
23729
23765
23790
23804
23806
23818
23823
23839
23844
23865
23872
23874
23878
23918
23919
23938
23962
23970
23974
23995
24101
24104
24122
24132
24136
24164
24168
24239
24254
24263
24275
24323
24357
24378
24392
24427
24428
24443
24482
24486
24502
24576
24616
24626
24646
24650
24661
24690
24705
24709
24710
24755
24778
24800
24806
24808
24834
24862
24878
24879
24880
24881
24882
24905
24921
24922
24929
24935
24964
25003
25038
25050
25051
25066
25068
25069
25070
25124
25142
25154
25155
25157
25160
25167
25169
25187
25214
25215
25216
25218
25223
25226
25236
25249
25252
25262
25268
25269
25274
25275
25281
25289
25308
25317
25320
25321
25348
25359
25360
25370
25371
25372
25387
25388
25399
25400
25401
25408
25410
25411
25412
25428
25438
25439
25486
25521
25522
25523
25526
25527
25528
25531
25541
25542
25543
25544
25552
25553
25554
25557
25568
25569
25570
25614
25620
25621
25622
25658
25659
25660
25673
25674
25675
25686
25687
25688
25702
25703
25704
25707
25708
25709
25742
25751
25787
25795
25799
25813
25881
25899
25908
25909
25910
25947
25963
25967
25968
25973
25975
25976
25993
25994
26005
26006
26007
26008
26009
26058
26059
26060
26061
26062
26063
26068
26069
26070
26071
26072
26079
26085
26091
26093
26094
26105
26111
26113
26114
26117
26118
26120
26128
26129
26130
26134
26135
26141
26142
26147
26152
26154
26155
26156
26157
26158
26159
26160
26161
26180
26181
26182
26196
26254
26255
26256
26257
26258
26259
26260
26261
26320
26323
26327
26329
26332
26333
26334
26335
26337
26338
26351
26353
26357
26358
26359
26360
26361
26367
26368
26369
26370
26371
26372
26373
26400
26409
26436
26445
26446
26447
26448
26449
26466
26477
26485
26501
26510
26534
26570
26606
26623
26640
26658
26677
26679
26692
26726
26730
26733
26752
26800
26811
26818
26838
26851
26865
26903
26928
26959
26964
26972
26983
26990
27024
27045
27050
27092
27142
27206
27249
27255
27256
27282
27287
27294
27309
27353
27406
27450
27453
27505
27510
27607
27609
27689
27706
27729
27731
27747
27760
27779
27828
27830
27836
27866
27914
28029
28038
28065
28091
28114
28144
28181
28282
28295
28350
28409
28448
28450
28539
28559
28566
28607
28672
28693
28695
28716
28719
28725
28727
28731
28747
28754
28756
28757
28794
28806
28816
28817
28818
28830
28836
28853
28854
28861
28872
28912
28913
28914
28915
28916
28917
28918
28919
28920
28921
28922
28923
28924
28925
28930
28931
28934
28935
28938
28939
28970
28996
28997
29026
29087
29088
29089
29090
29091
29092
29093
29094
29166
29470
29692
29700
29701
29730
29731
29738
29739
29740
29741
29745
29746
29747
29753
29754
29755
29764
29775
29779
29781
29783
29794
29803
29804
29805
29806
29807
29811
29812
29813
29814
29818
29819
29821
29822
29829
29830
29843
29863
29865
29867
29914
29915
29951
29956
29957
29958
29959
29965
29967
29968
29970
29973
29974
29977
29978
29988
29989
29993
29996
30001
30007
30031
30032
30033
30045
30054
30067
30068
30070
30073
30075
30079
30090
30091
30095
30099
30106
30114
30164
30168
30171
30174
30175
30176
30192
30193
30194
30205
30206
30207
30209
30217
30219
30231
30232
30267
30268
30269
30270
30271
30272
30274
30275
30276
30281
30282
30360
30361
30388
30389
30390
30406
30411
30416
30421
30423
30424
30425
30426
30427
30428
30430
30431
30432
30433
30434
30436
30437
30438
30439
30440
30475
30476
30479
30484
30488
30502
30526
30529
30530
30531
30533
30537
30545
30566
30592
30612
30634
30637
30661
30662
30703
30756
30771
30780
30829
30830
30848
30850
30870
30893
30896
30900
30911
30931
31012
31014
31015
31016
31026
31082
31084
31100
31109
31116
31119
31157
31158
31161
31162
31236
31252
31257
31278
31279
31280
31283
31284
31314
31318
31336
31337
31338
31340
31342
31345
31351
31357
31433
31449
31455
31478
31479
31480
31481
31482
31483
31484
31485
31522
31548
31603
31642
31643
31645
31647
31679
31682
31690
31700
31701
31721
31785
31795
31804
31805
31878
31883
31897
31914
31933
31937
31960
31982
32019
32097
32100
32101
32102
32104
32105
32106
32107
32108
32148
32158
32207
32209
32223
32229
32255
32257
32258
32259
32260
32262
32263
32264
32282
32290
32297
32309
32339
32349
32375
32404
32411
32415
32417
32443
32464
32486
32504
32569
32637
32647
32700
32747
32751
32764
32772
32787
32801
32806
32808
32816
32831
32833
32879
32901
32904
32908
32921
32949
32956
32981
32988
33020
33027
33070
33074
33082
33083
33107
33109
33114
33115
33121
33122
33133
33134
33141
33146
33147
33162
33163
33174
33177
33178
33189
33197
33198
33210
33212
33216
33217
33237
33238
33259
33269
33270
33292
33293
33308
33309
33324
33325
33336
33341
33343
33345
33356
33357
33361
33366
33368
33370
33383
33385
33397
33398
33409
33414
33421
33424
33431
33432
33441
33442
33449
33450
33457
33458
33464
33465
33472
33473
33479
33480
33529
33530
33543
33555
33598
33610
33615
33621
33622
33636
33659
33667
33682
33731
33735
33738
33748
33749
33760
33804
33807
33808
33809
33813
33818
33819
34384
34545
34546
34642
34645
34646
34660
34661
34672
34674
34730
34740
34780
34786
34797
34809
34827
34837
34854
34858
34860
34890
34897
34921
34923
34961
34996
35012
35043
35044
35045
35047
35060
35062
35103
35106
35140
35149
35165
35216
35239
35286
35315
35340
35469
35499
35523
35550
35569
35608
35672
35707
35770
35810
35818
35877
35888
35914
35949
35985
36012
36052
36071
36176
36210
36238
36259
36268
36288
36295
36302
36409
36531
36566
36569
36588
36604
36613
36622
36640
36727
36742
36780
36799
36803
36824
36837
36843
36948
37019
37035
37051
37073
37080
37105
37126
37128
37133
37216
37231
37236
37238
37277
37317
37322
37338
37342
37354
37370
37379
37429
37438
37500
37545
37664
37679
37680
37698
37714
37716
37757
37765
37809
37824
37833
37841
37852
37877
37898
37904
37954
38032
38045
38072
38080
38082
38100
38181
38190
38209
38212
38236
38364
38391
38429
38467
38498
38521
38523
38545
38548
38556
38598
38615
38663
38692
38710
38813
38838
38840
38859
38873
38875
38877
38918
38929
38970
38974
38995
39058
39067
39104
39123
39144
39171
39172
39197
39214
39269
39284
39350
39364
39373
39446
39454
39467
39485
39546
39559
39597
39626
39628
39793
39832
39899
39957
40002
40062
40069
40082
40088
40091
40155
40162
40260
40299
40329
40398
40416
40425
40439
40463
40562
40577
40656
40658
40761
40815
40907
40950
41003
41022
41046
41051
41097
41102
41123
41167
41173
41252
41261
41280
41296
41299
41304
41387
41397
41403
41415
41468
41472
41481
41496
41503
41539
41542
41585
41703
41704
41831
41864
41937
41967
41989
41994
42051
42085
42141
42145
42150
42175
42232
42290
42349
42394
42457
42480
42485
42507
42517
42544
42574
42576
42590
42599
42630
42632
42649
42680
42692
42745
42754
42762
42764
42806
42824
42979
42981
43006
43093
43112
43127
43129
43130
43166
43192
43241
43250
43283
43324
43383
43406
43407
43422
43526
43531
43560
43581
43600
43660
43735
43780
43791
43841
43857
43875
43883
43892
43954
43957
43967
44007
44071
44085
44165
44202
44218
44316
44346
44364
44378
44412
44444
44474
44530
44543
44576
44644
44658
44686
44757
44768
44891
44896
44984
44986
45026
45035
45039
45096
45186
45209
45231
45339
45355
45373
45419
45448
45464
45468
45522
45523
45532
45597
45604
45620
45637
45695
45723
45759
45774
45805
45814
45829
45869
45895
45968
45985
45987
46015
46030
46113
46124
46161
46284
46385
46387
46410
46434
46436
46468
46509
46694
46731
46734
46766
46784
46815
46886
46916
46935
46943
46950
46969
46973
46985
46994
47004
47008
47015
47041
47095
47101
47128
47160
47232
47242
47252
47286
47332
47352
47376
47406
47438
47448
47473
47485
47518
47539
47596
47623
47763
47769
47783
47825
47849
47914
47925
47973
47999
48041
48048
48050
48155
48173
48185
48212
48261
48292
48363
48463
48473
48482
48483
48485
48512
48516
48523
48553
48560
48580
48593
48610
48619
48639
48648
48677
48691
48717
48722
48754
48775
48821
48830
48842
48851
48859
48875
48909
48939
49074
49088
49092
49159
49172
49200
49244
49249
49293
49304
49486
49505
49522
49529
49552
49563
49636
49646
49698
49720
49779
49822
49829
49894
49925
50008
50015
50077
50104
50130
50156
50188
50191
50197
50278
50291
50386
50392
50426
50472
50684
50696
50708
50728
50732
50772
50774
50775
50833
50846
50886
50899
50934
50950
50991
51011
51023
51039
51052
51055
51089
51149
51150
51195
51239
51313
51319
51343
51352
51368
51412
51415
51417
51457
51474
51543
51557
51582
51597
51635
51647
51654
51669
51710
51725
51750
51755
51819
51839
51862
51896
52060
52065
52070
52079
52109
52123
52152
52166
52223
52226
52246
52271
52303
52348
52350
52378
52402
52480
52484
52508
52516
52547
52554
52565
52607
52613
52625
52706
52743
52783
52801
52802
52817
52849
52861
52926
52962
52963
53025
53083
53091
53105
53116
53155
53160
53161
53173
53176
53178
53249
53251
53322
53344
53461
53479
53500
53506
53516
53553
53643
53718
53813
53864
53880
53894
53906
53922
53938
53969
53994
53999
54008
54057
54089
54140
54162
54174
54188
54192
54245
54333
54367
54389
54434
54455
54603
54604
54612
54663
54667
54681
54688
54691
54740
54766
54834
54838
54842
54880
54953
54967
54996
55030
55036
55061
55064
55081
55083
55088
55102
55120
55142
55158
55202
55204
55210
55246
55271
55276
55331
55356
55393
55428
55444
55475
55522
55543
55579
55603
55620
55629
55641
55664
55759
55828
55859
55901
55908
55916
55970
55971
55994
56004
56119
56185
56205
56230
56326
56364
56432
56442
56456
56486
56623
56660
56744
56816
56835
56866
56889
56913
56977
56988
57001
57063
57083
57104
57110
57117
57119
57121
57135
57140
57144
57187
57204
57213
57277
57287
57297
57310
57356
57370
57372
57391
57397
57408
57448
57451
57458
57507
57516
57521
57533
57562
57606
57657
57668
57755
57811
57822
57956
57987
58020
58024
58031
58042
58050
58086
58097
58147
58159
58167
58178
58184
58207
58249
58267
58280
58316
58394
58400
58436
58458
58490
58509
58542
58638
58644
58707
58728
58821
58843
58887
58907
58915
58939
58951
59060
59069
59094
59116
59118
59150
59213
59243
59261
59274
59358
59381
59463
59528
59570
59608
59650
59665
59682
59684
59689
59720
59739
59774
59785
59803
59822
59882
59918
59957
59974
59975
59992
60019
60058
60080
60085
60093
60100
60116
60135
60150
60153
60165
60170
60176
60212
60268
60272
60319
60404
60458
60471
60477
60519
60597
60621
60731
60742
60768
60772
60935
60944
60960
60991
60998
61009
61021
61034
61113
61242
61262
61494
61496
61503
61512
61593
61609
61627
61669
61794
61807
61849
61853
61901
61954
61964
61974
61985
61986
62092
62135
62201
62211
62221
62226
62310
62425
62441
62452
62523
62542
62546
62575
62622
62646
62677
62688
62699
62741
62751
62787
62829
62854
62858
62866
62875
62890
62944
62953
62968
63013
63063
63078
63092
63121
63122
63151
63155
63226
63241
63274
63388
63398
63467
63528
63538
63612
63668
63670
63671
63681
63694
63772
63823
63829
63843
63880
64020
64052
64070
64106
64107
64118
64129
64154
64201
64254
64282
64283
64291
64352
64382
64394
64426
64433
64464
64470
64472
64480
64483
64503
64538
64566
64581
64705
64709
64732
64755
64774
64821
64856
64872
64885
64905
64923
64931
64960
65046
65073
65094
65104
65106
65113
65127
65136
65148
65156
65199
65279
65297
65306
65313
65325
65354
65364
65369
65381
65393
65397
65497
65514
65526
65549
65606
65742
65749
65763
65815
65840
65846
65857
65863
65882
65903
65906
65910
65953
66004
66043
66084
66111
66140
66159
66166
66212
66251
66263
66354
66377
66388
66511
66564
66568
66650
66744
66768
66813
66840
66877
66899
66933
66934
66940
66983
66994
66999
67023
67071
67113
67117
67173
67184
67231
67249
67277
67287
67304
67305
67311
67345
67471
67517
67543
67595
67606
67711
67720
67725
67732
67767
67773
67809
67866
67887
67926
67951
67991
68017
68043
68074
68082
68145
68158
68208
68228
68272
68285
68291
68354
68395
68406
68410
68418
68429
68469
68480
68500
68509
68543
68549
68576
68585
68628
68639
68665
68668
68692
68706
68795
68854
68919
68934
68979
68980
68984
68986
69027
69067
69069
69126
69169
69170
69212
69243
69304
69320
69363
69370
69408
69416
69419
69463
69468
69527
69534
69535
69601
69605
69614
69747
69749
69800
69821
69834
69850
69864
69888
69895
69922
69930
69933
69982
70046
70078
70108
70112
70131
70162
70188
70208
70237
70284
70294
70316
70323
70347
70360
70370
70372
70406
70419
70433
70450
70511
70518
70565
70574
70583
70603
70641
70643
70655
70658
70663
70680
70686
70695
70709
70749
70773
70777
70825
70830
70833
70869
70900
70902
70907
70936
70940
70993
71000
71015
71042
71051
71095
71122
71141
71146
71221
71254
71318
71320
71392
71418
71481
71514
71542
71544
71597
71608
71617
71648
71693
71769
71811
71828
71861
71892
71910
71916
71917
71920
71939
71942
71957
71962
71980
72004
72034
72070
72072
72075
72088
72112
72136
72149
72160
72178
72189
72250
72267
72300
72304
72357
72378
72419
72431
72447
72452
72488
72534
72549
72656
72676
72687
72692
72768
72776
72799
72884
72886
72916
72929
72941
72953
72964
72996
73022
73054
73097
73121
73123
73124
73161
73195
73233
73279
73302
73312
73335
73348
73379
73395
73458
73460
73480
73504
73513
73553
73563
73565
73575
73629
73643
73657
73669
73673
73677
73724
73739
73746
73755
73764
73787
73798
73897
73902
73932
73999
74011
74082
74102
74120
74145
74154
74157
74161
74205
74208
74212
74227
74230
74243
74249
74252
74263
74285
74301
74302
74305
74334
74377
74387
74412
74434
74453
74476
74508
74515
74517
74526
74546
74550
74593
74599
74619
74636
74666
74680
74686
74717
74721
74746
74763
74797
74798
74802
74812
74832
74868
74877
74898
74918
74921
74930
74938
74950
74964
74974
74977
75003
75025
75035
75073
75099
75115
75126
75137
75172
75220
75225
75232
75241
75250
75259
75267
75288
75316
75350
75420
75431
75444
75601
75628
75642
75698
75774
75783
75784
75858
75871
75880
75922
76000
76005
76065
76076
76077
76090
76103
76115
76150
76160
76173
76182
76216
76238
76270
76283
76401
76408
76459
76470
76520
76543
76605
76655
76666
76684
76733
76753
76758
76760
76891
76899
76915
76965
76968
76982
76994
77019
77029
77034
77061
77136
77176
77197
77199
77217
77237
77252
77287
77304
77337
77400
77414
77433
77467
77492
77525
77551
77595
77648
77681
77716
77824
77838
77885
77907
77922
77946
77954
77970
77988
78001
78027
78043
78075
78096
78122
78151
78179
78237
78297
78372
78457
78474
78495
78504
78528
78564
78573
78643
78682
78690
78695
78719
78741
78799
78807
78824
78880
78950
78951
79007
79011
79043
79059
79066
79081
79092
79099
79103
79123
79130
79177
79182
79197
79213
79238
79256
79261
79303
79314
79323
79326
79363
79375
79379
79402
79408
79412
79418
79448
79481
79499
79547
79556
79580
79596
79613
79656
79670
79674
79676
79687
79733
79749
79822
79882
79907
79939
80020
80043
80054
80067
80068
80098
80164
80165
80213
80218
80239
80246
80284
80297
80335
80348
80374
80428
80449
80478
80505
80531
80560
80584
80593
80601
80605
80621
80638
80706
80709
80716
80737
80739
80782
80798
80851
80860
80872
80875
80907
80945
80979
80984
80986
81001
81094
81107
81154
81272
81302
81320
81351
81369
81411
81450
81479
81492
81529
81536
81538
81542
81567
81576
81608
81677
81731
81748
81770
81779
81813
81856
81868
81876
81886
81890
81903
81907
81931
81943
81951
81958
81961
81972
81990
82014
82042
82050
82063
82081
82113
82179
82195
82203
82224
82287
82306
82317
82366
82367
82379
82408
82443
82481
82485
82488
82494
82543
82544
82551
82557
82576
82592
82609
82629
82637
82646
82660
82696
82808
82873
82991
82992
83042
83085
83113
83114
83137
83160
83162
83171
83180
83195
83197
83272
83287
83381
83383
83441
83471
83478
83499
83509
83528
83546
83579
83582
83597
83615
83644
83702
83728
83746
83759
83760
83816
83843
83879
83972
83987
83996
84020
84026
84033
84144
84274
84414
84431
84474
84512
84567
84582
84648
84654
84721
84732
84736
84741
84745
84822
84826
84830
84837
84876
84885
84897
84906
84917
84919
84933
84935
84960
84978
84982
84986
85002
85011
85022
85066
85113
85122
85144
85146
85160
85195
85213
85315
85362
85369
85371
85393
85461
85488
85559
85582
85636
85667
85671
85697
85763
85767
85781
85800
85819
85841
85864
85904
85918
85922
85925
85935
85953
85994
86001
86015
86041
86054
86106
86108
86124
86161
86177
86237
86244
86264
86279
86310
86334
86355
86392
86398
86399
86423
86444
86507
86514
86540
86670
86692
86737
86789
86830
86849
86856
86905
86912
86925
86946
86960
86967
86985
86988
87016
87047
87071
87073
87078
87087
87096
87101
87115
87126
87146
87152
87194
87201
87231
87254
87304
87323
87325
87334
87378
87486
87487
87524
87554
87558
87585
87617
87619
87654
87673
87677
87681
87683
87690
87724
87862
87881
87904
87976
87981
88015
88070
88072
88123
88132
88154
88183
88193
88198
88238
88254
88272
88287
88314
88333
88419
88423
88471
88475
88547
88554
88569
88575
88598
88603
88646
88677
88705
88726
88760
88789
88794
88849
88867
88905
88909
88913
88925
88965
89010
89024
89039
89050
89094
89098
89110
89113
89126
89190
89221
89265
89282
89300
89351
89378
89470
89472
89497
89510
89558
89583
89643
89715
89718
89723
89752
89753
89820
89824
89831
89842
89847
89861
89886
89893
89923
89927
89929
89939
89974
90007
90010
90028
90075
90097
90102
90107
90131
90140
90142
90163
90223
90240
90269
90301
90311
90330
90335
90348
90374
90417
90450
90486
90496
90499
90510
90517
90527
90533
90535
90548
90568
90574
90586
90607
90635
90660
90717
90727
90735
90760
90763
90769
90795
90797
90799
90803
90851
90855
90890
90906
90928
90941
91022
91027
91032
91049
91054
91060
91072
91076
91077
91096
91119
91128
91130
91140
91150
91152
91176
91230
91238
91255
91277
91303
91306
91354
91378
91391
91410
91415
91444
91456
91471
91482
91502
91577
91629
91663
91760
91764
91777
91819
91838
91871
91924
91956
91959
91965
92006
92032
92045
92104
92124
92130
92141
92148
92167
92191
92199
92211
92235
92248
92275
92308
92327
92417
92448
92462
92480
92482
92491
92592
92647
92649
92659
92666
92684
92699
92724
92733
92735
92748
92805
92833
92838
92856
92870
92874
92876
92892
92899
92908
92917
92952
92982
92983
93028
93032
93045
93091
93095
93116
93120
93124
93129
93138
93160
93162
93166
93239
93257
93265
93275
93292
93319
93328
93329
93389
93401
93421
93446
93504
93506
93511
93600
93625
93665
93734
93739
93745
93786
93791
93823
93827
93841
93857
93888
93902
93917
93955
93974
93987
94003
94005
94035
94079
94082
94126
94128
94130
94159
94176
94189
94257
94265
94273
94275
94298
94325
94332
94340
94349
94402
94421
94423
94465
94495
94537
94574
94639
94729
94844
94846
94959
95025
95054
95068
95072
95080
95122
95125
95199
95240
95253
95256
95262
95267
95280
95322
95328
95400
95402
95408
95426
95433
95447
95460
95489
95503
95505
95511
95541
95545
95566
95568
95586
95606
95618
95635
95648
95675
95696
95745
95763
95765
95769
95840
95857
95859
95868
95948
95959
95974
95990
96034
96070
96075
96081
96083
96117
96144
96158
96220
96236
96272
96302
96320
96333
96343
96345
96351
96374
96394
96403
96467
96468
96492
96505
96529
96540
96547
96555
96579
96608
96614
96619
96621
96628
96643
96669
96696
96718
96737
96784
96785
96813
96817
96845
96887
96902
96916
96947
96980
97022
97026
97031
97046
97051
97087
97094
97109
97127
97139
97142
97173
97180
97185
97210
97212
97256
97274
97304
97308
97310
97315
97318
97324
97331
97342
97347
97388
97408
97432
97472
97515
97531
97541
97548
97610
97617
97633
97643
97666
97680
97738
97794
97800
97801
97881
97917
97952
98082
98094
98108
98114
98134
98140
98196
98211
98217
98305
98315
98319
98335
98365
98413
98470
98478
98503
98551
98609
98623
98625
98756
98794
98809
98836
98837
98873
98894
98907
98908
98924
98931
98941
98997
99007
99009
99020
99027
99031
99047
99104
99151
99171
99207
99310
99330
99339
99340
99355
99366
99407
99408
99424
99431
99441
99470
99474
99492
99493
99549
99551
99569
99621
99644
99684
99693
99695
99700
99708
99804
99851
99918
99927
99975
99994
100006
100115
100129
100174
100225
100245
100248
100257
100282
100289
100323
100326
100370
100374
100401
100448
100463
100470
100509
100512
100536
100595
100631
100658
100695
100784
100787
100799
100815
100860
100881
100915
100922
100935
100954
100969
101004
101069
101183
101188
101189
101215
101243
101347
101373
101375
101393
101460
101482
101489
101539
101578
101579
101593
101613
101632
101665
101681
101702
101731
101743
101746
101753
101831
101842
101865
101897
101936
101944
101968
101976
102003
102036
102101
102130
102143
102150
102157
102159
102161
102200
102205
102209
102224
102239
102246
102250
102271
102281
102290
102322
102324
102365
102379
102408
102419
102421
102423
102442
102451
102459
102475
102502
102506
102520
102539
102568
102574
102717
102722
102723
102745
102788
102801
102862
102864
102895
102932
102941
102958
102978
103046
103068
103079
103092
103147
103159
103186
103189
103218
103259
103297
103300
103340
103372
103398
103402
103439
103441
103442
103460
103492
103523
103586
103669
103751
103765
103801
103810
103814
103859
103868
103874
103877
103931
103937
103942
103948
103992
104110
104119
104126
104128
104147
104166
104185
104239
104257
104332
104373
104377
104398
104415
104426
104431
104462
104478
104498
104535
104559
104570
104585
104595
104644
104646
104691
104734
104769
104793
104813
104851
104871
104877
104915
104920
104927
105008
105010
105014
105024
105058
105075
105113
105131
105139
105174
105180
105196
105201
105252
105269
105280
105301
105310
105326
105373
105459
105474
105480
105519
105650
105651
105704
105727
105774
105782
105792
105801
105834
105848
105870
105876
105887
105915
105957
105972
106004
106013
106033
106056
106065
106076
106077
106106
106136
106154
106172
106197
106216
106229
106275
106279
106330
106354
106356
106407
106439
106476
106489
106492
106496
106505
106508
106514
106546
106574
106582
106591
106600
106603
106615
106645
106655
106658
106694
106728
106763
106801
106811
106815
106817
106824
106869
106886
107041
107045
107077
107087
107138
107163
107186
107212
107219
107245
107254
107265
107279
107295
107311
107369
107378
107397
107423
107430
107463
107482
107503
107527
107530
107536
107546
107563
107574
107597
107622
107645
107654
107683
107690
107713
107730
107750
107765
107769
107780
107806
107833
107842
107850
107855
107860
107868
107890
107891
107940
107944
107947
107989
107990
107996
108043
108052
108065
108129
108140
108153
108230
108249
108269
108271
108274
108304
108443
108450
108468
108485
108513
108519
108535
108544
108553
108644
108663
108683
108712
108724
108757
108787
108832
108843
108856
108875
108882
108919
108968
108983
109040
109089
109117
109122
109124
109147
109174
109188
109203
109296
109392
109396
109403
109405
109430
109464
109507
109524
109554
109576
109616
109621
109626
109638
109642
109657
109664
109720
109723
109727
109749
109776
109780
109800
109804
109813
109814
109820
109841
109881
109954
109965
109972
110036
110038
110069
110121
110182
110191
110227
110232
110248
110253
110355
110359
110411
110431
110443
110458
110462
110469
110480
110487
110540
110557
110562
110673
110681
110685
110733
110753
110775
110785
110794
110803
110810
110815
110822
110837
110880
110910
110944
110952
110966
111038
111052
111053
111062
111070
111086
111091
111123
111148
111159
111163
111189
111216
111234
111243
111260
111293
111328
111380
111426
111467
111474
111506
111598
111605
111619
111655
111688
111693
111736
111749
111752
111794
111819
111826
111837
111871
111893
111900
111914
111963
111987
112038
112052
112066
112073
112099
112159
112185
112199
112207
112223
112261
112264
112273
112275
112293
112296
112304
112314
112325
112336
112341
112387
112406
112409
112417
112475
112496
112502
112507
112530
112541
112561
112627
112632
112669
112678
112683
112687
112733
112741
112758
112765
112802
112841
112844
112867
112880
112886
112895
112907
112935
112940
112948
112953
112962
112995
113002
113009
113020
113033
113036
113059
113064
113074
113090
113147
113184
113189
113194
113199
113213
113233
113249
113280
113348
113355
113363
113374
113383
113428
113433
113436
113444
113456
113463
113473
113501
113590
113600
113634
113659
113690
113739
113762
113772
113781
113788
113846
113853
113858
113862
113871
113902
113905
113912
113919
113934
113950
113977
114002
114111
114117
114131
114151
114177
114218
114257
114264
114282
114283
114290
114309
114313
114324
114381
114467
114493
114513
114538
114540
114556
114569
114572
114574
114578
114632
114688
114707
114712
114721
114725
114727
114736
114745
114756
114763
114767
114772
114793
114822
114861
114867
114872
114914
114932
114937
114946
114975
115012
115039
115058
115072
115074
115113
115116
115156
115170
115197
115226
115228
115236
115243
115259
115271
115299
115315
115326
115329
115344
115354
115376
115378
115392
115396
115402
115438
115467
115547
115563
115565
115574
115595
115615
115637
115646
115668
115677
115680
115700
115704
115706
115711
115768
115772
115805
115848
115883
115906
115910
115932
116081
116149
116151
116162
116169
116178
116187
116190
116214
116237
116251
116281
116283
116303
116321
116340
116399
116415
116424
116431
116434
116448
116455
116465
116473
116477
116494
116503
116519
116545
116554
116566
116570
116577
116579
116580
116586
116598
116649
116651
116675
116684
116719
116796
116858
116874
116906
116912
116921
116933
116937
116983
116991
117021
117033
117037
117039
117041
117072
117086
117091
117118
117119
117133
117159
117201
117210
117212
117219
117244
117253
117257
117327
117351
117368
117375
117392
117402
117406
117427
117479
117482
117485
117513
117546
117567
117624
117647
117700
117750
117781
117791
117800
117821
117823
117864
117879
117934
117948
117968
118019
118024
118028
118033
118048
118078
118096
118105
118118
118168
118172
118194
118198
118258
118263
118354
118355
118364
118378
118380
118383
118388
118399
118432
118441
118485
118520
118549
118569
118591
118611
118631
118644
118783
118805
118829
118832
118841
118847
118859
118871
118907
118930
118946
118949
118958
118964
118998
119000
119018
119042
119051
119077
119082
119123
119137
119139
119174
119202
119211
119243
119271
119278
119287
119316
119349
119376
119408
119413
119429
119486
119527
119535
119554
119570
119576
119588
119594
119605
119607
119608
119653
119691
119709
119716
119720
119745
119773
119779
119782
119804
119822
119843
119850
119854
119855
119872
119899
119929
119967
119970
119985
120017
120041
120047
120054
120058
120069
120072
120097
120108
120110
120119
120142
120183
120207
120228
120235
120267
120319
120337
120338
120345
120455
120468
120482
120542
120557
120584
120601
120620
120676
120678
120682
120688
120699
120702
120713
120766
120778
120789
120832
120870
120880
120891
120909
120922
120933
120936
120940
121010
121019
121022
121026
121028
121053
121066
121089
121143
121195
121226
121235
121249
121274
121306
121308
121312
121321
121326
121362
121374
121383
121396
121412
121421
121423
121426
121440
121462
121480
121492
121498
121514
121552
121555
121607
121643
121645
121668
121741
121787
121805
121866
121872
121881
121940
121960
122016
122051
122078
122101
122105
122107
122134
122154
122159
122198
122205
122249
122277
122315
122365
122405
122441
122482
122499
122514
122530
122548
122552
122590
122631
122635
122719
122735
122776
122780
122808
122848
122866
122881
122916
122923
122934
122957
122961
123014
123052
123054
123070
123088
123106
123116
123122
123145
123163
123188
123319
123356
123390
123421
123425
123452
123453
123463
123491
123500
123507
123529
123542
123544
123577
123595
123647
123736
123788
123824
123839
123855
123911
123913
123930
123940
123993
124041
124060
124087
124115
124122
124129
124135
124136
124162
124166
124186
124198
124215
124230
124243
124315
124323
124342
124354
124382
124397
124420
124435
124444
124447
124465
124519
124534
124554
124558
124582
124599
124606
124608
124613
124629
124635
124673
124694
124703
124715
124721
124728
124730
124753
124772
124789
124848
124901
124908
124910
124919
124946
124999
125086
125095
125111
125118
125128
125130
125163
125169
125185
125191
125208
125232
125302
125313
125379
125402
125419
125463
125465
125481
125485
125492
125510
125521
125522
125613
125638
125647
125681
125699
125703
125715
125731
125767
125769
125782
125794
125823
125832
125839
125841
125857
125873
125876
125889
125901
125918
125988
125996
126007
126012
126013
126029
126039
126060
126078
126101
126125
126136
126138
126139
126177
126188
126208
126215
126218
126226
126229
126240
126243
126256
126258
126285
126287
126365
126371
126438
126467
126474
126484
126486
126514
126542
126561
126633
126683
126752
126832
126856
126879
126963
126971
126972
126990
126994
126996
127034
127100
127111
127138
127211
127214
127221
127264
127293
127302
127327
127341
127362
127447
127450
127466
127490
127535
127542
127544
127552
127568
127580
127615
127618
127639
127641
127646
127704
127741
127750
127776
127802
127815
127819
127880
127884
127900
127911
127977
128003
128031
128087
128125
128143
128171
128182
128193
128225
128236
128295
128324
128338
128351
128370
128396
128414
128475
128484
128504
128525
128530
128588
128598
128608
128642
128643
128647
128669
128671
128679
128704
128715
128717
128721
128726
128732
128816
128832
128834
128837
128856
128858
128860
128910
128919
128926
128948
128982
129005
129024
129080
129108
129130
129132
129257
129274
129303
129313
129315
129333
129338
129355
129403
129419
129424
129442
129444
129446
129449
129481
129531
129634
129637
129643
129672
129700
129733
129761
129765
129776
129790
129810
129846
129849
129853
129858
129891
129895
129910
129941
129973
129975
129986
130009
130053
130114
130118
130122
130138
130147
130161
130171
130173
130275
130287
130295
130304
130391
130416
130418
130446
130483
130526
130550
130555
130568
130661
130707
130764
130773
130789
130793
130807
130859
130863
130871
130929
130949
130967
130970
130983
130987
131047
131049
131068
131109
131117
131131
131163
131177
131181
131184
131198
131200
131225
131261
131268
131304
131368
131408
131420
131428
131459
131506
131534
131590
131598
131610
131626
131635
131701
131715
131742
131784
131787
131824
131857
131871
131883
131885
131890
131985
132000
132020
132042
132067
132088
132092
132099
132108
132118
132121
132133
132138
132173
132188
132195
132211
132226
132247
132256
132258
132280
132299
132300
132317
132331
132332
132382
132400
132411
132427
132449
132462
132519
132524
132541
132546
132568
132604
132613
132666
132671
132682
132712
132769
132798
132799
132854
132863
132866
132880
132887
132898
132933
132955
132984
132996
133041
133069
133084
133102
133132
133185
133234
133258
133260
133323
133363
133366
133391
133393
133398
133403
133456
133661
133711
133718
133736
133742
133747
133769
133864
133904
133911
133920
133945
133946
134015
134060
134079
134158
134225
134229
134281
134326
134328
134365
134379
134390
134437
134485
134486
134529
134548
134563
134577
134579
134604
134615
134633
134642
134647
134656
134683
134689
134701
134733
134812
134848
134861
134925
134934
134957
134977
135000
135025
135032
135049
135070
135095
135101
135110
135138
135170
135191
135231
135260
135265
135289
135301
135331
135333
135336
135438
135447
135587
135637
135675
135677
135684
135757
135785
135799
135817
135819
135836
135838
135869
135875
135911
135930
135957
135968
135973
135982
135997
136006
136049
136060
136080
136085
136089
136156
136170
136174
136196
136198
136211
136225
136228
136247
136318
136338
136355
136360
136376
136387
136389
136396
136406
136413
136415
136463
136466
136485
136489
136512
136634
136639
136657
136696
136746
136750
136777
136794
136800
136807
136847
136858
136925
136949
136961
136965
136981
136988
137004
137034
137048
137053
137070
137079
137115
137150
137161
137177
137205
137246
137252
137268
137283
137292
137342
137349
137370
137410
137418
137425
137448
137460
137494
137617
137621
137630
137634
137658
137671
137723
137733
137742
137772
137775
137834
137886
137898
137900
137932
137934
137986
137997
138016
138018
138055
138056
138143
138152
138156
138197
138213
138244
138262
138271
138289
138292
138314
138356
138383
138390
138395
138402
138412
138423
138456
138490
138500
138508
138511
138516
138521
138534
138541
138546
138640
138697
138736
138738
138775
138787
138844
138915
138944
138971
139032
139073
139099
139107
139140
139143
139158
139177
139199
139206
139268
139272
139309
139369
139394
139432
139470
139477
139481
139492
139501
139526
139551
139562
139571
139580
139582
139585
139594
139616
139620
139634
139644
139677
139682
139689
139709
139815
139822
139831
139885
139901
139925
139996
140012
140048
140050
140068
140089
140113
140123
140206
140226
140238
140240
140320
140321
140343
140345
140352
140354
140366
140367
140390
140413
140419
140527
140540
140558
140559
140563
140596
140643
140660
140677
140703
140716
140718
140740
140756
140761
140777
140794
140809
140844
140872
140889
140901
140903
140939
140946
140961
140968
140993
141006
141044
141053
141062
141083
141098
141153
141192
141204
141246
141261
141274
141276
141292
141306
141333
141344
141346
141373
141393
141402
141418
141429
141430
141472
141484
141490
141500
141502
141527
141536
141554
141589
141605
141606
141737
141746
141751
141753
141755
141760
141807
141816
141838
141858
141872
141913
141925
141938
141972
141979
142087
142095
142125
142134
142154
142177
142195
142253
142260
142309
142336
142346
142385
142415
142420
142456
142457
142481
142504
142563
142597
142610
142632
142644
142653
142698
142748
142764
142778
142792
142798
142827
142844
142851
142878
142882
142883
142929
142952
143050
143058
143082
143083
143156
143173
143182
143226
143250
143293
143322
143351
143364
143415
143431
143438
143484
143490
143491
143495
143581
143590
143592
143610
143613
143636
143638
143647
143688
143690
143754
143779
143783
143813
143825
143849
143862
143870
143929
143947
143957
144000
144015
144054
144093
144129
144143
144150
144162
144165
144283
144327
144345
144347
144357
144405
144457
144469
144493
144509
144510
144516
144534
144578
144593
144615
144658
144674
144693
144742
144778
144798
144812
144823
144829
144832
144836
144889
144952
144971
144979
144990
145001
145084
145106
145128
145135
145189
145191
145205
145208
145237
145261
145279
145307
145315
145317
145321
145394
145409
145431
145450
145461
145489
145492
145507
145510
145516
145523
145532
145543
145560
145566
145587
145610
145622
145679
145720
145753
145759
145762
145788
145795
145859
145893
145895
145912
145921
145940
145962
145969
145976
145984
146017
146043
146051
146058
146073
146075
146128
146185
146203
146221
146225
146232
146245
146252
146269
146284
146372
146415
146435
146514
146521
146527
146614
146633
146689
146710
146722
146724
146748
146751
146844
146925
146934
146939
146943
146958
146979
146992
146994
147001
147021
147030
147036
147133
147137
147147
147152
147164
147173
147214
147237
147246
147258
147271
147274
147283
147313
147441
147480
147490
147526
147555
147601
147636
147666
147711
147721
147733
147760
147783
147785
147866
147876
147891
147903
147911
147935
147969
147974
147976
147996
148016
148045
148058
148078
148118
148120
148131
148132
148138
148173
148178
148182
148185
148223
148258
148293
148368
148386
148387
148391
148413
148416
148445
148479
148480
148515
148525
148528
148569
148573
148574
148607
148610
148616
148632
148646
148680
148701
148716
148776
148782
148804
148839
148857
148875
148889
148912
148920
148929
148947
148958
148978
148989
149011
149025
149060
149064
149065
149069
149092
149121
149135
149146
149157
149183
149205
149209
149232
149236
149248
149256
149279
149315
149349
149363
149368
149373
149416
149419
149431
149446
149467
149482
149498
149500
149592
149608
149691
149703
149705
149707
149709
149733
149744
149771
149786
149820
149838
149860
149898
149911
149922
149947
149950
149966
149975
149991
150008
150032
150044
150046
150052
150059
150079
150095
150127
150143
150151
150160
150189
150260
150293
150321
150334
150343
150370
150386
150406
150411
150413
150427
150440
150492
150503
150528
150539
150544
150562
150567
150604
150632
150670
150697
150727
150748
150768
150780
150806
150813
150833
150851
150854
150856
150909
150917
150929
150930
150941
150950
150995
151012
151015
151022
151079
151089
151114
151164
151180
151186
151196
151204
151206
151230
151259
151266
151292
151294
151303
151312
151359
151457
151481
151486
151497
151501
151504
151520
151539
151547
151558
151560
151562
151578
151591
151596
151666
151703
151762
151764
151775
151782
151794
151816
151870
151895
151911
151938
151940
151963
152023
152028
152044
152060
152095
152107
152217
152222
152244
152270
152277
152293
152300
152309
152311
152312
152330
152366
152393
152435
152464
152469
152479
152559
152571
152590
152609
152633
152639
152715
152722
152752
152802
152809
152813
152818
152987
152997
153031
153076
153107
153120
153156
153166
153175
153200
153233
153240
153241
153249
153263
153272
153286
153288
153332
153382
153384
153397
153428
153480
153503
153531
153539
153545
153581
153598
153600
153611
153615
153624
153636
153644
153661
153667
153691
153695
153713
153721
153728
153765
153845
153858
153864
153896
153944
153963
153965
153973
153977
153980
154000
154006
154008
154029
154058
154067
154083
154117
154125
154137
154149
154174
154185
154190
154222
154249
154274
154277
154311
154468
154475
154478
154486
154517
154544
154585
154610
154622
154629
154637
154642
154644
154654
154676
154721
154722
154723
154724
154727
154731
154813
154855
154856
154863
154880
154900
154974
154983
155024
155038
155039
155041
155042
155072
155081
155083
155146
155152
155203
155229
155236
155247
155287
155291
155309
155335
155337
155372
155381
155389
155429
155449
155450
155456
155459
155536
155547
155570
155600
155607
155613
155644
155647
155654
155732
155733
155741
155782
155807
155818
155822
155842
155854
155867
155872
155875
155887
155892
155905
155909
155916
155921
155925
155932
155941
155943
155960
155962
155984
155985
156056
156086
156113
156145
156161
156173
156213
156225
156233
156270
156272
156313
156316
156324
156347
156356
156396
156402
156418
156422
156502
156506
156546
156553
156603
156632
156647
156653
156681
156696
156705
156714
156750
156769
156776
156796
156859
156861
156873
156882
156909
156918
156961
156977
156990
157043
157058
157061
157087
157090
157094
157122
157177
157225
157261
157263
157358
157376
157382
157414
157427
157482
157506
157535
157605
157624
157641
157658
157680
157689
157709
157714
157720
157781
157809
157827
157841
157864
157889
157897
157915
157927
157968
157984
157993
158004
158011
158022
158059
158061
158065
158074
158075
158091
158141
158232
158239
158253
158310
158326
158361
158446
158453
158457
158467
158525
158590
158626
158643
158680
158685
158715
158735
158742
158778
158779
158850
158871
158905
158929
158936
158942
158956
158957
158971
159012
159038
159045
159065
159092
159099
159128
159162
159262
159273
159302
159305
159338
159357
159375
159380
159391
159424
159437
159452
159455
159484
159503
159556
159563
159716
159719
159758
159863
159876
159890
159896
159907
159930
159943
159980
159991
159992
159998
160029
160051
160123
160135
160172
160193
160206
160278
160294
160305
160324
160335
160374
160389
160434
160441
160508
160519
160583
160606
160624
160632
160636
160648
160657
160673
160742
160753
160763
160780
160786
160893
160917
160945
160950
160954
160990
161011
161016
161054
161063
161084
161089
161106
161108
161116
161161
161217
161248
161253
161257
161288
161305
161318
161365
161367
161372
161400
161511
161519
161576
161613
161645
161668
161670
161698
161706
161751
161761
161763
161778
161816
161820
161837
161839
161841
161902
161904
161910
161944
161971
161973
161982
162001
162018
162089
162102
162142
162187
162203
162216
162255
162271
162277
162279
162312
162364
162369
162383
162392
162410
162457
162461
162478
162494
162512
162540
162554
162563
162565
162601
162624
162638
162649
162663
162683
162720
162758
162776
162780
162833
162904
162980
163049
163052
163056
163063
163069
163079
163085
163097
163126
163177
163203
163236
163239
163243
163260
163378
163383
163388
163396
163430
163451
163484
163499
163534
163578
163596
163624
163645
163691
163713
163727
163729
163770
163855
163857
163872
163888
163897
163916
163920
163941
163956
163958
163968
163978
164014
164030
164064
164088
164095
164107
164114
164158
164174
164210
164276
164301
164313
164333
164342
164360
164387
164389
164394
164430
164489
164527
164625
164629
164670
164679
164687
164689
164707
164718
164787
164806
164826
164846
164858
164887
164889
164898
164908
164925
164950
164951
164963
164972
164986
164988
164997
165013
165056
165115
165130
165149
165174
165194
165236
165243
165270
165311
165329
165333
165340
165356
165360
165365
165369
165396
165409
165429
165432
165461
165465
165524
165526
165533
165558
165571
165595
165596
165625
165638
165645
165649
165709
165746
165757
165769
165791
165793
165794
165800
165807
165809
165818
165823
165839
165843
165868
165875
165886
165889
165923
165932
166030
166051
166055
166091
166123
166149
166154
166186
166234
166309
166316
166322
166391
166427
166428
166439
166448
166480
166482
166488
166502
166512
166541
166583
166597
166598
166604
166620
166645
166776
166785
166794
166806
166837
166900
166925
166974
167031
167039
167098
167100
167133
167139
167182
167243
167245
167259
167281
167295
167309
167326
167335
167358
167385
167407
167413
167420
167424
167480
167532
167537
167540
167548
167577
167627
167629
167632
167641
167668
167677
167680
167710
167726
167731
167744
167798
167807
167812
167823
167837
167866
167867
167911
167920
167967
167981
168011
168015
168022
168028
168031
168071
168135
168137
168171
168176
168185
168221
168228
168258
168284
168309
168312
168325
168335
168377
168396
168405
168411
168433
168447
168451
168458
168496
168498
168523
168541
168584
168602
168607
168636
168657
168661
168663
168738
168744
168765
168774
168809
168831
168833
168854
168862
168915
168918
168935
168942
168944
169039
169061
169062
169077
169080
169096
169135
169149
169162
169192
169201
169209
169229
169248
169270
169285
169302
169317
169326
169340
169370
169385
169394
169413
169421
169435
169459
169482
169552
169572
169575
169597
169644
169663
169672
169681
169786
169811
169832
169846
169873
169875
169880
169908
169917
169945
169974
169985
170024
170028
170033
170055
170067
170073
170089
170100
170131
170140
170220
170229
170241
170251
170260
170293
170359
170361
170368
170386
170391
170418
170450
170495
170534
170544
170549
170552
170572
170577
170591
170610
170623
170654
170664
170675
170682
170696
170698
170745
170752
170822
170865
170955
170958
171007
171010
171053
171086
171100
171222
171254
171274
171278
171290
171332
171353
171362
171370
171373
171379
171434
171470
171477
171499
171505
171545
171577
171595
171604
171610
171615
171621
171633
171661
171665
171724
171768
171775
171786
171833
171877
171881
171910
171933
171942
171953
171975
172019
172021
172035
172053
172057
172060
172062
172075
172084
172124
172171
172182
172219
172221
172237
172257
172261
172268
172270
172318
172321
172330
172354
172360
172406
172413
172428
172437
172461
172468
172480
172488
172522
172561
172565
172572
172585
172599
172609
172619
172620
172628
172640
172646
172653
172691
172719
172739
172752
172757
172777
172782
172786
172788
172797
172812
172854
172897
172924
172933
172949
172961
172992
173006
173040
173064
173075
173092
173093
173094
173122
173146
173157
173183
173235
173306
173347
173348
173354
173364
173395
173435
173469
173481
173505
173519
173532
173557
173564
173575
173578
173602
173656
173665
173679
173715
173720
173752
173758
173769
173777
173783
173800
173805
173812
173816
173818
173834
173873
173936
174025
174070
174083
174088
174138
174142
174151
174154
174156
174160
174172
174178
174181
174219
174298
174351
174372
174384
174408
174436
174445
174446
174448
174461
174484
174578
174581
174613
174617
174621
174623
174666
174713
174719
174847
174877
174893
174936
174944
174946
174951
174987
175010
175019
175031
175044
175062
175086
175153
175171
175230
175247
175248
175254
175256
175263
175265
175324
175328
175334
175345
175367
175390
175407
175461
175463
175472
175479
175483
175500
175570
175615
175624
175634
175649
175680
175712
175725
175742
175751
175774
175799
175805
175831
175892
175909
175918
175973
175980
175993
176018
176023
176025
176071
176127
176145
176146
176155
176157
176171
176184
176189
176204
176213
176266
176375
176431
176459
176477
176542
176589
176592
176607
176628
176637
176688
176694
176701
176713
176746
176754
176799
176851
176882
176908
176923
176953
176981
177027
177061
177065
177088
177109
177156
177204
177206
177215
177268
177271
177312
177346
177362
177387
177390
177414
177428
177460
177464
177471
177494
177498
177532
177534
177566
177589
177607
177609
177610
177625
177632
177756
177828
177840
177865
177869
177883
177887
177918
177977
177984
177986
177995
178006
178024
178086
178108
178115
178129
178136
178154
178161
178168
178202
178208
178227
178258
178298
178304
178327
178362
178369
178387
178396
178414
178439
178470
178486
178495
178520
178522
178538
178542
178583
178609
178624
178634
178673
178675
178697
178719
178727
178741
178746
178762
178786
178802
178813
178833
178893
178950
178963
178975
179017
179045
179099
179101
179113
179208
179220
179231
179251
179290
179296
179301
179304
179310
179315
179340
179368
179381
179389
179405
179425
179445
179457
179491
179520
179532
179547
179577
179604
179611
179631
179633
179665
179693
179730
179753
179756
179769
179796
179808
179810
179814
179830
179839
179866
179915
179917
179944
179953
180001
180010
180057
180062
180145
180152
180155
180170
180172
180182
180266
180293
180307
180313
180344
180347
180349
180361
180412
180435
180476
180528
180579
180581
180631
180643
180661
180675
180677
180696
180730
180750
180758
180770
180791
180799
180838
180885
180912
180935
180972
181115
181153
181177
181223
181241
181252
181255
181261
181304
181388
181437
181534
181570
181615
181617
181622
181629
181665
181726
181734
181771
181776
181789
181812
181829
181850
181854
181870
181889
181923
181941
181952
181962
181969
181980
182021
182031
182048
182090
182099
182166
182167
182177
182205
182224
182253
182259
182277
182292
182299
182311
182372
182386
182419
182428
182440
182446
182496
182504
182543
182547
182556
182563
182576
182605
182620
182624
182712
182761
182770
182788
182841
182847
182869
182879
182892
182921
182945
182954
182962
182992
183033
183049
183051
183089
183107
183114
183116
183158
183164
183207
183234
183243
183277
183325
183359
183457
183458
183464
183475
183512
183538
183554
183590
183648
183678
183683
183708
183733
183739
183755
183787
183842
183844
183851
183911
183918
183929
183947
183984
184006
184015
184027
184073
184094
184116
184134
184191
184238
184248
184254
184285
184310
184312
184332
184380
184405
184457
184466
184473
184477
184493
184538
184543
184557
184583
184632
184651
184670
184679
184688
184694
184706
184747
184750
184752
184780
184802
184869
184889
184904
184924
184931
184951
184961
184969
184987
184989
185015
185023
185052
185057
185066
185111
185120
185142
185144
185147
185168
185186
185242
185257
185278
185280
185293
185296
185298
185303
185357
185377
185378
185388
185403
185419
185433
185459
185497
185520
185550
185559
185563
185568
185613
185644
185663
185665
185674
185695
185710
185723
185757
185778
185791
185813
185859
185870
185875
185902
185961
185981
185988
186009
186023
186070
186111
186118
186158
186168
186173
186187
186207
186212
186232
186241
186244
186257
186262
186273
186283
186316
186329
186336
186340
186351
186352
186354
186358
186389
186391
186447
186512
186521
186532
186548
186621
186652
186659
186728
186744
186745
186748
186749
186754
186847
186858
186878
186885
186935
186946
186979
186981
186983
186987
186989
187049
187056
187076
187085
187098
187126
187127
187128
187129
187130
187131
187132
187151
187166
187178
187183
187215
187231
187245
187247
187259
187267
187277
187347
187358
187382
187384
187386
187425
187427
187431
187447
187472
187475
187492
187501
187543
187544
187545
187546
187547
187548
187549
187550
187551
187552
187553
187562
187605
187634
187637
187664
187706
187708
187711
187720
187754
187759
187760
187761
187784
187802
187804
187846
187859
187860
187863
187873
187897
187931
187938
187940
187960
187967
187968
187969
187970
187971
187972
187973
187983
187986
187992
188029
188077
188079
188084
188105
188139
188152
188158
188197
188201
188222
188319
188352
188360
188372
188407
188433
188447
188487
188515
188519
188546
188595
188607
188620
188676
188677
188681
188685
188690
188752
188767
188795
188800
188802
188816
188825
188892
188901
188923
188974
188986
189004
189025
189055
189057
189088
189122
189156
189167
189173
189204
189211
189246
189266
189270
189271
189298
189299
189307
189308
189321
189332
189368
189375
189385
189393
189443
189445
189459
189481
189495
189560
189586
189596
189605
189608
189610
189634
189636
189651
189687
189689
189690
189692
189695
189724
189733
189740
189746
189769
189778
189792
189811
189831
189853
189867
189883
189891
189902
189904
189906
189933
189935
189945
189961
190001
190108
190109
190112
190142
190147
190180
190182
190194
190207
190228
190229
190273
190279
190295
190307
190315
190319
190321
190322
190325
190335
190378
190388
190401
190406
190418
190423
190427
190465
190474
190491
190515
190519
190521
190523
190528
190530
190531
190534
190544
190629
190669
190671
190694
190717
190723
190727
190729
190730
190733
190749
190757
190782
190893
190932
190956
190967
191017
191040
191043
191103
191110
191115
191139
191188
191199
191250
191260
191297
191311
191320
191354
191432
191462
191475
191537
191549
191576
191659
191663
191687
191714
191752
191866
191880
191886
191926
191987
192010
192064
192087
192133
192204
192218
192246
192277
192278
192346
192350
192355
192362
192381
192396
192464
192490
192515
192523
192551
192567
192587
192610
192624
192671
192709
192732
192769
192825
192863
192870
192879
192886
192932
192943
192973
192984
192998
193034
193037
193045
193053
193054
193090
193131
193145
193182
193205
193218
193293
193331
193351
193424
193435
193453
193523
193527
193545
193546
193547
193548
193549
193550
193552
193553
193554
193555
193556
193557
193558
193559
193560
193561
193562
193563
193564
193565
193566
193567
193568
193569
193570
193571
193572
193659
193660
193661
193662
193663
193664
193665
193667
193697
193709
193756
193775
193795
193837
193840
193877
193878
193879
193880
193881
193882
193883
193884
193885
193886
193887
193888
193889
193890
193891
193892
193893
193894
193895
193896
193897
193898
193899
193916
193926
193953
193954
193955
193956
193957
193958
193959
193975
193986
193989
194002
194006
194049
194057
194088
194150
194154
194171
194183
194206
194250
194253
194256
194257
194258
194262
194265
194266
194312
194355
194381
194426
194427
194452
194457
194517
194555
194586
194594
194613
194631
194638
194641
194654
194683
194710
194735
194760
194820
194837
194846
194851
194878
194885
194894
194899
194931
194936
194978
194994
195020
195038
195045
195097
195156
195205
195249
195263
195269
195275
195292
195414
195418
195450
195488
195501
195523
195619
195639
195655
195671
195679
195684
195693
195726
195856
195867
195919
195932
195936
195949
195983
196033
196063
196065
196072
196104
196108
196145
196146
196147
196148
196149
196150
196151
196152
196153
196154
196155
196156
196157
196158
196195
196196
196199
196200
196203
196204
196207
196208
196219
196222
196223
196224
196225
196228
196244
196246
196261
196263
196269
196272
196283
196329
196348
196390
196392
196415
196470
196493
196517
196535
196536
196542
196543
196546
196555
196586
196621
196636
196638
196661
196683
196725
196728
196754
196759
196770
196779
196810
196822
196830
196837
196842
196858
196869
196876
196948
196949
196950
196951
196962
196979
196981
197033
197049
197097
197131
197158
197159
197183
197189
197232
197266
197268
197293
197326
197336
197367
197374
197375
197381
197394
197424
197450
197479
197559
197609
197613
197630
197632
197645
197696
197747
197756
197822
197833
197836
197840
197893
197915
197960
197983
198034
198081
198098
198104
198152
198161
198164
198175
198177
198220
198253
198279
198369
198375
198421
198430
198482
198486
198519
198522
198536
198544
198578
198612
198618
198667
198681
198717
198723
198735
198740
198766
198774
198792
198856
198859
198860
198861
198872
198873
198919
198921
198932
198934
198944
199006
199008
199063
199079
199082
199112
199151
199156
199157
199158
199172
199192
199215
199227
199247
199266
199267
199273
199280
199282
199315
199316
199342
199349
199357
199421
199439
199446
199479
199482
199498
199513
199532
199587
199588
199686
199695
199701
199708
199721
199765
199774
199789
199834
199862
199877
199892
199899
199943
199972
